0.0000000000000 0.0000000000000
0.0000000000000 0.0000000000000
0.0000000029642 0.0000000000000
0.0000000029647 0.0567120859544
0.0000000029650 0.0000000000000
0.0000000029652 0.0000000000000
0.0000000029655 0.0421021577008
0.0000000029660 0.0000000000000
0.0000000029761 0.0000000000000
0.0000000029766 0.0477613659933
0.0000000029771 0.0000000000000
0.0000000029904 0.0000000000000
0.0000000029909 0.0266812076371
0.0000000029914 0.0000000000000
0.0000000029935 0.0000000000000
0.0000000029940 0.0551533283111
0.0000000029945 0.0000000000000
0.0000000029983 0.0000000000000
0.0000000029988 0.0220121445019
0.0000000029993 0.0000000000000
0.0000000030325 0.0000000000000
0.0000000030330 0.0801649076821
0.0000000030335 0.0000000000000
0.0000000030359 0.0000000000000
0.0000000030364 0.0443053107847
0.0000000030369 0.0000000000000
0.0000000030468 0.0000000000000
0.0000000030473 0.0545973730205
0.0000000030478 0.0000000000000
0.0000010033289 0.0000000000000
0.0000010033294 0.0667949039224
0.0000010033299 0.0000000000000
0.0000010033307 0.0000000000000
0.0000010033312 0.0450706705609
0.0000010033317 0.0000000000000
0.0000010033934 0.0000000000000
0.0000010033939 0.0978571033365
0.0000010033944 0.0000000000000
0.0000010034095 0.0000000000000
0.0000010034100 0.0447462297933
0.0000010034105 0.0000000000000
0.0000010034139 0.0000000000000
0.0000010034144 0.0269856211968
0.0000010034149 0.0000000000000
