0.0000000000000 0.0000000000000
0.0000000000000 0.0000000000000
0.0000000005562 0.0000000000000
0.0000000005567 0.0648142931724
0.0000000005572 0.0000000000000
0.0000000030334 0.0000000000000
0.0000000030339 0.0488239295343
0.0000000030344 0.0000000000000
0.0000000030357 0.0000000000000
0.0000000030362 0.0493231677722
0.0000000030367 0.0000000000000
0.0000000030737 0.0000000000000
0.0000000030742 0.0215528004621
0.0000000030747 0.0000000000000
0.0000000031412 0.0000000000000
0.0000000031417 0.0501274604405
0.0000000031422 0.0000000000000
