0.0000000000000 0.0000000000000
0.0000000000000 0.0000000000000
0.0000000005394 0.0000000000000
0.0000000005399 0.0703983593809
0.0000000005404 0.0000000000000
0.0000000005437 0.0000000000000
0.0000000005442 0.0364886114423
0.0000000005447 0.0000000000000
0.0000000005509 0.0000000000000
0.0000000005514 0.0546101904335
0.0000000005519 0.0000000000000
0.0000000005728 0.0000000000000
0.0000000005733 0.0356234360621
0.0000000005738 0.0000000000000
0.0000000005835 0.0000000000000
0.0000000005835 0.0000000000000
0.0000000005837 0.0000000000000
0.0000000005840 0.0533944588067
0.0000000005840 0.0380861417600
0.0000000005842 0.0352131186271
0.0000000005845 0.0000000000000
0.0000000005845 0.0000000000000
0.0000000005847 0.0000000000000
0.0000000005878 0.0000000000000
0.0000000005883 0.0578851996829
0.0000000005888 0.0000000000000
0.0000000006273 0.0000000000000
0.0000000006278 0.0139749856552
0.0000000006283 0.0000000000000
0.0000000006309 0.0000000000000
0.0000000006314 0.0601585281032
0.0000000006319 0.0000000000000
0.0000000006922 0.0000000000000
0.0000000006927 0.0611874459350
0.0000000006932 0.0000000000000
0.0000010007646 0.0000000000000
0.0000010007651 0.0301986262106
0.0000010007656 0.0000000000000
0.0000010007827 0.0000000000000
0.0000010007832 0.0622637881951
0.0000010007837 0.0000000000000
0.0000010007924 0.0000000000000
0.0000010007929 0.0610605535459
0.0000010007934 0.0000000000000
0.0000010008178 0.0000000000000
0.0000010008183 0.0284299834287
0.0000010008188 0.0000000000000
0.0000010008367 0.0000000000000
0.0000010008372 0.0484656828398
0.0000010008377 0.0000000000000
0.0000010008405 0.0000000000000
0.0000010008410 0.0303175077165
0.0000010008415 0.0000000000000
0.0000010008429 0.0000000000000
0.0000010008434 0.0309545331446
0.0000010008439 0.0000000000000
0.0000010008572 0.0000000000000
0.0000010008577 0.0598449821367
0.0000010008582 0.0000000000000
