Time-of-Flight [s]
2.253448499878933e-09
3.1045008987439246e-09
2.5910444317779042e-09
2.2268866356097855e-09
2.7402446363824923e-09
2.2678947590412226e-09
2.5856750014785024e-09
2.1012911325615796e-09
2.80574323462937e-09
2.3151613471024613e-09
1.949080136369008e-09
2.517031943943709e-09
2.3496164502881687e-09
2.4161285596645537e-09
1.885194317972154e-09
2.2835394790907994e-09
3.1042314310828238e-09
2.160877218862321e-09
1.9077733944506076e-09
2.2161465531884018e-09
2.585141656957882e-09
2.160828369028909e-09
2.915219010154069e-09
2.0901926242035092e-09
2.518534569561975e-09
1.826867244988055e-09
2.0987053057028857e-09
2.5907710382980286e-09
2.2837957701085318e-09
2.361222167585801e-09
2.1418059250661496e-09
2.0988259675079504e-09
2.1771737384397756e-09
1.9997468764257017e-09
4.233059110925381e-09
1.9937856174056493e-09
2.0530454443773894e-09
1.963527475581559e-09
2.2407630813239647e-09
1.8175212340403447e-09
2.1905566410207705e-09
2.0756175161525613e-09
1.9771271702551866e-09
1.8131612934498193e-09
2.3062818081204467e-09
2.3528090179668294e-09
2.1208426837101245e-09
2.1353000423398835e-09
2.493790167762606e-09
2.6063025969388204e-09
1.8518669217654194e-09
3.149438828925922e-09
2.590346621106506e-09
2.4378583194915892e-09
2.5405389204315957e-09
1.930146242880575e-09
2.6865332315611818e-09
2.4089770555069437e-09
2.2122811274138e-09
2.693116655220649e-09
2.767172858569671e-09
8.576442894764206e-10
2.821246749157855e-09
2.269485541620095e-09
2.5527215962524354e-09
3.5714563227255474e-09
2.4708002360269337e-09
2.4468459788293305e-09
2.797726521928793e-09
2.3468486549585573e-09
2.3486389870826458e-09
2.948004102022229e-09
2.819835001011627e-09
2.383896601903515e-09
2.1643783511856966e-09
2.4732371342985407e-09
3.059572898568455e-09
2.176225598137611e-09
2.41224803427067e-09
2.2730275825617874e-09
2.847720058908273e-09
2.5255285839384132e-09
2.0226228834700245e-09
2.0686284699225144e-09
2.5628020848067826e-09
3.2169169166321437e-09
2.1401498236897805e-09
2.102392170674327e-09
2.6541673450806557e-09
2.3903725672024673e-09
2.6806582908024245e-09
2.848020231785821e-09
2.9872562141487237e-09
2.5926374630611156e-09
3.059584836433973e-09
2.6024860598798313e-09
2.2741954213773485e-09
2.7029235193630225e-09
2.868423749121784e-09
4.034532798260571e-09
2.957393574538783e-09
2.327735046530363e-09
2.1334062419632203e-09
2.6558298417319595e-09
3.078744594537503e-09
2.0207448913370186e-09
2.225777433333977e-09
2.3056432597699664e-09
2.462193559267848e-09
2.101100182090609e-09
2.1851190189952144e-09
2.0595944021578128e-09
3.275629708110266e-09
2.925877306170395e-09
2.646262872756577e-09
2.5518808716271015e-09
2.157378399772372e-09
2.11705932217374e-09
2.1928489432263e-09
2.530039827354459e-09
2.849639023935844e-09
1.6063086000488603e-09
2.049911596019435e-09
2.641535634326231e-09
1.804282583094726e-09
2.7530386541426907e-09
2.8194842445190913e-09
2.6164638788092696e-09
2.2089124508196164e-09
3.217108169759845e-09
2.573057566573325e-09
2.5573480564103357e-09
2.2461208807602814e-09
2.542080110377442e-09
2.4459723374872268e-09
3.0069394762219197e-09
2.223655862036971e-09
2.121210556651435e-09
2.3768343270663163e-09
2.7518828574115816e-09
2.202333453056376e-09
2.374528574011466e-09
2.3460206816756316e-09
2.330838816795794e-09
2.6666154343251564e-09
1.8755554095212495e-09
2.6259189038154752e-09
2.4732053814592505e-09
2.3794746437967584e-09
2.4748004973985417e-09
3.0864560668537877e-09
2.4150137386299945e-09
2.166642195679507e-09
2.0528608176697497e-09
2.0571908345920226e-09
1.9008874015591284e-09
2.111598294899904e-09
2.1356029977477684e-09
1.8240535921976164e-09
2.1782347569274715e-09
2.9416932022892014e-09
2.298458427383264e-09
2.392278267246851e-09
2.418280517431674e-09
2.504497172774482e-09
2.8954585936454176e-09
2.277116820949797e-09
2.280639629784805e-09
2.598856576284652e-09
2.4762386738807433e-09
2.072612778695722e-09
2.3964576720074925e-09
2.508014285834692e-09
1.9110559798052665e-09
2.175300454359836e-09
3.0153146042869415e-09
2.3980701271313423e-09
2.5261333202108646e-09
2.921198223799267e-09
2.130814018882609e-09
1.897517157018868e-09
2.2484225743182526e-09
2.797711385531341e-09
2.497065864249127e-09
2.4974137810942e-09
2.3095831707894716e-09
2.574683651609261e-09
2.4735140094738883e-09
2.318252239941242e-09
3.147805315343276e-09
2.37291736601827e-09
2.111783170425166e-09
2.2483590147819293e-09
2.904793944171879e-09
2.2585842674740196e-09
2.68641973995439e-09
2.226505160362463e-09
2.6704139471532204e-09
2.5509702739122484e-09
3.1191629704184053e-09
2.292842062452628e-09
2.3833181319059173e-09
2.865295547756306e-09
2.069519987481618e-09
2.039428645438709e-09
2.2065357317181417e-09
2.816091420004916e-09
2.1399584801938282e-09
2.1031267570027247e-09
2.336985853370211e-09
2.26426297481562e-09
2.846794317965494e-09
2.760831837775833e-09
2.14519611584996e-09
2.5173436880756694e-09
3.076511067412859e-09
2.032206946966193e-09
2.3754388756307056e-09
1.8721382524203474e-09
2.8539240602915364e-09
2.322298962669205e-09
1.942588367942477e-09
2.700251175300405e-09
1.9612687507310645e-09
2.5858211127069517e-09
2.5993892294976385e-09
2.1757805441233527e-09
2.382868046380427e-09
2.4849728235147497e-09
2.2020220533873047e-09
2.314004805993716e-09
2.1654226137896027e-09
1.2956357846132232e-09
2.1948696798045845e-09
2.4592177899380053e-09
2.0698332981112285e-09
2.123597807584393e-09
2.613327354213449e-09
2.825977162945314e-09
1.9750019679583286e-09
2.3264531523567618e-09
2.646176092591275e-09
2.5637903997596627e-09
2.0456811259056754e-09
2.2245505035484517e-09
2.423735377817763e-09
2.367334617941509e-09
2.1646795931814546e-09
2.5356142764327953e-09
2.7977208022066796e-09
1.84921229267861e-09
1.7977841944619675e-09
2.7515599889164043e-09
2.1248324872606e-09
2.660944628648989e-09
2.223914377359835e-09
3.0228706421678297e-09
2.4028702514050995e-09
1.5110195357849292e-09
1.978359647110406e-09
2.43193543303594e-09
2.0948040794404113e-09
2.4713208343889875e-09
2.938246840440955e-09
2.29379033117854e-09
2.148854618712597e-09
2.255842550410135e-09
3.1520469813352443e-09
3.043217170557895e-09
2.5412222133449486e-09
2.364251485125618e-09
2.0865315282308193e-09
2.8338552180871487e-09
2.1756943258187215e-09
2.290737140611416e-09
2.207468996278609e-09
2.5069844523353986e-09
2.038277870433907e-09
2.251108866696029e-09
3.001227866813831e-09
2.289907041004742e-09
2.1793868896515488e-09
3.015923376163167e-09
1.9314991047542085e-09
2.2514561621306273e-09
1.5536788622685406e-09
2.412955735664902e-09
2.2831751363659725e-09
2.2617539767607296e-09
2.3673757382062545e-09
2.8387225436510115e-09
2.3707453377817475e-09
2.8033898310923268e-09
2.207345751277165e-09
2.6855524743580293e-09
2.071178991714436e-09
2.301587596995492e-09
2.608817830707967e-09
2.41014169597353e-09
2.230822015666673e-09
2.0499576699768013e-09
2.736699514737078e-09
2.841886070383253e-09
3.127103237324843e-09
2.3271752102411655e-09
2.382020807001079e-09
2.3184818904683525e-09
2.828825095501329e-09
1.9607540545081396e-09
2.43357190789998e-09
2.2357251077591636e-09
1.703211157831272e-09
2.6232154042276495e-09
2.5357844971496575e-09
2.796105811513419e-09
2.0399804596211643e-09
2.1795714711682866e-09
2.308558482669743e-09
2.278202814115851e-09
2.0524618520598517e-09
2.8743427278078715e-09
2.5896818489005817e-09
2.163044008338978e-09
1.81141639849728e-09
2.419412061752807e-09
2.8641546269024196e-09
2.699456958475937e-09
2.3859299692744786e-09
2.3996808255766222e-09
2.5799679060343507e-09
2.2302761088681747e-09
2.071302561597061e-09
2.357327678437042e-09
1.8368656724788643e-09
2.3355904008775033e-09
2.1475456743317613e-09
2.3379982930140514e-09
2.401240963663051e-09
2.1152990772291443e-09
2.5240214778800805e-09
1.7796218275065168e-09
2.2541647129079544e-09
3.0271930606760172e-09
2.2917787579788615e-09
2.268250924597221e-09
2.729166572910339e-09
2.5064812852202203e-09
3.141787380386493e-09
2.0696814400115657e-09
1.9032780498124888e-09
2.4495342184206563e-09
2.7689411250518027e-09
2.2932373122848404e-09
2.7796531234516517e-09
2.065709788770173e-09
2.0158647495954578e-09
2.6862370194435763e-09
2.1921000551328347e-09
2.399541200719807e-09
2.2890752352975295e-09
2.7048505169056762e-09
2.7892471962751714e-09
2.096829455238477e-09
2.161789367037103e-09
2.584624497932453e-09
2.328812845689421e-09
2.5781534159071903e-09
2.9607044092858775e-09
2.6681253096120204e-09
1.8405294769274945e-09
2.2922233387659766e-09
2.057536505702031e-09
2.7635942533433926e-09
2.578886324324306e-09
2.2394202137750348e-09
3.2248576603706967e-09
2.012041542816083e-09
2.9829758537401607e-09
2.227089534979302e-09
2.7984245964344373e-09
2.276130232317826e-09
2.267607161613762e-09
2.922995835338057e-09
2.183720382092306e-09
2.775595270385501e-09
2.4337672624289743e-09
2.9349004440387856e-09
3.434534307455127e-09
3.1049936496723926e-09
2.106098593267214e-09
2.7878858866099178e-09
2.7024513072227557e-09
2.8509468283323056e-09
2.667027103287964e-09
3.185044085787271e-09
2.280007709650096e-09
1.7576991865036334e-09
1.974481673864062e-09
2.0493230401498128e-09
2.0826513178417126e-09
2.4042197733532833e-09
2.032459635000535e-09
2.4303237246563365e-09
3.0148700987434572e-09
2.355606120156995e-09
2.2892357083321296e-09
2.6942300334091215e-09
2.6353877594737993e-09
2.2021421407312364e-09
2.4301049110280956e-09
1.8308919677123385e-09
2.2580632001267635e-09
2.218186259293157e-09
2.1385063868925407e-09
2.6386494975214232e-09
2.385807875207851e-09
1.800777860324048e-09
1.9488857662549285e-09
2.24520590709704e-09
2.296033361646934e-09
2.91261254443129e-09
2.838892803019681e-09
2.4695634060390055e-09
2.2715223330777023e-09
2.611680940468094e-09
3.1586052460629704e-09
2.4949743445833346e-09
2.1734287169485056e-09
2.463536238612833e-09
2.203765013682711e-09
2.3916611006100444e-09
2.6738048736901776e-09
3.835752858676218e-09
2.524011310232107e-09
1.941420333252241e-09
2.51405487080485e-09
2.5566763709925465e-09
1.399310439709981e-09
2.3266439845700745e-09
2.561171956049109e-09
2.426462309996092e-09
2.928474457126063e-09
2.432535211563565e-09
1.9588664626458106e-09
2.6533673147641386e-09
2.0703137368523195e-09
2.4129079822512653e-09
2.6068904139314383e-09
2.527151699168416e-09
2.657211727887486e-09
2.374939968210338e-09
2.1717773330035516e-09
2.690053763890112e-09
2.806410842810022e-09
2.1714522583466886e-09
2.4209268145941945e-09
2.477008159999447e-09
2.8193389596661497e-09
2.203299680344443e-09
1.9406887015916037e-09
3.274189385219471e-09
2.6707356072237613e-09
2.185883695674396e-09
2.3598571039450643e-09
2.7052114392979096e-09
2.760984326691425e-09
2.2676484311731464e-09
1.6753738299023907e-09
2.611464513873566e-09
2.2511531931092288e-09
2.0412234787636416e-09
1.929717866945048e-09
1.9451657717276666e-09
2.3767249799104204e-09
2.679451627587981e-09
2.473657252232038e-09
2.508858289737917e-09
2.463983573165046e-09
1.9716601439619813e-09
2.1274541862339666e-09
2.7013445412851778e-09
2.1615318070589834e-09
2.4283935251123018e-09
2.4133065166468542e-09
2.506619241381472e-09
2.750888355431899e-09
2.40996768363904e-09
2.163113731537547e-09
3.3003897980440206e-09
2.2023457229994672e-09
1.998413427469793e-09
2.4168438784565732e-09
2.4853694570057747e-09
2.1810090893676845e-09
2.165421022397654e-09
2.318603304252327e-09
2.286450705634921e-09
2.3113310739083723e-09
2.163578069632431e-09
5.1536108154441596e-09
2.11177075565977e-09
2.1069881931843823e-09
2.073664033021283e-09
3.2341396664697583e-09
2.6498831267283973e-09
2.333342124117427e-09
2.4000098658655614e-09
2.2489280185290436e-09
2.9830765196350514e-09
1.8102902232808304e-09
2.3258344367203115e-09
2.164353071439952e-09
1.9841144129149196e-09
2.55193362904034e-09
2.264590998339762e-09
2.2625292127017096e-09
2.191581236258254e-09
2.2522336948996996e-09
2.179108842047077e-09
2.381769252960894e-09
2.414809472826504e-09
1.961441021321869e-09
2.7076085821120185e-09
2.5998394256659604e-09
1.9074229546094806e-09
2.1699604918924004e-09
2.3052620225054443e-09
2.2392533331055953e-09
1.8339483703368187e-09
2.6519590706373594e-09
3.0869209818526477e-09
2.307545617910231e-09
2.508883397583407e-09
2.4776396383759808e-09
3.537775691213156e-09
3.116514356153212e-09
2.0165542781620804e-09
1.9465801800316873e-09
2.1616823222929404e-09
2.6850144021128494e-09
1.9276661019371547e-09
2.5942589114251458e-09
2.6407432975354347e-09
2.0197318475892803e-09
2.7320983060543508e-09
3.837373665138352e-09
2.56777386614844e-09
2.673576317041744e-09
2.5028263591405503e-09
2.4311418010030186e-09
2.134372848274814e-09
2.9377966710795317e-09
2.0273334816467425e-09
2.475563062810833e-09
2.0084625447155946e-09
2.3091155887345824e-09
2.6645482124974113e-09
3.016653798938382e-09
2.0768698181595005e-09
2.2349300382367918e-09
2.3729671914506784e-09
2.312650653770419e-09
2.9314508325113675e-09
2.6260517539808056e-09
1.812236896246884e-09
2.3264261944828946e-09
2.1796560904915538e-09
2.4777799471475265e-09
3.803226241425907e-09
2.1931791454547073e-09
2.406843462162897e-09
2.626557668410079e-09
1.926723010086881e-09
3.047261984303988e-09
2.469350088773678e-09
3.285680699738336e-09
2.0045465086004216e-09
2.5567038393087965e-09
2.4589213680611607e-09
2.722018864649567e-09
2.345555067772946e-09
2.2106974551742292e-09
2.4850535243958402e-09
3.2927633841122253e-09
2.5290267430169017e-09
2.2087956043186086e-09
2.1991678532482656e-09
2.3208072203384153e-09
2.0545255484958128e-09
2.8403556933754084e-09
2.9125214516621117e-09
1.4912794143008903e-09
1.7755325856490603e-09
2.5317274769676157e-09
2.2034886878454993e-09
3.2277548768543454e-09
2.0755253402450838e-09
1.9077668389272037e-09
1.8495458556627015e-09
2.6196913838509236e-09
2.179275181970683e-09
3.0174448778378174e-09
2.395362486595949e-09
1.9383678236725016e-09
1.854639688353421e-09
1.9948682174458082e-09
2.6851714281976927e-09
2.930842867444189e-09
2.2735502829343557e-09
2.022701160969524e-09
2.4442156610314514e-09
1.5155271292479136e-09
2.2924654810097325e-09
2.114121884283157e-09
2.1228222973944735e-09
2.098609530620278e-09
2.5127532203399194e-09
4.387729026465725e-09
2.303400722437378e-09
2.2010111754011685e-09
2.1469019670762937e-09
2.2046906178940437e-09
3.3011452490842863e-09
2.420448238539541e-09
2.776520574977563e-09
3.4617155314151105e-09
2.243965564470256e-09
2.044685532974662e-09
2.4426749528237354e-09
3.145164225305634e-09
1.9871889960377392e-09
2.2238104638999667e-09
2.3904527669382086e-09
2.368263206744582e-09
2.7399415632395688e-09
2.526414445702674e-09
3.373067104708166e-09
2.1233834976777666e-09
2.4739835178307773e-09
2.382836682851032e-09
2.458313865080948e-09
2.2841413702947774e-09
1.9244093549600216e-09
2.4469154382821684e-09
2.7704191178559018e-09
2.3233996930159193e-09
2.300010694920862e-09
2.127235081876913e-09
2.70394944965318e-09
2.233366247147983e-09
2.3004322562527116e-09
2.52379000825146e-09
3.0708613015743152e-09
2.176028076478209e-09
2.799332547015476e-09
2.7555093804572037e-09
1.9413118146436453e-09
2.0952435573215814e-09
1.9687914213414176e-09
2.3571558978785143e-09
2.8123216958345076e-09
2.140574994818553e-09
2.5453541454461062e-09
1.955990617955386e-09
2.0362044935362186e-09
4.869306149046446e-09
2.8045114069605304e-09
2.568544062988773e-09
2.8124277336259024e-09
2.2458439576360928e-09
2.5406692825968857e-09
2.2009572118401183e-09
2.3843653873143952e-09
2.5382188046253057e-09
2.4756119529562373e-09
1.93778695607022e-09
2.4756489523311553e-09
2.5517507256517247e-09
2.3699374234993978e-09
2.1555320173097595e-09
2.044946940948922e-09
2.568288861313009e-09
2.2350133019278726e-09
2.9030322108887507e-09
2.0518022259517765e-09
2.7699291938907897e-09
2.478569618102021e-09
2.3984538334359193e-09
1.9170647061993173e-09
2.210462992442881e-09
2.7943518148259433e-09
2.251064463196055e-09
1.957558855465724e-09
2.15024708444516e-09
1.940086067058616e-09
3.031737779877683e-09
2.0405025584783673e-09
1.9891289799100695e-09
1.953202161640577e-09
2.373354555744965e-09
2.1667539853260573e-09
2.3068269163362826e-09
2.140629068426124e-09
2.296103283633971e-09
2.0975157603636205e-09
2.1517846019543027e-09
2.5974713167018285e-09
2.159193701980512e-09
1.7970769077479617e-09
2.5566921249380037e-09
1.9479846855583252e-09
2.3630896701237747e-09
2.2969603139010378e-09
2.809652888927268e-09
2.24019407483924e-09
2.76078571310491e-09
2.3895814733410417e-09
2.7114881684343548e-09
1.3405196237986985e-09
2.3709258686107487e-09
2.3559983881350777e-09
2.5441991315360707e-09
2.188404061589065e-09
2.179662866863552e-09
2.139259470739993e-09
2.0810128610561016e-09
1.8680412404653915e-09
2.2888544083058543e-09
1.3335296064013319e-09
2.3063267885108443e-09
2.409121327450782e-09
2.3215071000542292e-09
2.3321221584741633e-09
2.616888603165432e-09
2.276053825229704e-09
1.5841713491135043e-09
2.428979204403825e-09
2.11098220989029e-09
2.567036433572499e-09
2.966299431019122e-09
2.075187197211545e-09
2.699473286723285e-09
2.798463942781798e-09
2.2279892579295246e-09
1.7722563622809412e-09
2.1143349765223238e-09
2.896993137133791e-09
2.7846757407563524e-09
2.7359795650837987e-09
2.337057790455406e-09
2.5088090797528717e-09
3.381208176834495e-09
2.209570119319354e-09
2.620155157076476e-09
2.4353982439658667e-09
1.956110458833059e-09
2.3102848217392696e-09
2.3821711825355862e-09
3.024593295546281e-09
2.7096395995018785e-09
2.2084711794783177e-09
2.1930374572527375e-09
1.733015669662906e-09
2.108246158812749e-09
2.316039887325684e-09
1.6746234237632537e-09
2.6582550221362217e-09
2.2580858975197737e-09
2.1043327176270554e-09
2.1542835813848082e-09
2.3177125924858308e-09
2.3072538468541307e-09
2.3317284790274825e-09
2.3944600272820735e-09
2.551594754929276e-09
2.4271032674980098e-09
2.172214963024749e-09
2.212907839393638e-09
2.2716973084547717e-09
1.9687147165313792e-09
2.5038075137512328e-09
3.1219489029545022e-09
3.0135716752978728e-09
2.011981247948026e-09
5.0393289974942634e-09
2.2396477714937968e-09
2.028227721840789e-09
2.5140078794769205e-09
2.449595393172986e-09
1.9701974145018564e-09
2.2132196522521574e-09
2.8387786629854514e-09
2.3305665279582666e-09
2.614722162093755e-09
2.0674350659178817e-09
1.8214059440378738e-09
1.919141182451546e-09
2.028021764410859e-09
2.380156853510826e-09
2.174739010944206e-09
2.6043735475503316e-09
2.3610642335561774e-09
2.3179082496698616e-09
2.668388329849121e-09
2.1715255249347976e-09
2.901684078887752e-09
2.324660646597053e-09
2.472132923283382e-09
2.6048537787480217e-09
2.169262427564704e-09
2.260825902140537e-09
2.8838184210414064e-09
2.025399993338048e-09
2.416072532036677e-09
2.0608362585883278e-09
2.237970794793931e-09
2.3701079772831674e-09
2.422815264060442e-09
2.7341437576445735e-09
2.4409308474210994e-09
2.2680115095013997e-09
3.191974066356698e-09
3.419219366733277e-09
2.4332149629576263e-09
2.6423900835416056e-09
2.0178758668339125e-09
2.670858600473461e-09
2.330993299532076e-09
2.8627471458913395e-09
1.976045887466457e-09
2.3724045813793004e-09
2.1229155907145913e-09
2.228542079173168e-09
2.488210030376914e-09
2.3363531015440156e-09
2.541114919505337e-09
2.1456427443155082e-09
1.9266125208866267e-09
2.562570904605932e-09
2.1658797379284916e-09
2.1154956373909545e-09
1.931051286322566e-09
2.250414662236487e-09
2.2727939237663503e-09
3.740638122601975e-09
3.286841538524543e-09
2.831616186210577e-09
2.8305370265539753e-09
2.9569161122443635e-09
2.659003850435937e-09
1.9768433532924706e-09
2.208004777929859e-09
2.83696163707204e-09
1.7353672261124706e-09
2.0893567968414614e-09
1.8594158997893226e-09
2.1446566282872642e-09
3.078492463769525e-09
2.4016577056078237e-09
2.4581694416537375e-09
2.0258610116058798e-09
2.0062787556502162e-09
2.251993527530201e-09
2.3928188892102797e-09
2.5614474338233814e-09
2.187740404634153e-09
2.497280637055871e-09
2.5709992422778133e-09
2.5793773693544644e-09
1.6497491591143526e-09
2.2604206358252388e-09
2.463200514325921e-09
3.558580833652736e-09
2.991337333217714e-09
2.3075707337788173e-09
2.563432858343484e-09
1.9845397616902183e-09
3.1545251631117863e-09
2.5211419927640213e-09
2.2406172570533373e-09
2.494697324260421e-09
1.8755803032639157e-09
2.113770524933556e-09
2.368327853491739e-09
1.893719475177559e-09
2.393650127933966e-09
2.1364580270926206e-09
2.3550587505529255e-09
2.448351526726511e-09
2.3485584378949917e-09
2.56073190972074e-09
2.1926773230212734e-09
2.258659891930803e-09
2.672549523482712e-09
2.8324248459903403e-09
2.1815002972450093e-09
2.255032077844339e-09
3.0401778901420137e-09
1.9985902399190236e-09
1.5655636871527573e-09
1.992034109497484e-09
2.238633198085871e-09
1.915621620530994e-09
2.2894293377328373e-09
2.1453174147085044e-09
2.218380635546531e-09
2.191956070211193e-09
2.2757647471149597e-09
2.5494217713480094e-09
2.3116943888637498e-09
2.66637687005699e-09
2.3247170171953463e-09
2.6883179484599173e-09
1.8405034944019016e-09
2.349866238225695e-09
1.89177991609564e-09
2.1873216638542553e-09
2.042934210797105e-09
1.8293425634984678e-09
2.3267485982619157e-09
2.1401463249151598e-09
2.2478098089459553e-09
2.2754912069183897e-09
2.7721996202507287e-09
2.0851486664695204e-09
2.0637070344709657e-09
1.6648718113767419e-09
1.8754639824654362e-09
2.2813372105041224e-09
2.209773576795915e-09
2.078440255732887e-09
2.0205935227952943e-09
2.231547917373039e-09
2.1884389070879473e-09
2.041071960751095e-09
2.4744165173871263e-09
2.092178630645411e-09
2.214189611391207e-09
4.319732927913697e-09
3.007251836006225e-09
2.2033188257827158e-09
1.835404532350704e-09
2.374942101703373e-09
2.265984032140053e-09
2.002503164590802e-09
4.890686455642779e-09
1.7092570165234272e-09
1.793463678349122e-09
1.936848935141927e-09
2.694083996038557e-09
1.9594310664023534e-09
2.699992251043587e-09
2.369959108301789e-09
2.4130755549127414e-09
3.790087528543484e-09
2.0387276994642684e-09
1.3530565925491678e-09
2.1910825051020544e-09
2.46253353429135e-09
2.3095689015775744e-09
2.4084739951111406e-09
2.3906531418111526e-09
2.1119347657413273e-09
2.185257950721581e-09
2.4841077814544144e-09
2.7961642977154116e-09
2.2014229148371173e-09
2.1496121709908833e-09
2.270812884085094e-09
2.1098175721680906e-09
1.9852798792928394e-09
2.216442298577301e-09
2.3274543269231895e-09
2.221047956879954e-09
3.065124377834433e-09
2.3363595454996278e-09
1.927871539925824e-09
2.5337651996058114e-09
1.893880769007414e-09
2.373169903212985e-09
2.3406040257009653e-09
3.0110700664602585e-09
1.8762363813203814e-09
2.4306008150187103e-09
2.549481243306617e-09
2.38181090258735e-09
2.7329210604623566e-09
2.5700573971516177e-09
1.6544274704551054e-09
2.957340399910996e-09
2.100461227909703e-09
2.525392709838356e-09
2.862784993003936e-09
2.4006652839681647e-09
2.5307539642475257e-09
2.931695599174902e-09
2.26831476388481e-09
2.4009416562092295e-09
2.3813466025479624e-09
3.0837604735392543e-09
2.1068366385258025e-09
1.986918327784304e-09
1.980437575217764e-09
2.174462948676542e-09
1.9894306592729838e-09
2.4085156922256518e-09
2.241020653119888e-09
2.5178183158183765e-09
2.4828957646393784e-09
2.261493536057438e-09
2.265253150638899e-09
2.3553992157306775e-09
3.0100285272095795e-09
2.4702438477988004e-09
2.5831480032247056e-09
2.226360907913935e-09
2.823546869619789e-09
1.942823909563407e-09
2.6829011920068147e-09
2.740461094597607e-09
2.0168314895756267e-09
2.28868247465798e-09
2.2511016429822145e-09
2.4172165582082156e-09
3.017607781057377e-09
2.039670785785111e-09
2.9987759276629833e-09
2.168262411630928e-09
2.9931358938670855e-09
6.1958155741365095e-09
2.271357932249682e-09
2.8443392953436675e-09
2.221926942999955e-09
3.2794109669585098e-09
2.1173693143857614e-09
2.337028242151498e-09
2.4316539875418597e-09
2.2588270405608096e-09
2.7228877956617797e-09
2.6710556056460527e-09
3.1799055487304745e-09
2.3220985705032365e-09
2.6280526461627818e-09
2.3669168896980203e-09
1.9998365071143692e-09
2.013091154927718e-09
2.4424238096419637e-09
2.255710834699748e-09
2.6063368277831622e-09
2.3164629134146686e-09
2.2708979941724744e-09
1.8714485865937297e-09
3.136863717563554e-09
2.668318761908303e-09
2.635658005647329e-09
2.6907478541289553e-09
2.296350316496887e-09
2.0673697107530253e-09
1.8607897867960882e-09
2.67637634515476e-09
2.4885916144641584e-09
2.1103199676023726e-09
2.2930551682714267e-09
2.5695507681246926e-09
3.1142251973818175e-09
2.08805189718525e-09
2.4930882282659522e-09
1.7446833879952023e-09
2.3101509247225316e-09
2.4941678314696625e-09
2.2847545422428894e-09
2.520106295303068e-09
2.1135781163444944e-09
2.5057029211933424e-09
2.489216373389308e-09
2.6145915126962044e-09
2.2573025150463e-09
2.7989954776673487e-09
2.1123375052150423e-09
1.5175858957081761e-09
3.7195319075190164e-09
2.9113004240428203e-09
2.7952663142049444e-09
1.9320056678616415e-09
2.324617890108599e-09
2.976859136147661e-09
2.3333851528490462e-09
2.4818871189984104e-09
2.0277605363057394e-09
1.9594120742160576e-09
3.06139939722401e-09
2.2198479879362992e-09
2.5575484041782254e-09
2.1275291420090603e-09
2.1619075887130412e-09
2.076172166912832e-09
2.4936053087849797e-09
1.794181967492564e-09
2.412411709198231e-09
2.2151407281807006e-09
1.9241171444767807e-09
2.5016973013557847e-09
2.1483066287280445e-09
2.408015044091591e-09
1.889262464787461e-09
2.5267554418142296e-09
2.716937158543306e-09
3.0458744489265943e-09
2.0301861804097182e-09
2.5572625967761747e-09
2.650628414891179e-09
4.70324681674586e-09
2.596310947917263e-09
2.252649081374916e-09
2.4224180534757056e-09
1.8529094853499822e-09
2.491079893144482e-09
2.3719023392512056e-09
2.2022928821297666e-09
2.2468874406444267e-09
3.3444747481441855e-09
2.4112916318600602e-09
1.7339872437210913e-09
2.6891702020574726e-09
2.380438649798519e-09
2.843999993623267e-09
2.2925235520707132e-09
2.3968079708447387e-09
1.8126407931064181e-09
1.9671482184065864e-09
2.4294028733162776e-09
2.6864940098902945e-09
2.2836817608392485e-09
2.5739913254215624e-09
2.6898556689317066e-09
2.2357095604084304e-09
2.193904433773694e-09
2.7086985271949915e-09
2.0801887467333108e-09
2.3967457712503054e-09
2.2494297880534114e-09
2.314831314045168e-09
2.3115298772302673e-09
1.951255978625485e-09
2.119962144199461e-09
2.6805704721882817e-09
3.1579627519755238e-09
2.4327708961907613e-09
2.3618445890456058e-09
2.2037722393480896e-09
2.1294360565225073e-09
2.112562439218757e-09
2.1849075825496056e-09
2.4768610426550985e-09
2.2237429319824087e-09
2.2687291596160813e-09
2.296250457573673e-09
3.0071952241729483e-09
2.117060042246613e-09
3.2149969969239023e-09
2.1096700447784805e-09
2.0765122989152562e-09
2.770654837285988e-09
2.8921147505935746e-09
2.569099806590952e-09
2.3031686007153607e-09
1.8488021200774307e-09
2.149241548404443e-09
2.03299023882747e-09
2.5003241651590236e-09
3.289916150703981e-09
2.372310356404256e-09
2.807203001520611e-09
2.4629656671364825e-09
2.0225524089735603e-09
2.755848971984845e-09
2.3355460644896436e-09
2.3039680614733715e-09
2.4667918862089633e-09
2.017057828271676e-09
2.5141149665591778e-09
2.2782475346365405e-09
2.176403397996865e-09
3.050042346290638e-09
2.293730457523027e-09
2.786095516403228e-09
2.727708216850727e-09
2.4368382557041907e-09
1.952703916315371e-09
1.9874985197117917e-09
2.2263852224486957e-09
1.8784919507495307e-09
2.4859474259935482e-09
2.6497775356282977e-09
2.3418416498534322e-09
2.2160596205300642e-09
2.076029301375723e-09
2.0483126841799176e-09
2.3220561174829707e-09
2.0836211430275836e-09
1.679439299434593e-09
2.150603066941245e-09
2.5482526733264926e-09
1.989530767996378e-09
2.290938366962536e-09
2.638458093716725e-09
2.6354186485021136e-09
1.8742897550834414e-09
2.1779902961444747e-09
2.4845945886635412e-09
2.4512009366706167e-09
2.372330316999932e-09
2.4133634062527276e-09
2.5262310138739197e-09
2.8271449302712942e-09
2.0093784095388117e-09
2.561778308365556e-09
2.9876260419607614e-09
2.408538177494507e-09
1.6650608110173326e-09
2.3152747650936195e-09
2.6356380814808456e-09
2.1213569976162583e-09
2.3961300866636587e-09
2.610051615592121e-09
2.1679055061535335e-09
1.7899679145578357e-09
3.031162235708068e-09
2.680088245516493e-09
2.5801527810988267e-09
2.4091722703161594e-09
2.3516453723573805e-09
2.9720191991027683e-09
1.9828008865872826e-09
2.4657453398958112e-09
2.3129251753867958e-09
1.9047974050920985e-09
2.270456395158174e-09
2.589876178316422e-09
2.237779151001082e-09
2.1042723997739127e-09
2.24110456126074e-09
1.8949917988952958e-09
2.2740391551149403e-09
2.514614379786964e-09
2.664035154585284e-09
3.3163766771822367e-09
2.7918553564907495e-09
2.597384826316662e-09
2.4361914449742145e-09
2.546820615728987e-09
3.200235896162057e-09
2.4184456215003286e-09
2.4013180653995048e-09
2.7829431127179144e-09
2.136604752064203e-09
2.7320010104019132e-09
1.916397617636109e-09
2.7995062318666997e-09
2.2527230603922727e-09
2.3626263864155034e-09
2.5694744895145283e-09
2.182656789031026e-09
2.4195604675630172e-09
1.7735622150592822e-09
2.2404659130552396e-09
2.3164028444943446e-09
2.416826457062385e-09
2.382885545999802e-09
2.0658845864465064e-09
3.1563989267343467e-09
1.9100646615581585e-09
2.816554719488329e-09
2.2840287903190537e-09
2.1466215157413954e-09
2.9454715071066534e-09
2.17192544851863e-09
2.2024302351493497e-09
3.115643332088705e-09
1.9386186898406182e-09
2.9974777384592782e-09
2.0973074240857037e-09
2.7359343067988318e-09
1.909727864778457e-09
2.101630179780767e-09
2.043793606793312e-09
2.2446095618040146e-09
3.0720825182784656e-09
2.191468958558096e-09
2.5346909911672794e-09
2.801611437416515e-09
2.544954859915252e-09
2.7868076112828183e-09
2.716724985816002e-09
2.259195693802424e-09
2.288958340142949e-09
2.606048408971759e-09
2.341559855517303e-09
2.105553284677264e-09
2.823908165682301e-09
2.0374268364011655e-09
2.7621394548763695e-09
2.0290017877649946e-09
2.161381700786086e-09
2.647827657218521e-09
2.185361449094647e-09
3.1601670950204275e-09
2.1010733476396065e-09
2.358793855985336e-09
2.4212862075566333e-09
2.2320780078844554e-09
2.69505118222213e-09
2.692893713790792e-09
2.2044075106975036e-09
2.0186383890407472e-09
2.3234380350668077e-09
2.3858137609619745e-09
2.342994469446691e-09
2.2183120997661815e-09
2.6499158082681634e-09
2.893396958006736e-09
2.144677553822874e-09
2.6567449646491825e-09
2.315414715427927e-09
2.97797635292682e-09
2.4557573015046574e-09
2.261569739207131e-09
3.0209198367651957e-09
2.4428233589592063e-09
2.655840359916048e-09
2.439101180360878e-09
2.088286526992153e-09
2.097757586996124e-09
2.217511129581906e-09
1.8051463236516685e-09
2.0822182203276973e-09
2.208826424066404e-09
2.326988632166127e-09
1.9136104990099406e-09
2.2791429644172106e-09
1.8744557258362077e-09
1.851263910831319e-09
2.0682656815505795e-09
2.116083958449491e-09
2.1385397723505672e-09
2.2986092428328025e-09
2.5435403293132264e-09
2.7474397995379263e-09
2.071033341349837e-09
2.187161555599476e-09
2.7539121720890347e-09
2.2985811932215577e-09
2.4819793689907776e-09
2.39277288586158e-09
2.7406683023294826e-09
1.96829061513068e-09
2.0473960571625732e-09
2.05583436385659e-09
2.3361021244620167e-09
2.333882103420018e-09
2.171065153176721e-09
2.6657070236087155e-09
3.033185529133231e-09
2.8381561146401113e-09
1.5900663166788093e-09
2.9295052976323344e-09
2.3797558515795125e-09
2.202367445098413e-09
3.0355882807420187e-09
2.3062283638786846e-09
2.26895598707047e-09
1.6775781016067914e-09
3.1326692013014523e-09
1.873822572150477e-09
2.374198091164431e-09
2.468893336516134e-09
2.3461788824664237e-09
2.5785378244495144e-09
2.1331196806747416e-09
2.7250455789454286e-09
2.1983351410938268e-09
1.8045197575783378e-09
2.4470371670810842e-09
2.5509696807181348e-09
2.0802392191633656e-09
2.419481020480424e-09
2.498161635021423e-09
2.1624905041563863e-09
2.7575510386408653e-09
2.156302018885281e-09
2.2296611831146285e-09
2.558055246576138e-09
2.1841193476208887e-09
2.5671186086161785e-09
2.4835525224906063e-09
2.3840556046244438e-09
2.0416014347851563e-09
2.347126065987276e-09
2.6878613245719107e-09
2.238319750033635e-09
2.7177996929795417e-09
2.7910065760264335e-09
2.227903188106381e-09
2.8952866981072495e-09
2.6654794508737534e-09
3.0532193136603714e-09
2.3464552263013916e-09
2.1777467088760633e-09
2.8294154211412625e-09
2.113948226103307e-09
2.124167670534624e-09
1.876908132820293e-09
2.6194926538210955e-09
2.436606791550791e-09
2.7767910152232816e-09
2.3591172975626767e-09
2.0595072886681054e-09
2.226856827408641e-09
2.2725022527821104e-09
2.822758467507097e-09
2.086194754924095e-09
2.9724074868120454e-09
2.4206869122037067e-09
3.940949285224232e-09
2.81130134232796e-09
2.958072392719377e-09
2.6071583533564258e-09
2.632347565834428e-09
2.184032700785349e-09
2.444785576240227e-09
3.1341553293623425e-09
2.3704546240396057e-09
2.1327299477239686e-09
2.820790361707237e-09
3.0143641250625353e-09
2.4005004091269544e-09
1.6019459701897137e-09
1.733600997564505e-09
2.849608164018358e-09
2.304564423842581e-09
1.9053401246072604e-09
2.4456962310383246e-09
2.2650412047266894e-09
2.8055976736707927e-09
2.5970087983318707e-09
2.4664590456829893e-09
2.9462937482533508e-09
2.3285345368464355e-09
2.212352132220652e-09
2.075361119936725e-09
2.925806479037174e-09
2.4218544732602237e-09
2.9269737753315206e-09
2.4006599204200174e-09
2.3214294165348898e-09
2.0645255867281914e-09
2.2900401601064213e-09
2.185562140337785e-09
1.9727634027223717e-09
2.2840540153667988e-09
2.497281082229283e-09
2.6570940387174447e-09
2.2475109221625766e-09
2.4970494792980052e-09
2.3773431760513997e-09
2.4168332701888368e-09
2.052403938641867e-09
1.950267033371672e-09
1.901692271970984e-09
2.894165793956502e-09
3.2170750839752987e-09
2.5542678421582726e-09
2.201353407503201e-09
3.581182388395082e-09
2.2283579254826075e-09
2.4309430145946775e-09
2.2303110833871154e-09
2.6756154360239176e-09
2.5940649209851147e-09
1.5914051955563668e-09
1.991641402580152e-09
1.9332461751245256e-09
2.3066111015570406e-09
2.5449930747892258e-09
2.7004344873519243e-09
2.7782281347438903e-09
2.940014429608437e-09
2.889247041051521e-09
2.376538430241479e-09
2.1827357165639383e-09
2.4483727066159505e-09
2.9711238220143238e-09
2.1856126910472368e-09
3.0153500510301384e-09
2.9521692711947933e-09
1.838784282823247e-09
2.4635583551445295e-09
2.511207422561945e-09
1.9486268044034e-09
2.0909119438031892e-09
2.575609758673561e-09
2.1087861786645012e-09
1.9925376494155794e-09
2.2536720627706897e-09
2.2437670161527118e-09
2.329702927100774e-09
2.748664199025974e-09
2.7273919372960975e-09
1.9974209040235502e-09
1.8613106635406024e-09
2.3186175405857934e-09
3.1512143575974927e-09
2.646968265233862e-09
2.4404326005780103e-09
2.3012721893020394e-09
2.2982000864001095e-09
2.2024480006693076e-09
2.6492611574554376e-09
2.104369809701259e-09
2.7150758384174994e-09
2.5581704755830298e-09
2.1229473480804256e-09
2.1095953478024454e-09
2.482697415272933e-09
2.4600677684186167e-09
3.38851920416057e-09
3.5365768332514674e-09
2.427973157378624e-09
2.08315853195834e-09
2.017198382723434e-09
2.773852206955363e-09
2.1846069723184536e-09
3.072799708691426e-09
2.523766929165075e-09
1.98406413780966e-09
2.1310722524755382e-09
2.2525559050402127e-09
1.956004841603687e-09
1.91547646667678e-09
2.446744847743945e-09
2.9311936428425e-09
1.979182858834888e-09
2.194432009369751e-09
2.0194556634572924e-09
2.7825986341489806e-09
2.3776347106430062e-09
2.502890482326478e-09
3.283859853313309e-09
3.1001039296416066e-09
1.863633796546013e-09
2.3772569863154958e-09
2.213650351348337e-09
2.8971710325925715e-09
2.8508324939006263e-09
2.412064463094832e-09
2.0951848888652036e-09
2.0403905936789563e-09
2.1045631669672216e-09
1.8348189226649603e-09
2.4289066827710287e-09
2.7952674669286942e-09
3.075215588253799e-09
2.5264302518524656e-09
1.9942374607142405e-09
2.8792095899295156e-09
2.3202808925506385e-09
2.7122687780607724e-09
2.222360885378513e-09
2.272327255395737e-09
1.824747604319693e-09
2.1307446805216013e-09
2.183047928842538e-09
2.426654678849144e-09
2.4144303190868494e-09
2.2722097599726238e-09
2.296160018849455e-09
2.4402670706618473e-09
1.7034686838196533e-09
2.8111978959965978e-09
2.2889361645222345e-09
2.788012974565962e-09
2.3927231832150675e-09
2.585631402995253e-09
1.7731894982279256e-09
2.2992307430799025e-09
2.3536176284831567e-09
2.1329478005864544e-09
3.0891321651290576e-09
2.1102163883478242e-09
2.0658398852246157e-09
1.8219020506658745e-09
2.626437030535389e-09
2.0365532665215375e-09
2.215296688928489e-09
2.1910259407568328e-09
2.175769287394297e-09
1.3949873764809717e-09
2.030904995391214e-09
2.5167585153505062e-09
2.7691127305658897e-09
1.888889289555426e-09
2.7683832383613993e-09
2.2163869207829368e-09
2.9693747677708715e-09
2.575237812276268e-09
3.218561615359397e-09
2.257822295228737e-09
2.456386545557354e-09
3.119425490702779e-09
2.3075145795872776e-09
2.7189534998472986e-09
3.6557529974143993e-09
2.767577247236863e-09
1.874646505953606e-09
2.066201632965753e-09
2.8271182077235085e-09
2.2517132060827227e-09
2.1699705309539963e-09
2.7992695108506466e-09
2.8142053581144827e-09
2.0415876272536493e-09
2.5802193257418865e-09
2.0279465602450475e-09
5.92175798392984e-09
2.4231362357168135e-09
2.161663015471174e-09
2.3281122986471697e-09
3.349537913959616e-09
1.8725581064048258e-09
2.8501118763245986e-09
2.9966016710115256e-09
2.1578219692834633e-09
2.5842931145741987e-09
2.109352058472791e-09
2.1269824671075327e-09
2.082789322737852e-09
3.2687063858567733e-09
1.999160505325101e-09
1.7841186327784142e-09
1.9690398896880096e-09
3.4136848276519055e-09
2.4298147031746875e-09
2.573532815672297e-09
1.930995026204474e-09
2.690226607020979e-09
2.3995242409789036e-09
2.395808363329921e-09
2.0449940451965076e-09
2.602434787200153e-09
2.3128942764922417e-09
2.1365875776512694e-09
2.2944244050266543e-09
2.457055911595646e-09
1.8835530472566947e-09
2.1560098183767e-09
2.32317527086405e-09
2.6682346044009514e-09
2.5728046399060844e-09
2.5815334345029306e-09
2.7459888126378507e-09
2.2902280035538153e-09
2.9712262671933998e-09
1.8905925924187633e-09
2.082913624782204e-09
2.2167407041917553e-09
2.5755265938617183e-09
2.3943894057135845e-09
1.9696689715440613e-09
2.1796307775150126e-09
2.0295444558889736e-09
2.5549342337963243e-09
2.0047837116527606e-09
1.4760481985981455e-09
2.4838129530566078e-09
2.4393780524191444e-09
2.908021195157859e-09
1.878501079298142e-09
2.8794486285361326e-09
2.7129021321070645e-09
2.5132434672888587e-09
2.2457622627855556e-09
2.8919248426084038e-09
2.1390220623397627e-09
1.976555013194145e-09
2.2337230637207994e-09
2.1812982290651123e-09
2.0160461225784965e-09
2.0433928288581676e-09
2.5874635947286534e-09
2.2050030896222234e-09
2.0178965518934805e-09
1.998778870063514e-09
2.1089381976868715e-09
2.659941773569194e-09
2.7703412302897135e-09
2.2428102153249085e-09
2.4301413654830017e-09
2.244245615084031e-09
2.2173756426911023e-09
2.1862014234520777e-09
2.308013796791311e-09
2.330635092686814e-09
2.659103139068808e-09
2.42665124344614e-09
1.76898154523146e-09
2.5608569585635482e-09
2.6566941248914316e-09
2.5996933395062982e-09
2.5963089159055514e-09
2.480080054300879e-09
2.10865335305635e-09
2.223447244679641e-09
2.857795799483809e-09
2.4329361806435523e-09
2.2211655568201566e-09
2.406648354344107e-09
2.36815345219972e-09
2.220263296132119e-09
2.8155072257993186e-09
2.2005946474779048e-09
1.7527757717461512e-09
2.6607671922956183e-09
3.2225892661850997e-09
1.3423319146759621e-09
1.9166065800407805e-09
2.685497527046138e-09
1.4904141323879294e-09
2.992783012297634e-09
2.494245180187371e-09
2.282138143825524e-09
2.1888932591387217e-09
2.811962526976658e-09
1.9126883599087513e-09
2.674969555756246e-09
2.2247879307053797e-09
2.1767945965721347e-09
2.3017647028840404e-09
2.757873712169387e-09
2.2322045980290722e-09
3.6705242929292725e-09
2.1588183736313826e-09
2.504998281721571e-09
2.220564733392688e-09
2.7888014443328696e-09
3.031340492639853e-09
2.5248840958540936e-09
2.5164126084536304e-09
2.227469933979362e-09
2.2266040764634676e-09
2.3509763573837522e-09
2.843240204256428e-09
4.1702103883815844e-09
2.1493483332111346e-09
1.5113911229318322e-09
2.7476113758327647e-09
2.2388533949934536e-09
2.4476989927101067e-09
3.096864644933084e-09
2.1251759729171843e-09
2.3426355603636817e-09
2.7871846477924705e-09
2.3704465365419203e-09
2.3168977045066874e-09
2.574698504745343e-09
2.137284127456951e-09
2.5920667222865956e-09
2.36920877100949e-09
2.4184141635911344e-09
2.053011774688987e-09
1.8063684176922168e-09
2.8679657310039935e-09
2.3635097425207807e-09
2.444970079043887e-09
2.358744997932316e-09
2.3544657187443696e-09
2.770507674838829e-09
2.2903133968348033e-09
2.1966431609874576e-09
2.47505825144885e-09
1.8750894511133237e-09
2.1235559970623347e-09
1.7551616050305585e-09
2.153301108817965e-09
2.8726965431002255e-09
2.324146815323516e-09
2.8241088072689796e-09
2.318523157100391e-09
1.8349592990907215e-09
2.486448352984408e-09
1.5251735562427787e-09
2.936848272168044e-09
2.459922037335166e-09
2.1859647698733997e-09
2.616211738568075e-09
2.205777769421699e-09
2.0472043561238495e-09
2.170282992165415e-09
2.304399488286049e-09
2.022016749999786e-09
2.5856694639125183e-09
2.659056351191416e-09
2.7342502732438656e-09
2.043634988665999e-09
2.2580593848735286e-09
2.1330785659936374e-09
2.7909025622236544e-09
2.369348859254314e-09
2.1980750180075614e-09
2.17402788653398e-09
2.8811032609134257e-09
2.0965404998012083e-09
2.4421143473337542e-09
2.281348926175958e-09
2.6753754307426436e-09
2.2546640403211388e-09
2.769449389651915e-09
2.5683960798005695e-09
2.3164432824164527e-09
2.217244522316128e-09
2.5849443382238574e-09
2.5615343728514067e-09
2.4513483595431373e-09
2.8973295516238062e-09
2.8690469067345348e-09
2.495146986811539e-09
2.5794511789110214e-09
2.345579631999467e-09
2.2070081929538576e-09
2.031489343065629e-09
2.4597633636967015e-09
3.1307173290438806e-09
2.3578997664953916e-09
2.1754705435087646e-09
2.229865710481893e-09
1.7063966713162099e-09
2.6299081157168253e-09
2.6793810033089865e-09
2.012192046665917e-09
2.6166102737226055e-09
2.338885967713422e-09
3.3520531693247146e-09
1.9644918445877596e-09
2.0946383030850946e-09
2.1028921340805057e-09
2.057688064426369e-09
2.150182019412805e-09
3.0261977420481534e-09
2.363755109832319e-09
2.4853762646027955e-09
2.093849709068618e-09
2.1397695852600623e-09
2.214912432066049e-09
2.257607856302052e-09
2.9072964949101304e-09
1.973241456083158e-09
2.975470023581367e-09
2.7929564351374114e-09
1.963415975159491e-09
2.2197762152703637e-09
2.522484234294617e-09
2.4540008284994197e-09
2.4384012688779405e-09
2.7510233097625958e-09
2.4703010765431133e-09
2.3638329436220795e-09
2.312273612381857e-09
2.542019626261896e-09
1.96978690888798e-09
3.0610003629027993e-09
2.5399220493754066e-09
2.491865501485016e-09
2.5599308282973215e-09
2.340565847906706e-09
2.6063671752524914e-09
2.655940113671651e-09
2.052568038278524e-09
2.2328985156087194e-09
3.0491130770422814e-09
2.3987155027029028e-09
2.2385855406783367e-09
2.443956919869275e-09
2.3613193405810917e-09
3.22240066141094e-09
2.2612112586008204e-09
2.6214932967449922e-09
2.821151496440466e-09
2.7058457328053842e-09
2.627259971643009e-09
1.9432160607187055e-09
1.92991773690504e-09
2.2447714360072923e-09
1.6186149157104701e-09
2.5295589767791726e-09
2.0072975746854294e-09
3.07472129397815e-09
2.061022357988107e-09
3.042683408612662e-09
2.0563221854452696e-09
2.9588118196852142e-09
2.4542504257173137e-09
2.7796748136750538e-09
2.2415725846672285e-09
2.65790977118166e-09
2.5733712396246167e-09
2.3886404442938214e-09
2.5039698075407513e-09
1.7440988883156427e-09
3.1703990370501867e-09
2.2414918137737827e-09
2.6542819357364134e-09
2.8767606213842e-09
1.9821018277209335e-09
2.205766442761603e-09
2.24085283011613e-09
2.2175140742750066e-09
2.30759900684413e-09
2.3359422807525676e-09
2.38469431571367e-09
2.2422370197540398e-09
2.4427941639967865e-09
1.6747658819656064e-09
2.3701271748173547e-09
2.5018488214283152e-09
2.172576858434222e-09
3.2521464358309382e-09
2.9218480105015765e-09
2.321193932376675e-09
2.8648913367491924e-09
2.28411333944023e-09
2.7241086413519466e-09
2.3335295861424965e-09
2.0356334144364108e-09
2.1732422957575215e-09
2.1746504874631256e-09
1.8773189652127042e-09
2.6842688549341687e-09
2.126469382524032e-09
2.62582323115948e-09
2.172472631043615e-09
2.492559540712147e-09
2.218641626319795e-09
2.227620836924016e-09
2.218643188871966e-09
2.537909820233414e-09
2.0424778084116024e-09
3.3341384371270155e-09
2.357598105021813e-09
2.4951777458440128e-09
2.262206371013431e-09
2.5352196826242124e-09
2.356028273517441e-09
2.1524325728890237e-09
2.6744000260897627e-09
2.3856444671295496e-09
2.463806785760886e-09
2.2108904312347077e-09
2.634907992314639e-09
2.111541272126899e-09
2.7180590217792955e-09
3.3341695424536633e-09
3.0480134861378405e-09
2.6355796108913643e-09
2.689167423897826e-09
2.2387325704191496e-09
2.128842578347917e-09
2.467712371684999e-09
2.109533458506674e-09
2.7551193223541992e-09
2.2990009332021777e-09
2.7065635288536782e-09
2.2680590617413232e-09
2.175702132779095e-09
2.3414294882291575e-09
2.070721177860335e-09
2.3546411600031125e-09
2.2655125835220613e-09
2.209174451445889e-09
2.3075313443886303e-09
2.4122430424683428e-09
2.978648289391622e-09
3.1144522494828963e-09
2.639143939844879e-09
2.2934382435703393e-09
1.9968608312020963e-09
2.6852680487174374e-09
2.0763370133479453e-09
2.4975602341478775e-09
2.609113597049073e-09
1.7081399133686559e-09
1.921971225400665e-09
2.124238051952332e-09
2.597769481731821e-09
2.301894934646914e-09
2.6940526432969736e-09
2.623581520869861e-09
2.3074354683905174e-09
2.8250955346788287e-09
2.809929147435525e-09
2.1191679951647335e-09
2.3713427350219307e-09
2.2871114000073967e-09
1.7033669839211507e-09
2.4562247496334733e-09
2.635596654115835e-09
1.701898220442255e-09
2.4511709047041197e-09
2.1606457126926992e-09
1.8426588735756533e-09
2.2114595389297054e-09
2.7531553699160216e-09
2.1518028205623485e-09
2.3469231176520555e-09
2.2980472459861734e-09
2.7295925988241043e-09
2.1284231105020424e-09
2.626516777941984e-09
2.4053787689957973e-09
2.346308676862141e-09
2.6502641947354078e-09
2.5385527326060586e-09
3.0855032964391405e-09
2.4775621107649137e-09
2.6638940723439086e-09
1.916295560601411e-09
2.6198774035618433e-09
2.895432291930705e-09
1.983332951864536e-09
2.378969105043538e-09
2.086256197745412e-09
2.6705991281253394e-09
2.5872367087273473e-09
2.9123150154485022e-09
2.0039640203327325e-09
2.6614858997242585e-09
2.91711885810203e-09
2.066486713952348e-09
2.715510532148163e-09
1.3716453892836933e-09
2.6224363501060888e-09
2.614900841864387e-09
2.072293996558533e-09
2.1004325097793985e-09
2.1078763795187583e-09
2.7523740769169747e-09
3.0923971898813574e-09
2.131841682784935e-09
2.6035618491855594e-09
2.3530963714005204e-09
2.3647192958116403e-09
1.9164441821678535e-09
1.559376661651457e-09
2.2493205566360974e-09
1.913885213072203e-09
2.1534258070297907e-09
2.152999142249895e-09
1.890409805256621e-09
1.993710061192616e-09
2.3074282519408573e-09
2.8889954473837465e-09
2.346415987290046e-09
2.2701234004586512e-09
2.5113967225265377e-09
2.394900501002939e-09
3.038376810132054e-09
2.703296510687264e-09
2.5020422235802475e-09
2.817704243974345e-09
2.4797506392032487e-09
2.5604311969240623e-09
2.2045034439414912e-09
2.5713574143201856e-09
2.6677706580283123e-09
2.2464979780936756e-09
2.4910683099621522e-09
2.024267111138539e-09
2.565816750038641e-09
2.6504628357522375e-09
2.8081597724244345e-09
2.1686120373412554e-09
2.2327936804143744e-09
2.1178624379399047e-09
2.4675973408702645e-09
2.824736855880361e-09
2.556786201594191e-09
2.045227774031405e-09
2.415921668448562e-09
1.876627258538127e-09
3.1165410491022782e-09
3.3915430876045594e-09
2.388340586498977e-09
2.2401405942902575e-09
3.2916705255611745e-09
2.225429888112751e-09
2.3548781744042735e-09
2.3768906591212224e-09
2.749190528440054e-09
2.205606047626929e-09
2.37246539167707e-09
2.9935038614592457e-09
2.3836831211133946e-09
2.1458376325833584e-09
2.295509518145805e-09
2.1559175720706203e-09
2.474111549747443e-09
1.9558602684481563e-09
2.0420787465516566e-09
2.027628555507921e-09
2.6341800581086705e-09
2.5453127695806987e-09
2.6531405878695014e-09
2.240699340481933e-09
2.3361420341608263e-09
2.426786902074568e-09
2.5690761232786963e-09
2.7698119089113182e-09
2.0930251845921455e-09
1.865456343216887e-09
2.130205034069077e-09
2.06395079282648e-09
2.663189136234423e-09
2.714355456547024e-09
2.3067638840745808e-09
2.5603205731743184e-09
2.122041568505817e-09
2.2540463887749107e-09
2.6758160344593496e-09
2.0840893732998467e-09
2.3915414319036765e-09
2.150854947272074e-09
2.242762554664768e-09
3.0390369517782623e-09
2.904975991528669e-09
2.211134479072202e-09
2.6327617815881388e-09
2.287952458133319e-09
2.1494715976740075e-09
2.2252336830813624e-09
2.3378772858601016e-09
2.7142562819722216e-09
2.6143802344356926e-09
2.3411976580491045e-09
2.6660499962208317e-09
2.215001967433017e-09
2.457312215254498e-09
3.153657974520885e-09
2.2647382749534095e-09
2.4487319689320275e-09
2.252336892948764e-09
2.6615350153837147e-09
2.022770803720292e-09
3.1699422917315367e-09
2.025833103699859e-09
1.8803524011283546e-09
2.355027981220531e-09
2.4453065058938073e-09
2.640423513947804e-09
3.190817995241124e-09
2.3106154732610573e-09
1.9451724840233164e-09
1.9215276639804324e-09
2.1246593477630693e-09
2.119697593231523e-09
2.5288510725578195e-09
2.0143055695642786e-09
2.5702315917947027e-09
3.3948702230467143e-09
2.3024479514806295e-09
2.754994482111889e-09
2.0042775898156118e-09
3.988644966396171e-09
1.9588108695831052e-09
2.073530375179544e-09
1.7494678899998561e-09
2.2903245120754756e-09
2.143572218164802e-09
2.622390427638871e-09
2.5337728113555835e-09
2.4225187034328244e-09
1.9910134196714224e-09
2.2557339550942357e-09
2.499090402934695e-09
2.077942165557012e-09
2.1407673385723247e-09
2.9796545625813964e-09
2.3912620880812974e-09
2.176927693230829e-09
1.571334194271773e-09
2.3576370812225522e-09
2.3869301422549394e-09
2.7709044533689997e-09
2.1580018492659003e-09
2.573178801545256e-09
2.4601075924654547e-09
2.748111953276844e-09
2.098472937517998e-09
2.0949673337246344e-09
3.104500884230227e-09
2.2308645438763597e-09
2.154228377713313e-09
2.639092678332483e-09
1.8502767954939325e-09
2.6618769662437036e-09
2.104286890135948e-09
1.697296775782925e-09
2.482005215069527e-09
2.114028639643717e-09
2.367826922380911e-09
2.2842835531097783e-09
2.3675769409217673e-09
2.6155611912437315e-09
2.9415502195498378e-09
2.35485018030418e-09
2.6250935392449493e-09
1.770362762637534e-09
2.6629322839692715e-09
2.2774088634901213e-09
2.4885064972210436e-09
2.710033939010842e-09
1.8445278087038386e-09
2.290053535258102e-09
2.609421729474898e-09
2.9079132795283014e-09
2.8497667827961926e-09
2.776807709985174e-09
2.719239000203294e-09
2.6628932704719777e-09
2.728193001372281e-09
2.40195276342281e-09
2.4383231419199125e-09
2.4262003313520186e-09
2.354977425306909e-09
2.8174069696164372e-09
2.6883444845249294e-09
2.581588434778098e-09
2.685446040453371e-09
2.2053174095898465e-09
1.99061635577924e-09
2.2245061274787925e-09
2.3130811528312978e-09
2.769583403762488e-09
2.6499553896705552e-09
2.6097517371974355e-09
2.876162115330455e-09
2.1457528366977674e-09
2.7886165087157022e-09
2.5319950901561694e-09
2.4290662532615304e-09
3.0569914421033073e-09
2.1946307436279677e-09
2.5234807403407e-09
3.4736874540003404e-09
2.0358161254875606e-09
2.2526092185136404e-09
2.245688704872323e-09
2.5714305285778893e-09
2.4012931660460923e-09
2.6891441599549704e-09
1.7759598860966896e-09
2.1917391239585637e-09
1.9904514893948067e-09
3.2307465747810626e-09
1.6505085492779514e-09
2.99183348234644e-09
2.127322941501003e-09
2.2564890299163476e-09
2.6936129238555595e-09
2.114026073987696e-09
1.308772157055521e-09
3.289541053181494e-09
2.500699734092615e-09
2.103648533580832e-09
1.959661370676269e-09
2.8004248568518075e-09
2.204635280757261e-09
2.069886304023605e-09
2.9280666255342147e-09
2.7147403873495346e-09
2.2378481762987124e-09
1.931644091207607e-09
2.942092411709063e-09
2.1549548330675183e-09
2.353672924528677e-09
3.1508999402685145e-09
2.2873329714664936e-09
2.052194836808796e-09
2.3246363015962113e-09
2.2763764627627137e-09
1.93019758509827e-09
2.173178447091584e-09
1.8538431835642133e-09
3.868772457341768e-09
2.2152957693082065e-09
2.9224222816010004e-09
2.031809993689737e-09
2.4379264648710652e-09
2.7724426652012135e-09
2.260744490917288e-09
2.2795564017137615e-09
2.180874875221811e-09
2.4442029680597777e-09
2.4336954218377727e-09
2.6589467914776843e-09
2.4600913593568474e-09
2.3142818542619403e-09
1.8997214691097997e-09
2.3616555954765472e-09
2.342024390394881e-09
2.456574659838451e-09
4.962793128705789e-09
3.0221552873091473e-09
2.4868111085998845e-09
1.9749492904778954e-09
1.8081203049559458e-09
2.6742392371728596e-09
2.136837309960754e-09
2.03997765771749e-09
2.519857205708631e-09
2.176333749499826e-09
2.1044829620273098e-09
2.1876099274079075e-09
2.2511554356730024e-09
2.2943249782664266e-09
2.147603458350217e-09
2.586854922111137e-09
2.0736117133275667e-09
2.757346271881761e-09
2.1316726665082664e-09
2.359191967216817e-09
2.376177836091453e-09
3.2778332817104405e-09
2.517181406890001e-09
2.596640593949956e-09
1.745913751679401e-09
1.9469250638753932e-09
2.4300172759422756e-09
2.182377996200191e-09
2.5861967320288393e-09
2.1468754469490536e-09
2.366526146053982e-09
2.371565692525085e-09
2.615379521460348e-09
2.539200323527918e-09
2.790060304753289e-09
2.697202528597481e-09
3.1652768509547735e-09
2.690093062369947e-09
2.71165376437843e-09
2.4628549651073417e-09
2.0212680912692904e-09
1.914706851836173e-09
2.1026533548150483e-09
2.0796663948233207e-09
2.173956326588511e-09
2.637894676131569e-09
2.9356104235857272e-09
2.5465089481535585e-09
2.8751285085365508e-09
2.1785996799986163e-09
2.6673451320943786e-09
2.167650306212493e-09
2.4046498199765953e-09
2.2490476607808785e-09
3.4372051528792913e-09
2.5665073126630855e-09
2.5742976669622386e-09
3.2229311042880626e-09
2.4701892081292753e-09
2.2166787199198734e-09
2.9675638860311715e-09
2.114928441144387e-09
2.2403199707692056e-09
2.072192406814971e-09
3.117993389954027e-09
2.366331608091854e-09
2.2190015146542064e-09
1.9035959592482443e-09
2.2741199388019717e-09
1.808539449709573e-09
2.042638343625197e-09
1.999607860802416e-09
3.1686616503399934e-09
2.445165726144838e-09
1.991648446858507e-09
3.1110684957022516e-09
2.1923077190427742e-09
2.1657783929977803e-09
2.4056043559060603e-09
2.381999314807204e-09
2.2590434327861286e-09
2.76992937874726e-09
2.3611718873509102e-09
2.0637408817449077e-09
2.3839293252121696e-09
2.6724887480962523e-09
2.3214908437436954e-09
2.192562024300182e-09
1.7444592298465622e-09
2.3472005710595267e-09
2.858475068191063e-09
2.1158183668643082e-09
2.1508929485582196e-09
2.1122585889578327e-09
2.1701881164522263e-09
1.990088023626907e-09
2.9387902025085344e-09
2.7282781489730568e-09
2.846630490355162e-09
2.142714094263004e-09
2.125929474128263e-09
2.4335607353050126e-09
2.662640136586597e-09
2.461643852733758e-09
2.0523508613076724e-09
2.2667107340418324e-09
2.3214132942317445e-09
2.167924645791325e-09
2.501189398391307e-09
3.0992754981341852e-09
2.5104586040200494e-09
2.8917276485677934e-09
1.9303360498587607e-09
2.2986762198556887e-09
2.1134156425774153e-09
1.9269863972722068e-09
2.3746924903908506e-09
2.2860896964523036e-09
2.926924551251847e-09
2.268860131455358e-09
1.7145334440388238e-09
2.2859503565238193e-09
2.6590507538892805e-09
2.4307170083150142e-09
2.7792613223852347e-09
2.649832654081502e-09
2.0875199229809793e-09
2.353794687371541e-09
1.6656094559142076e-09
2.8225425950482996e-09
2.3697525747268244e-09
1.912193972174875e-09
2.315119633326812e-09
2.1192587398508045e-09
2.297771803123211e-09
2.188849369984258e-09
2.5094725724511546e-09
3.04555235804832e-09
2.3261948877556504e-09
1.9607560158840798e-09
2.343426018340533e-09
2.7566476401910678e-09
1.4550838290348922e-09
2.1632198844712125e-09
2.2885740386113795e-09
2.4876764394103634e-09
2.5069785023965063e-09
2.2286447930175424e-09
2.2067550152667093e-09
2.694465179621519e-09
2.1826773799818455e-09
2.2661509517865608e-09
1.5922659575388909e-09
2.272501589250381e-09
2.0783219281846066e-09
2.1802444979610036e-09
2.1194203757464447e-09
2.5935698072694635e-09
2.358940162129619e-09
2.1385396166591353e-09
1.8361216145602877e-09
2.476109551338007e-09
2.5845166853021018e-09
1.8400642771629339e-09
1.9652571692403698e-09
2.5197345108855795e-09
2.4994438810321817e-09
2.079169752599447e-09
2.2548772181038568e-09
3.7502763763387625e-09
2.1308685250326365e-09
2.3039360237328554e-09
2.315761946352496e-09
2.5584468272242533e-09
2.4736351157510217e-09
2.5315637945319547e-09
3.017903603668576e-09
2.1782828917363273e-09
2.22772825186901e-09
2.673391245357204e-09
2.345062803665865e-09
1.683881607501131e-09
2.7664715271207008e-09
2.236859928620577e-09
2.8494935226490437e-09
2.754606929708525e-09
2.091391334418935e-09
2.6218952807466334e-09
2.3743074416271437e-09
2.506244668395996e-09
2.468574170598481e-09
2.2680074055793364e-09
2.198129074593158e-09
2.3832254008801512e-09
2.2282511174739894e-09
3.4161616660477456e-09
2.3320977800798948e-09
2.849093192272556e-09
2.406389960126626e-09
2.5770034673897046e-09
2.4043426043521277e-09
2.540240770770169e-09
2.0412392145487124e-09
2.94389711349638e-09
2.2310112741605326e-09
2.280334687569663e-09
2.98061573035871e-09
2.70450862226157e-09
2.234735363339929e-09
2.3012587655781014e-09
1.9765212118903752e-09
2.238714034031447e-09
1.928500600531513e-09
2.2884814837413614e-09
3.0773034615308448e-09
2.8073168394961157e-09
2.3362670899425286e-09
2.8054643239593113e-09
2.0317233160628556e-09
3.727292537548249e-09
1.886493774562459e-09
1.5922011833979788e-09
2.8858255954160306e-09
2.264904785855698e-09
1.9767589600795665e-09
2.3541017945757914e-09
2.516561522104138e-09
2.163529582918655e-09
1.8963283677717047e-09
1.7776827882995394e-09
2.534101405712169e-09
9.254055902650771e-10
2.0347497909668777e-09
2.4620732284527658e-09
2.3622883792324967e-09
2.802189198996413e-09
2.2704572453895178e-09
3.493703821470101e-09
2.446697107937046e-09
2.8717775492695385e-09
2.5105473225491004e-09
1.908253519609937e-09
2.639494573863227e-09
2.0834172672658247e-09
2.0283717010703695e-09
1.685218053212173e-09
1.9446889350585583e-09
2.9267021310792896e-09
2.57080601424875e-09
2.478144706802299e-09
2.4845067956094646e-09
2.4160767774471237e-09
2.256544772219482e-09
1.8369660111615393e-09
2.3713514290223114e-09
1.7369271780413864e-09
1.8839569175532755e-09
3.3449329183213306e-09
2.5654805150925053e-09
2.054794168582924e-09
2.142983712791896e-09
2.093187217305781e-09
2.8455831926899045e-09
2.520395602292891e-09
2.1338886269962887e-09
2.229209756024475e-09
3.4107340337458103e-09
1.91384194299718e-09
2.3534588266919954e-09
2.4149944444391835e-09
2.324168642698493e-09
2.0383578397224766e-09
1.7964310087235924e-09
2.346445260315022e-09
2.585421388697634e-09
2.2257033278037797e-09
2.219821404383232e-09
2.332052513338151e-09
2.0585386377273973e-09
2.2638542368849657e-09
2.069871635201892e-09
2.1834471088805207e-09
2.5097438554472218e-09
2.169695046891351e-09
2.2869429505516237e-09
2.6738523821283333e-09
2.475438214220166e-09
2.1920243723459742e-09
2.080898389798108e-09
2.644440971755202e-09
2.223179306013595e-09
2.375350549501526e-09
1.9831366440507814e-09
2.4687470383949472e-09
2.049666652549631e-09
2.272386882828936e-09
2.2139734195264493e-09
2.5004634703930384e-09
2.232775583345392e-09
2.9595733481123376e-09
2.0033328199456357e-09
2.597087957450367e-09
2.2075285115510934e-09
2.6658546806689054e-09
2.7052678530474494e-09
3.5132995900542807e-09
2.2611608206483946e-09
2.489469214540102e-09
2.154594682789862e-09
2.176009439042864e-09
2.6072431462062506e-09
2.957433670354448e-09
3.1243726243343484e-09
2.4604056409437136e-09
1.963797447140231e-09
2.6284570683182684e-09
2.2559533846035207e-09
2.027491607329429e-09
2.1097259716128247e-09
2.518615019667103e-09
2.153080849894018e-09
2.543681369270717e-09
2.99706130312688e-09
2.621024178077469e-09
2.4786297866605245e-09
2.809454234357911e-09
1.955156492434995e-09
2.3510050490595236e-09
2.1710120498216745e-09
1.9147046300890813e-09
2.228124112730462e-09
3.0859638551136714e-09
2.2760519844712557e-09
1.8085616420270012e-09
2.167589265630182e-09
3.6800125217083257e-09
1.9326068098277083e-09
2.0551310523156396e-09
2.8430651604662016e-09
2.3760224478024117e-09
2.7848319119477827e-09
2.9593096723123935e-09
2.599439125755554e-09
2.411636465179945e-09
2.094316113761263e-09
2.667131736820705e-09
2.7092402869743903e-09
2.436413939523041e-09
3.3127253587852956e-09
1.8746800145227893e-09
4.225695024364512e-09
2.235199862438836e-09
2.1515975420598188e-09
2.097434876387888e-09
2.485581868365977e-09
4.000970159345751e-09
2.396415651854944e-09
2.2267043777411677e-09
2.2084018324979027e-09
1.7019519465630295e-09
2.8525500165091366e-09
2.3275045584435217e-09
2.2772707075104093e-09
4.197357540095675e-09
2.4883669113955065e-09
2.386543763825688e-09
2.2477237913813564e-09
2.816428292407719e-09
2.7772379305145145e-09
2.0818221716824292e-09
2.1355090560476464e-09
2.4453424489305486e-09
2.2821679147161378e-09
2.2542124031126043e-09
2.3893851766945695e-09
2.084311552345841e-09
2.748030066956203e-09
2.4185360307342474e-09
2.2212571040326756e-09
2.275056236282491e-09
3.214230760890946e-09
2.6053470158181324e-09
1.4018783742360263e-09
3.1341211652845258e-09
2.77801559967622e-09
2.052450270070144e-09
2.5982218191181183e-09
2.2876276567496134e-09
2.1147710557549437e-09
2.1968728884658173e-09
2.4964959682849397e-09
3.117108775523708e-09
2.1379059334490635e-09
1.951821581094859e-09
3.2366618356836907e-09
2.045811076101245e-09
1.9156288807824218e-09
2.6901722629049662e-09
2.328328223364512e-09
2.087164642505801e-09
2.6692529991878544e-09
2.2509581160817804e-09
1.8420144619682444e-09
2.2298656462971245e-09
2.3439764300532684e-09
2.223799677389393e-09
3.017452670540932e-09
2.067459770657004e-09
2.521767181358492e-09
2.182957427668275e-09
2.4088073480310612e-09
1.8938889575527418e-09
2.4673819064291447e-09
2.3048163599014015e-09
2.181437122519142e-09
2.128683358054717e-09
1.9972932340135696e-09
2.6927361824677365e-09
4.473819863615863e-09
2.6636715879865824e-09
2.3440510895159083e-09
2.5189369535529027e-09
1.9318734307584295e-09
1.9400487110896036e-09
2.459032207025036e-09
2.244583969211733e-09
2.3237645913401495e-09
2.1171310490321338e-09
2.4894592628652013e-09
2.4258968909195155e-09
2.6631848397580538e-09
1.9802343775160436e-09
2.888165500161688e-09
3.0359159483225873e-09
2.2245881829349723e-09
2.063476678155346e-09
2.864057714081769e-09
2.250959841697958e-09
2.3970717051916e-09
2.4696587635174294e-09
2.3190904526598777e-09
2.2470167076842074e-09
3.1973081821012883e-09
2.6930830261152894e-09
2.1177860090593192e-09
2.7494382898868297e-09
2.40616939740923e-09
3.6053947670249e-09
2.1622973433478576e-09
2.1728324690710454e-09
1.985831627176332e-09
2.555230783907181e-09
2.602585412805891e-09
3.4353749346106854e-09
1.7262771065049143e-09
2.3474731355825618e-09
1.9513559591961827e-09
2.971982138253587e-09
2.248510189671593e-09
2.506281310959979e-09
2.35060385739283e-09
2.5450925763594034e-09
2.133309250605675e-09
2.2235086727558084e-09
2.8565294157845145e-09
2.2800628754829355e-09
2.155746077741466e-09
2.147207972189036e-09
2.1012405075453156e-09
1.9702640421948026e-09
2.2539645423529098e-09
1.954873920292227e-09
2.787244526760574e-09
2.430592465144099e-09
2.3055871977220588e-09
2.7785149025322253e-09
2.11290338393913e-09
2.191390581583047e-09
2.247744131881474e-09
2.3396674515320515e-09
2.6816363196853488e-09
2.1601022537516557e-09
2.3786084629717763e-09
4.2706950679864686e-09
2.8967865567212925e-09
3.2292589726388987e-09
1.8549540983098245e-09
2.0679962516728656e-09
2.4253279527937377e-09
2.8163654798053772e-09
2.2032931603320483e-09
3.093372251492671e-09
2.3184319169339274e-09
2.0341539264633057e-09
2.145949916029788e-09
2.5658997990576915e-09
2.2214685620539076e-09
2.187416708269302e-09
2.241080463132733e-09
2.39836398787871e-09
3.0050713306639665e-09
2.425199571980813e-09
2.493532836374962e-09
2.2436797931721375e-09
2.647363047097312e-09
2.1767741493865234e-09
2.934494652481745e-09
2.4402430254429064e-09
2.6101849518594955e-09
2.6117203590775295e-09
2.650371999993184e-09
3.3900331105653214e-09
2.7196923801584005e-09
2.2478559508556928e-09
2.5226693251695353e-09
2.67966880846196e-09
2.470800563279807e-09
1.8261760393809001e-09
1.8971154252568623e-09
3.221472920453966e-09
2.707977756963298e-09
2.1477120932394955e-09
1.9385434681107316e-09
2.1541678167820433e-09
2.20073455682937e-09
2.531681418324605e-09
2.2903611906349708e-09
2.2919793020957646e-09
2.2310911534061117e-09
2.2221475081025954e-09
2.6967148700728083e-09
2.2273438731422457e-09
2.592070425921217e-09
1.987425592153702e-09
2.2278403631441346e-09
3.0193028155781065e-09
1.7970963337235468e-09
2.703125125212008e-09
2.8759564825106554e-09
2.34240578192782e-09
2.7590436983693234e-09
2.476409616432307e-09
2.100160873333423e-09
2.45142621436642e-09
3.0393390013962185e-09
2.5810372892773326e-09
2.73476741209297e-09
1.980280138653978e-09
2.1774221288864415e-09
1.7817231752481621e-09
2.4079754080454097e-09
2.5610239623441444e-09
2.4484568613043767e-09
2.9645300749815695e-09
1.7072958233797786e-09
2.2859677128658773e-09
2.133490051292597e-09
1.8170966164035574e-09
2.386401052462128e-09
2.8141214575630458e-09
2.7925454531251004e-09
2.4288605020468534e-09
2.385759591185671e-09
3.011230208325305e-09
2.734899098855159e-09
2.2199496780769823e-09
2.030733259068135e-09
2.4097106155092363e-09
2.273829211724143e-09
2.5057373151220197e-09
2.2749240811449634e-09
2.1191814752671845e-09
2.2863764692279687e-09
2.4337734592407012e-09
2.7137894440323884e-09
2.3207333329361424e-09
2.5007745084806854e-09
2.262308734877344e-09
2.233287354526381e-09
2.980332018936299e-09
2.295062433068512e-09
2.5934715226078042e-09
2.484237213076085e-09
2.353693862641032e-09
2.4165821800245513e-09
1.8837141100430665e-09
2.158547946721351e-09
2.5783251427977105e-09
2.5935669900785385e-09
1.9880464744055637e-09
2.3250392787270424e-09
2.430492263612999e-09
2.767884802867132e-09
1.996069339763734e-09
2.4274924314594826e-09
2.8411230690132683e-09
2.0259834075143923e-09
2.6452301577460646e-09
1.723062306984574e-09
2.2898442694936627e-09
2.4132086953732035e-09
2.6985803188404878e-09
2.0485821398616433e-09
2.8853379845962535e-09
1.9230710353139446e-09
3.116031122799706e-09
2.4234208710963157e-09
2.101975218448543e-09
2.8380762080726374e-09
2.134387535636384e-09
2.693907647302596e-09
3.068852596956745e-09
2.4063784090366802e-09
2.5805954105388718e-09
2.4014213564731157e-09
2.2604719819054042e-09
2.2973175159077264e-09
1.754879792696673e-09
2.1331345535433033e-09
3.7336166740752075e-09
2.2758547360036963e-09
2.0410276741281153e-09
2.627729246435645e-09
2.2820093900470517e-09
1.7944577130647732e-09
2.2418064540147276e-09
2.1081212678297767e-09
2.318279079989438e-09
2.8433652416066935e-09
2.1989954657533617e-09
1.9173949940796964e-09
2.2854823758348963e-09
2.3744868059630275e-09
2.113201309252022e-09
2.39609743374683e-09
2.1377421083323966e-09
2.1013932633914822e-09
2.2007211144571548e-09
3.0185598200692387e-09
1.694036163082946e-09
5.387292049529452e-09
4.066238790990939e-09
2.647924185906342e-09
2.0865832789894456e-09
2.486829171408078e-09
2.386239823359143e-09
2.2204411052884065e-09
2.397343074923841e-09
1.972480373046287e-09
3.029092470775707e-09
2.4508040969914435e-09
2.910170977029475e-09
2.300037555379164e-09
2.217235642483495e-09
2.7370055974244856e-09
2.1758588641777876e-09
2.5617552419643363e-09
1.91565324410628e-09
2.119145502306463e-09
2.6637773358623162e-09
2.1216876580285038e-09
1.7375190787018158e-09
2.3840547990622296e-09
2.7417749784951206e-09
2.4051144864763174e-09
2.968313824337071e-09
2.8834360133941916e-09
2.3915857458485512e-09
2.3179066895029354e-09
2.4604962559592047e-09
3.1761188076274982e-09
2.126009535519807e-09
2.1374518444257362e-09
2.8224138534128917e-09
2.4238318231846467e-09
2.130517608688043e-09
2.4121530432796856e-09
2.4559516152537764e-09
1.9354476138086496e-09
2.843816876863664e-09
2.843389224158749e-09
2.167678400926548e-09
2.5484908783984794e-09
2.2968505617414203e-09
2.775122123419016e-09
2.559841508036065e-09
1.7364576773010176e-09
2.3479165144231484e-09
1.8487841873734978e-09
2.167182577492155e-09
2.384646259970258e-09
2.0883045613942497e-09
2.158335296945091e-09
3.0168565675128822e-09
1.9021620086337454e-09
1.6923185903842952e-09
2.039460930865211e-09
2.595045466274176e-09
2.4147430439762363e-09
3.1053660237874425e-09
2.317291825440493e-09
3.0038086362878247e-09
1.986676314777447e-09
2.2590387854619365e-09
2.2510776506723396e-09
2.8939058115996785e-09
1.922162790914117e-09
2.046411194580461e-09
2.456897968492605e-09
2.365794036368607e-09
2.7829694382308645e-09
2.215325779156979e-09
1.9314290735338024e-09
2.2422201482671933e-09
3.011992523015844e-09
1.9325670417257024e-09
2.2556552550269393e-09
2.86765200474548e-09
2.0500186314123536e-09
2.052249922519095e-09
2.1892113334816277e-09
2.172423140250207e-09
2.3087846361298514e-09
2.0529728307974726e-09
2.3085668216481225e-09
2.511068982521264e-09
3.195437326634215e-09
1.9724993166603255e-09
2.3390250170757243e-09
3.1290551274175404e-09
2.3569111536579646e-09
2.205938633582233e-09
2.111690086681328e-09
2.6890524455584763e-09
2.4513237164951185e-09
2.8828633321688335e-09
2.4626509191258417e-09
2.3581587615777166e-09
2.4526366827239132e-09
2.1398754287624278e-09
3.1684736783062217e-09
3.523926163460228e-09
2.180929341635829e-09
2.438218727612851e-09
2.1024971165115036e-09
1.7979606909204748e-09
2.3725793955355068e-09
2.242079447448142e-09
2.2575552256591525e-09
2.93765359954401e-09
2.1753512910276107e-09
2.4056028215431458e-09
2.411604794767125e-09
2.3230698593078303e-09
2.3964969540074543e-09
2.174613499689171e-09
2.472436295627989e-09
2.9306310737539643e-09
2.9103337760572057e-09
2.660564237672025e-09
2.0333134473013437e-09
2.4822938808621853e-09
2.02848723885804e-09
1.9079380644826394e-09
2.5352576297002494e-09
2.7891147030834063e-09
2.6116612314615317e-09
2.2753617215202915e-09
2.924290577049904e-09
2.0195239825056277e-09
2.3157318736199972e-09
2.170493994604894e-09
1.93926989007151e-09
2.1447048117496925e-09
2.1601116464119163e-09
2.145206698476315e-09
2.2798611570666594e-09
2.7463937140106975e-09
2.079740150061349e-09
2.187738054951205e-09
3.131980222913222e-09
2.153099686388882e-09
2.090077074086427e-09
2.9712791511059267e-09
2.2983276792148954e-09
2.2512415590557333e-09
2.726161214307299e-09
2.4655148187814613e-09
2.103822018505175e-09
2.5543593806971743e-09
2.7745423883743237e-09
2.2342783951093126e-09
2.324266914783407e-09
2.3726094149252586e-09
2.8866728022693133e-09
2.089760727311263e-09
2.136571177358687e-09
1.9544877873263478e-09
3.614713655567675e-09
3.0587020910868845e-09
1.9590486004250618e-09
2.938692418314598e-09
2.451636256419615e-09
3.176461087217586e-09
2.2617882237258025e-09
2.3835345906199346e-09
1.9598057274250458e-09
2.3087444503931687e-09
1.937388874329038e-09
3.09658978537089e-09
2.2462496524280895e-09
2.0770387367495535e-09
2.3786630564542888e-09
1.9141407369728525e-09
2.005893991272739e-09
2.996203930360347e-09
2.001290729924249e-09
2.6003779411871986e-09
2.16513643602409e-09
2.5291066524033012e-09
2.312668494642428e-09
2.4670876730414903e-09
2.98016950527058e-09
2.061401498283655e-09
2.7092333580551464e-09
2.3219116217394753e-09
2.687576646041162e-09
2.902756444066179e-09
3.094003155675734e-09
3.2184091650414026e-09
2.828705879774629e-09
3.1446520665223687e-09
1.964828323479384e-09
1.9077306388261273e-09
2.3736872558667577e-09
2.2271618980475305e-09
2.1240320878003482e-09
2.168514193299359e-09
2.3757300610278975e-09
2.2689293074570904e-09
3.0454515545681737e-09
2.280451516858961e-09
2.3155849932822437e-09
2.316240000146963e-09
2.2454749331636548e-09
2.1967163860506234e-09
2.1903575845444445e-09
2.006824666080792e-09
2.6581292848250337e-09
1.8068330781204067e-09
2.7745200247529522e-09
2.100242107398037e-09
2.5155041443944426e-09
2.635817870823981e-09
2.3471027174766512e-09
2.0758578896627744e-09
2.421199446663025e-09
2.3175619414013415e-09
2.3999579480855904e-09
2.104834386645882e-09
2.5158497628935406e-09
2.8869541696466272e-09
2.1216578949441456e-09
2.671016907651591e-09
2.2041495759649032e-09
2.503132808667763e-09
2.112960898262295e-09
1.9943721557037775e-09
2.4681966674482136e-09
1.923626090881425e-09
1.8095053164191022e-09
3.208613250094139e-09
2.4891127011102132e-09
2.246780065814913e-09
2.2675436719271636e-09
2.531881455793833e-09
2.1521775243026064e-09
2.5512619629755595e-09
2.4213307418113894e-09
2.76023499456296e-09
2.0315190428325802e-09
2.190057428810843e-09
2.177149826740332e-09
2.9364553909110025e-09
2.4268535683651116e-09
2.4421025735486823e-09
2.7922172070142526e-09
2.372455980368532e-09
2.3118028585206174e-09
2.4403709092575554e-09
2.2630529004571964e-09
2.8698545974543965e-09
2.294370679556401e-09
1.8519908271882879e-09
2.011517514187433e-09
2.8384147155065265e-09
2.579323267991318e-09
2.2163159376330233e-09
2.515770404065004e-09
2.352315967447255e-09
2.3303148052704337e-09
2.1589802285358617e-09
3.2744459179702423e-09
2.1987163205568205e-09
3.247228630084975e-09
2.663158429026813e-09
2.701227077520768e-09
2.9737357160053435e-09
2.1077185352949557e-09
2.854144413866333e-09
2.418324991648735e-09
2.881792847755915e-09
2.0820163193317753e-09
2.104197257841306e-09
2.954439493833144e-09
2.9208063949230645e-09
2.141476347812532e-09
2.0681763085970972e-09
3.1070586554993174e-09
2.080343548035296e-09
2.405768939964248e-09
2.041636062034141e-09
2.643036805475424e-09
3.028719754594872e-09
2.5730021685314852e-09
2.3020288683096857e-09
2.475448204492664e-09
2.055033921245092e-09
2.2059416316180802e-09
2.601668274912483e-09
2.809919563522001e-09
1.8718823526810147e-09
2.207388979501984e-09
2.0976408808721925e-09
2.0934930620650216e-09
3.4314793385253894e-09
2.412588611094141e-09
2.5184222767100917e-09
2.6702498575996436e-09
3.382418245229807e-09
1.8696689170830116e-09
3.439719712620276e-09
2.7056476208792146e-09
2.4690093077678332e-09
1.8925138136303976e-09
2.2067925052431103e-09
2.0265855269971378e-09
2.38390796556201e-09
2.292457312088464e-09
2.1205947592535523e-09
2.769521319744006e-09
2.7448520795690656e-09
2.0862906168275797e-09
2.1328624543598407e-09
2.5110999004977763e-09
2.275919040901908e-09
2.3390405328761743e-09
2.2541263820785584e-09
2.2948862189904606e-09
1.8367415019482358e-09
2.2783873880431738e-09
2.1130481748024565e-09
2.1968772048915064e-09
2.959909971636532e-09
1.4484674583890855e-09
2.4966815424971867e-09
2.240291579851117e-09
2.0723901444745507e-09
3.02810162708389e-09
1.96435430855485e-09
1.690744902589636e-09
2.483172351335633e-09
2.2451994226464767e-09
2.719571906215079e-09
2.3493963528103956e-09
2.2915742857974875e-09
2.4817613068772726e-09
2.674764609019581e-09
2.539161523401612e-09
2.3736698466156336e-09
2.793986846570673e-09
2.5793969126407246e-09
3.013777801971762e-09
2.24764555535259e-09
2.369638338415442e-09
2.5873058556724615e-09
2.2888138498204647e-09
2.568990718938846e-09
2.29992894781178e-09
2.1225786159088933e-09
1.870787288971165e-09
2.2137951775566544e-09
1.8802650738475313e-09
2.1790091649445675e-09
1.829720012221786e-09
2.220179737971728e-09
2.539618979089525e-09
2.3930731025273433e-09
2.0510368191166417e-09
2.4108032939743063e-09
2.445360406354291e-09
2.1538566685394556e-09
2.2615193970981773e-09
2.16222182172765e-09
1.9614362729500345e-09
2.4357544640106477e-09
2.830919063404047e-09
2.3917759045012643e-09
2.569440278165497e-09
2.6914468292948968e-09
2.927193379180515e-09
2.3544723557963887e-09
2.161138658220846e-09
2.8359877766483133e-09
1.9117221989467525e-09
2.302162805441904e-09
2.702112528955164e-09
2.084909071775609e-09
2.0740624734165436e-09
2.2990550418294786e-09
2.3179186157268328e-09
2.8996618717247458e-09
5.11010629080863e-09
2.3493811149993826e-09
2.1016077884038198e-09
2.555297544306473e-09
2.345967799362303e-09
2.1976918002444834e-09
3.2889886265874413e-09
2.1085714068877492e-09
2.1468085009343496e-09
2.4751884656476486e-09
1.6770483036131212e-09
2.4496994870983058e-09
2.9901799656131822e-09
1.8646046156742258e-09
2.4815301250501187e-09
2.3095297336898912e-09
2.9547946524439983e-09
2.876046791781134e-09
2.4193165613223266e-09
2.558082863157035e-09
3.1263440170015144e-09
2.101797281356399e-09
2.397217154382486e-09
2.766061934621894e-09
2.1458125818753226e-09
2.0315259999410806e-09
2.5744407387146007e-09
2.6416262202851037e-09
3.4318589107670827e-09
2.7933440586644376e-09
2.3062889120163688e-09
2.2279148469660226e-09
2.2700645668782826e-09
2.286491077637537e-09
2.046271495997898e-09
2.6650177659300056e-09
2.1360017418009525e-09
2.397039919419669e-09
2.541656206247328e-09
2.844853669043551e-09
2.576336067660473e-09
1.881385269363739e-09
2.3493082232199647e-09
1.8564904197271304e-09
2.831087615208505e-09
2.4446858786462966e-09
2.762868672127189e-09
2.816825125147998e-09
2.9875646743830753e-09
2.049299063344029e-09
1.8691172633082676e-09
2.4028706546198875e-09
2.5701728818133818e-09
2.7755737296193683e-09
2.413194895647952e-09
2.174183479520392e-09
2.4578174491300675e-09
3.204478788224052e-09
1.8928476633317537e-09
1.7718558057398803e-09
2.188473816663178e-09
2.8769102937593882e-09
1.8806793266809563e-09
2.3592256290921876e-09
3.174713121729955e-09
2.3378070286919628e-09
3.2069613973943756e-09
2.761423761096088e-09
1.9216592956651513e-09
2.437430167423482e-09
2.601138744499909e-09
2.5425311825540142e-09
2.8749180878799574e-09
2.2882974855253924e-09
2.3049725934344567e-09
2.27153214337264e-09
2.1005020158122722e-09
1.9224090522587667e-09
2.3175805324328336e-09
2.1691496624072493e-09
2.195826099508219e-09
3.117605301521109e-09
2.5803782157871047e-09
2.424548308215674e-09
2.137725432435622e-09
2.4552353553031203e-09
2.1624854246692082e-09
2.0371598973695226e-09
2.459947024725795e-09
3.012988798994226e-09
2.111229171521123e-09
2.170530621122685e-09
2.367042646958528e-09
2.7845452827204853e-09
2.2733132360071295e-09
1.5658541290854144e-09
2.0438062787314637e-09
2.511897494693327e-09
2.7738823785670996e-09
2.481082445830035e-09
2.3999783770566052e-09
2.8301813900268036e-09
2.670718552127277e-09
2.425104848272769e-09
1.932313245175954e-09
2.985072980899589e-09
1.9776432227947005e-09
3.034549043903073e-09
2.2055222695903376e-09
2.1611313658770337e-09
2.3285161520301967e-09
2.035540762421878e-09
2.8755534117047565e-09
2.300115614466136e-09
2.3097947990033396e-09
2.3998630912375196e-09
2.2816607956298307e-09
2.7204514509160393e-09
2.6613004456416123e-09
2.5037851228079666e-09
1.9200209937578205e-09
1.6988056807630547e-09
2.9871197928382776e-09
2.228193227149511e-09
1.9333378062542927e-09
2.1245389497139e-09
2.3413238938764513e-09
1.9539235967050428e-09
2.7943799310072015e-09
2.2411670210636947e-09
2.7647186380541644e-09
2.4652209635635247e-09
1.939619927778663e-09
2.4203771335253033e-09
2.4504281381787507e-09
1.9514108337038982e-09
3.6755235517486884e-09
2.0887375344960657e-09
1.928138702086274e-09
1.812665104822253e-09
2.3232774168033266e-09
2.3910916293820583e-09
2.2785398251339017e-09
2.8238562469265482e-09
2.185431036659524e-09
2.2425630389136253e-09
2.287824844501851e-09
2.3340551835032697e-09
2.64174311332549e-09
2.639629965127399e-09
2.2373268476587327e-09
1.9410707334001354e-09
2.7988119326478877e-09
2.8776732125673776e-09
2.2176504239738992e-09
2.4879622424756054e-09
1.924144700342356e-09
2.9965998116048e-09
2.3100044407690923e-09
2.83584298751971e-09
2.1523543065025963e-09
2.7571792730884948e-09
2.1127550182444e-09
2.9956218833629422e-09
2.872552633259584e-09
2.0667223154212377e-09
2.2660461727538883e-09
2.5277720567748463e-09
2.2651478670185354e-09
2.3795941315497837e-09
1.995062897872102e-09
2.3987043731507618e-09
2.6916610489959025e-09
2.5771079176922784e-09
2.899984786596671e-09
1.7973295842084458e-09
1.988896142397778e-09
1.8802166195514003e-09
1.9997637157320725e-09
2.677128886196395e-09
2.9031778920989015e-09
3.122297044175215e-09
2.482406031168588e-09
3.0689764241205453e-09
2.069540175949486e-09
2.9239372693889987e-09
3.0488878648322892e-09
2.791082872634354e-09
1.966988302706113e-09
1.756624135648005e-09
2.576166479792419e-09
3.0964101361066754e-09
2.940956234185471e-09
2.4009908479796782e-09
2.8388478403966466e-09
2.4829586503169465e-09
2.131898194437931e-09
3.1190050503275557e-09
3.444885600303177e-09
2.1831130215220484e-09
2.831597334211622e-09
2.1494208422671857e-09
2.118124481365058e-09
3.11485775800896e-09
2.1533524698601203e-09
1.8916517445337344e-09
2.356230710542917e-09
2.5146536571790667e-09
1.441139276057296e-09
2.3736178795044638e-09
2.331673055154526e-09
1.928326993742846e-09
1.8002569929578827e-09
2.6248955075497404e-09
2.265858792694503e-09
2.7189098195101735e-09
2.436104607102252e-09
2.3797350552808016e-09
2.241683759191676e-09
2.7933191254839174e-09
2.887249629483779e-09
2.2926033385085864e-09
2.107903032677605e-09
2.1796949405995802e-09
2.083665701351628e-09
2.119371152967814e-09
2.127223431257208e-09
2.5904047721951595e-09
2.5817969034371002e-09
2.1360875971689064e-09
2.4230281231961415e-09
2.419355406985124e-09
2.657197784722287e-09
2.772015689038454e-09
1.973831428164763e-09
2.2173665937229303e-09
2.1249842285103737e-09
2.7886537298099645e-09
1.898548171973269e-09
2.7918064375055673e-09
2.697205742606401e-09
2.311275921085959e-09
2.4413464318716327e-09
2.1730768391334254e-09
2.538502863209252e-09
2.3584440654762784e-09
2.352435399689129e-09
2.1150594019248015e-09
2.8862710090872545e-09
2.427652298370858e-09
2.404456748723166e-09
2.3472326495660445e-09
2.59576217421717e-09
2.7464722137174324e-09
2.4139465201050703e-09
2.681501055923352e-09
2.2725160793955756e-09
2.9475075965026964e-09
2.6360920620839556e-09
2.236359702024321e-09
2.1188181257257577e-09
2.7175802255231807e-09
2.8039472289159706e-09
2.143888476469069e-09
2.9902604329300198e-09
2.9325032137837714e-09
2.886029285779218e-09
1.7103702230555906e-09
1.9318471006918303e-09
2.364327869337074e-09
2.1679257096104965e-09
2.781488604546023e-09
2.1102143348689095e-09
1.4113492106775094e-09
2.088495612995872e-09
2.0550896592114176e-09
2.880740079640176e-09
3.5189384071585006e-09
2.216096567971698e-09
2.6582437722376395e-09
2.4248967937789967e-09
2.3659281218196826e-09
2.7091490149323827e-09
2.1445531006407392e-09
2.6305974460370807e-09
2.8175885899602016e-09
2.1520019446996663e-09
2.0157661356073886e-09
2.8508049662243073e-09
1.98431667234808e-09
2.442545700420684e-09
1.993353456256064e-09
2.537552919092828e-09
2.3300831446596004e-09
2.3514749058518858e-09
2.267168225291577e-09
2.7959947091968362e-09
2.457946215485285e-09
2.5132076337565368e-09
2.0884983790124545e-09
2.382466514003201e-09
2.45912305319243e-09
2.9801859873120062e-09
2.277967777949974e-09
2.226559666675121e-09
1.876833996376781e-09
3.132616195958282e-09
2.8141666583852976e-09
1.700006161016454e-09
1.9722859153151195e-09
2.4867110458466624e-09
2.3489366788448374e-09
2.2018195669493146e-09
2.1092914307546673e-09
1.972821809994446e-09
2.1079087295095e-09
2.2506955119072636e-09
2.07380467182397e-09
2.4741410530569607e-09
1.6945433255373399e-09
2.99186869116147e-09
2.1586273666988898e-09
2.358283757511459e-09
2.3198589685531623e-09
2.701043556353755e-09
2.266664108577926e-09
2.7187849406702658e-09
1.8175912177252618e-09
2.2988677077402653e-09
2.799962426410646e-09
1.8285468061582377e-09
2.705561903855458e-09
2.0970606709469486e-09
1.9781734093664294e-09
2.353614966116302e-09
2.6621618069710973e-09
2.5621821261867517e-09
2.406855110180517e-09
2.245709156394743e-09
2.331780335658451e-09
2.400376673903498e-09
2.8262315604141164e-09
2.4209022542708014e-09
2.7579641890575213e-09
2.1776334581044554e-09
2.448133037871031e-09
2.2066707593138e-09
2.2049403513961507e-09
2.020358604373773e-09
1.948356357327208e-09
2.4950824809022443e-09
1.9876718613046074e-09
2.11466288750628e-09
2.0573943321569588e-09
2.604264756969621e-09
2.6318261463383064e-09
2.3055286169776368e-09
2.5083977828882498e-09
2.6116611893944874e-09
2.2976990254018614e-09
2.189957954996241e-09
2.611101386322534e-09
2.5003703977080627e-09
1.9820211891001527e-09
2.205489495459706e-09
2.135653313917185e-09
2.1573923615451907e-09
2.3095124549767088e-09
2.124986879167845e-09
1.6904007564370882e-09
2.436904474219237e-09
2.155295102546778e-09
2.203446196769737e-09
2.7735247700930166e-09
3.2771922142162124e-09
2.574934535558293e-09
2.3181591971531412e-09
2.0788757412563974e-09
2.907030822660306e-09
2.8633713351766676e-09
2.235579687082795e-09
1.7155044108353723e-09
2.53249165084804e-09
2.2520515756060955e-09
2.929869936073304e-09
2.069916676429584e-09
2.759668910490981e-09
2.074020992275105e-09
2.4927932699807254e-09
2.239642067289327e-09
2.091149487511851e-09
2.202867904581296e-09
2.498761816384365e-09
2.6072444246974524e-09
2.1329380241186247e-09
3.2467464728021256e-09
2.292876086044948e-09
2.460748489956782e-09
2.317679727390637e-09
3.1068319891573715e-09
2.445873365820861e-09
1.9206825869338973e-09
2.2799082205482435e-09
2.8762806268678442e-09
2.356751316670569e-09
2.054197814887332e-09
2.6268599348684696e-09
2.054473417778535e-09
2.974988323831834e-09
2.365320828957851e-09
2.531066098463569e-09
1.9872015005750754e-09
2.682563169428137e-09
2.1129984888526576e-09
2.2216100187787136e-09
2.4397024908119624e-09
2.3849043000873094e-09
2.3020907042627103e-09
2.539987402697119e-09
2.1770596662223918e-09
2.647695039343506e-09
2.13969715036344e-09
2.0098992964748263e-09
1.917819106213997e-09
2.2951900913691092e-09
2.1518905988712755e-09
2.0339976799198245e-09
2.0790169217264898e-09
3.0253452976310158e-09
2.1759289994816022e-09
2.199225775014607e-09
2.260522197379544e-09
1.9268123667773307e-09
2.5243368137993494e-09
2.3922983004298626e-09
2.2054021222087106e-09
2.114216835456817e-09
3.164814324236459e-09
2.3285736143116575e-09
1.859788963890635e-09
7.94689159963613e-10
2.7704945768092237e-09
2.416908155382369e-09
2.3680094066169666e-09
1.9363317173629047e-09
1.8615513661807137e-09
2.2358700654812047e-09
2.0898258401569336e-09
1.881664046798903e-09
2.2900528513433716e-09
2.4311963466722153e-09
2.378090685310752e-09
2.8970202478259544e-09
2.4142910951679974e-09
2.5235098611436912e-09
2.0936573637969635e-09
1.997702877253038e-09
2.4712779062713297e-09
2.0410568209519586e-09
2.557900579715222e-09
2.2784817444235217e-09
2.7528584837024916e-09
2.3702130527367138e-09
2.223097192444179e-09
1.6821787990339843e-09
2.2129081614016832e-09
2.52271466216758e-09
2.3222578521622794e-09
2.653436012578503e-09
2.134824967844895e-09
2.3666479106315697e-09
2.0816807470500076e-09
2.2176751216657076e-09
2.504154820136273e-09
2.1519279500697985e-09
2.2520180911062004e-09
1.8749371352363986e-09
2.824673733629879e-09
1.9018783960905727e-09
2.240254675343889e-09
2.9679590816261703e-09
2.129612609522158e-09
2.477750183846328e-09
2.262598738575483e-09
2.08234305666688e-09
3.0217380021790863e-09
2.168656676113101e-09
2.1463671456486977e-09
2.4451490563195954e-09
2.3982035602179708e-09
2.74314873767445e-09
1.933754868906068e-09
2.3423465597693927e-09
1.976604148586081e-09
2.5302654442158068e-09
2.8008291857659073e-09
2.0974703987541865e-09
2.861803613529723e-09
2.3601129600994697e-09
2.6507043695417343e-09
2.6110309296611955e-09
2.8782989906425693e-09
1.906077716669341e-09
1.9546982660961776e-09
2.4932036686922676e-09
2.2837846501075343e-09
2.2884165864350825e-09
1.8320407881716738e-09
2.2094671205466487e-09
1.982347719135802e-09
2.208664547261041e-09
2.160140318355208e-09
2.7177511942311217e-09
2.272510195647226e-09
2.441114653299603e-09
2.6611640408652493e-09
3.0670598847107322e-09
2.3672167264593424e-09
2.328600092263433e-09
2.642442814039525e-09
2.172238195742582e-09
2.2788273230239797e-09
3.381391386510224e-09
2.5415718037102852e-09
2.4935766255659852e-09
2.1514697844463027e-09
2.053947002061962e-09
2.5290220317247813e-09
2.0612845007261793e-09
2.9622063343892613e-09
2.217295599730995e-09
2.177292982193102e-09
2.2605979779072305e-09
2.0781040976566856e-09
2.1748370587076904e-09
2.7355282318855534e-09
2.1240342956696523e-09
