Time-of-Flight [s]
3.025492945439153e-09
2.190301378633801e-09
2.690763272184265e-09
2.0087595382198763e-09
2.3306500125261056e-09
2.8776578002326374e-09
2.5111803486502817e-09
2.2315639186661987e-09
3.167968244444691e-09
3.008769042369706e-09
2.9296891066366013e-09
3.8515084851268335e-09
2.902216845470593e-09
3.1176882072166794e-09
3.272461894599759e-09
2.445216770803247e-09
2.437682279647368e-09
3.1461383567875272e-09
2.575162697605417e-09
2.588381115441355e-09
2.816704328541875e-09
2.6537883169852097e-09
2.9408669900767115e-09
1.9066966479764732e-09
3.0908983094815247e-09
3.0042113006792686e-09
2.8618302063620362e-09
2.49493102773007e-09
2.304027692254892e-09
2.545028574052277e-09
2.9388110925344055e-09
3.054715558016592e-09
2.121186352474903e-09
2.4420416620321697e-09
3.150419207626896e-09
3.343471459782474e-09
3.1347294166153828e-09
2.3306455428317105e-09
2.6915804922378915e-09
3.2094070430684025e-09
3.3081925013627196e-09
2.692714815699112e-09
3.04958660870572e-09
2.492141119561826e-09
2.3645374697151027e-09
2.821407847043578e-09
2.5975379573992715e-09
2.6469488548953524e-09
2.0220875343121032e-09
2.9795597694691668e-09
2.2814067422859507e-09
2.6391174143110277e-09
2.3016470371700355e-09
2.5190723228526635e-09
2.602654325172007e-09
2.468402320981357e-09
3.0159214159857783e-09
2.8790327738643015e-09
2.7939950311798388e-09
2.557998004952689e-09
2.4498745545004227e-09
2.8597201912837603e-09
2.9330383197339696e-09
2.6686237817082753e-09
2.698971166816115e-09
3.2594299081139066e-09
2.7283977450751485e-09
2.2431857200491676e-09
3.1261605081562896e-09
2.232793916432482e-09
2.7903457215096736e-09
2.1903654678462033e-09
2.9641955697554863e-09
2.6841982699371742e-09
2.852097959649987e-09
2.5019126467856002e-09
2.477301060099644e-09
3.068087593006055e-09
2.972123411929491e-09
2.9992317932074744e-09
2.7367201192082374e-09
3.240728883322977e-09
2.5622452983613557e-09
3.3057224443490776e-09
2.8044845119568366e-09
2.440807408952248e-09
2.5414091017813292e-09
2.9490629053070095e-09
3.144168481163993e-09
2.0004397059424003e-09
2.63401895478669e-09
2.451275291491081e-09
3.3158870041032014e-09
3.164168465532552e-09
2.518922724693655e-09
2.514149068024319e-09
3.2025253019401172e-09
3.2870592592126196e-09
2.571044014127005e-09
2.565472325076728e-09
2.171361039472939e-09
5.047174053584338e-09
3.2706615540974198e-09
2.9762664949229377e-09
2.430550704347957e-09
2.8096528533620485e-09
2.431035432343614e-09
3.2546735537755726e-09
2.2482352941240516e-09
3.19688318714351e-09
2.965175133974566e-09
2.729123304044879e-09
2.7016990522885217e-09
3.0674954640448355e-09
2.5708358592056187e-09
2.35967096250704e-09
2.6882784950086285e-09
2.5503660376636746e-09
2.401611197320761e-09
2.3207332844536705e-09
3.623834410390123e-09
2.38730555819744e-09
3.21137467205817e-09
2.87243124437499e-09
3.1444436062659335e-09
2.541620721069164e-09
2.932180948518354e-09
2.827984325085394e-09
2.3321932348129476e-09
2.3358780113755294e-09
2.091903831083643e-09
3.0556689984398064e-09
2.336247088099736e-09
2.163014833469874e-09
3.0962753519381216e-09
2.484123620176011e-09
2.129757500558989e-09
2.6520309863807122e-09
2.692040834422236e-09
2.3236196238738413e-09
2.44478406402553e-09
2.610180252314028e-09
2.6870204783922667e-09
3.2533609294092754e-09
2.765321595667541e-09
2.95702485998723e-09
3.0503237882712256e-09
2.472191875021459e-09
2.652870811455362e-09
3.052766553209916e-09
2.9121753772627765e-09
2.6258205446826792e-09
2.52202849796839e-09
3.564219409826904e-09
2.0847874223911143e-09
3.2107566772196527e-09
2.37693582045141e-09
2.9491677673946506e-09
2.6368888857133054e-09
2.619797652004787e-09
2.953052530900945e-09
4.1285316407363155e-09
2.236032117344561e-09
2.329271312236618e-09
3.086831935105106e-09
3.3062884952512464e-09
2.9205519836103555e-09
2.956578181622971e-09
2.805217014221654e-09
2.434237716735318e-09
2.086281815440362e-09
2.6738540556181035e-09
3.055954687294514e-09
2.5481942714144427e-09
2.2389611695513678e-09
2.593753806579799e-09
3.3872015153876692e-09
2.1541865372808272e-09
2.379393254284658e-09
2.7594358494162016e-09
2.9660405353784647e-09
2.5063556202558105e-09
3.2724170344935457e-09
2.6969628004721636e-09
2.9138074514349014e-09
2.5028818486111262e-09
2.443751507359357e-09
2.717508571035282e-09
2.035672156300403e-09
1.9498881517362695e-09
2.1395743197237375e-09
2.4948825557563614e-09
2.302962934830783e-09
2.810737638252544e-09
3.1575666710074784e-09
2.2423021005886414e-09
2.4313028108227262e-09
2.6409400748697164e-09
2.789470860491795e-09
2.7695171038035296e-09
2.807703477374947e-09
2.846455661372491e-09
2.5871396100778327e-09
2.6295688226802064e-09
2.729880201654788e-09
2.5702763297507183e-09
2.7266611393293326e-09
2.6765681909852958e-09
3.142804653190166e-09
3.3309967276527893e-09
2.8148287533504685e-09
2.6528819321797257e-09
2.213412542315075e-09
2.52613043618904e-09
2.3780604353145862e-09
2.7117538476501783e-09
2.4544262948733846e-09
3.4081546248201824e-09
2.977068178319119e-09
3.1423721578250968e-09
2.7619029025689507e-09
2.6466385567883936e-09
2.5416411333129723e-09
2.8010931152352785e-09
3.1401130685302064e-09
2.5803591765972565e-09
2.62475927190214e-09
2.451656295603008e-09
3.008803083238428e-09
2.843543528038942e-09
2.8698696560501785e-09
3.073686529371522e-09
2.7515769489181937e-09
2.4164986164363733e-09
2.408113700576997e-09
3.0766358433890854e-09
2.275670440099692e-09
3.3708189755046172e-09
3.0252097559202397e-09
2.504303349216882e-09
2.6262649525395478e-09
2.837700752851525e-09
3.5908778785265845e-09
2.5107577981645795e-09
3.1166360758414413e-09
2.832672820879254e-09
3.15307127763786e-09
2.4707272918263407e-09
2.628240583840897e-09
3.0672612661197037e-09
2.197737220919219e-09
2.5050919920495613e-09
3.114967028118739e-09
2.769486037125301e-09
2.1669973981734442e-09
2.8197317347323646e-09
2.378510405552116e-09
2.217094382920854e-09
2.039016122480343e-09
2.7665556886362125e-09
2.59434481349172e-09
3.3753761540052834e-09
2.5434540869698e-09
2.014376176665445e-09
2.456248676945428e-09
2.457659219380913e-09
2.7022481637446966e-09
2.581865140563797e-09
2.787974556197405e-09
2.5202891692962517e-09
2.145092500633781e-09
2.849577145482094e-09
3.1999201317186557e-09
2.767071604881349e-09
2.4000241206474052e-09
2.186280250310042e-09
2.618510017326272e-09
2.1740039901048467e-09
2.6309801560750576e-09
2.6836418141869625e-09
2.9749558309771274e-09
2.741488791144583e-09
2.8252962034213834e-09
2.860096965939953e-09
2.710934299600691e-09
3.1507667197058407e-09
3.0379445838829046e-09
2.4142429502557326e-09
3.437260630718411e-09
2.7651952080163145e-09
2.734760283646645e-09
2.993642351834013e-09
2.7319489881251816e-09
3.022376096726583e-09
2.5465280071402608e-09
2.342660162676192e-09
2.74160978778516e-09
2.6854400077559715e-09
2.855869961793534e-09
2.6036549700836505e-09
2.9105992126523e-09
3.0354841924342215e-09
2.450119213821166e-09
2.82348318359773e-09
2.549759096703375e-09
2.71266382826426e-09
2.4640515630224968e-09
2.5461330426294025e-09
2.5733117606864574e-09
3.0663349305631838e-09
2.7001066656994507e-09
3.107595985757188e-09
2.5561871657721596e-09
3.364607475423375e-09
2.9801884055842944e-09
3.0069109702157704e-09
3.0596286939974958e-09
2.470282909807365e-09
3.3440198243326192e-09
2.7443497615129374e-09
2.777162947309106e-09
2.436941286996185e-09
2.820974957698074e-09
3.5348134477526487e-09
2.262187566394111e-09
3.0393464823573273e-09
2.8009561984715446e-09
2.1780265423715773e-09
2.7019264139496496e-09
2.426580120962695e-09
2.2900513204160227e-09
2.631085111155058e-09
3.2421403865106647e-09
3.4087987955619143e-09
2.5429328189265576e-09
2.1649318626121143e-09
2.8741602882138406e-09
2.8206891125048014e-09
3.049789299629322e-09
3.1861515776253086e-09
2.4438351896134626e-09
2.6493763719475727e-09
2.5632707903526205e-09
2.662982732553655e-09
3.206008912030032e-09
3.2366059860309887e-09
3.229093943691902e-09
2.9901089851873267e-09
2.998887776839009e-09
2.9714643625847843e-09
2.64681512171088e-09
2.7891194801120595e-09
2.2036440846590804e-09
2.59917098985958e-09
3.1182436674884553e-09
2.753137967949381e-09
2.3387351564719432e-09
3.064307491860421e-09
2.7476543063966537e-09
2.5756044239584153e-09
2.6651691725136737e-09
2.621750413589355e-09
2.7126607178034235e-09
2.644332872244956e-09
2.2766452059880867e-09
2.80259737972169e-09
2.195909445320838e-09
3.1444231788873406e-09
2.1195483082756526e-09
2.73962562980293e-09
2.2166409874413277e-09
2.959023008139905e-09
2.4444172400328807e-09
2.516426253388693e-09
3.2012865703581403e-09
2.9301637008213454e-09
2.9257296044681805e-09
2.591091506142591e-09
3.1819194675880005e-09
3.1216976765331087e-09
2.715439465169093e-09
3.1593658899640802e-09
3.1571698467578574e-09
2.633105473737803e-09
2.2811624893995675e-09
2.7591914046184106e-09
2.7993814243537423e-09
2.397756166312465e-09
2.4273711934585615e-09
2.8140971079204636e-09
3.122732954631438e-09
3.337791535939778e-09
2.349610941499282e-09
2.6925063944908956e-09
2.5168690485829212e-09
2.729681447531955e-09
2.4233079392631056e-09
2.4806122437396098e-09
3.545667438093706e-09
3.0501721898413712e-09
2.4048393981271365e-09
2.498288417212126e-09
3.3301243228432633e-09
3.0142105730460557e-09
2.5649249191722146e-09
2.694349411291809e-09
3.089775861122375e-09
2.5373321037359974e-09
2.22302470940898e-09
2.9909322642543163e-09
2.093193354479612e-09
3.2163329280522645e-09
5.232389916742103e-09
2.283704798210955e-09
2.876760473580339e-09
3.3009820696235656e-09
2.3023263213170064e-09
2.8425050944074588e-09
2.370892245393962e-09
2.819285205701708e-09
3.0327161713178136e-09
3.255985016542909e-09
2.5921224478659115e-09
2.629552222220186e-09
2.500845797463703e-09
2.642903301475197e-09
2.728614447826134e-09
2.305958909870696e-09
3.0008692237262725e-09
2.6021766158607572e-09
2.9452140512932577e-09
2.166757622539743e-09
2.7285002411609046e-09
3.281987094373468e-09
2.6373627915027265e-09
2.2418236865951076e-09
3.0508130040388668e-09
2.926710210885916e-09
2.873600952961572e-09
2.8246236108753534e-09
1.917285884614798e-09
2.8708323580582695e-09
2.487755030352711e-09
2.3334289419113204e-09
2.6324084125546143e-09
2.7552913375950634e-09
2.275688628715995e-09
3.080452308470603e-09
2.5117713562002302e-09
2.6913466549908236e-09
2.4641255226936208e-09
2.5408314919202787e-09
2.737522608940821e-09
2.736621644043786e-09
2.698477252311923e-09
3.3815173588425617e-09
2.2097307234746543e-09
2.590155616437285e-09
2.4456358632712243e-09
2.5341473840835614e-09
3.0118397089954545e-09
2.527324542353493e-09
2.475490659057918e-09
2.7047990227573753e-09
3.875513591210873e-09
2.3561721451602845e-09
3.1919102144313777e-09
2.8297568400577843e-09
3.036879612942965e-09
2.5230891117979538e-09
3.1355972444717904e-09
2.9174826906216435e-09
2.303832675318502e-09
2.4352247134847038e-09
3.267558290206919e-09
2.990728114528221e-09
2.5883820040998305e-09
2.8721675628253862e-09
2.5306752962184036e-09
3.1953029829939446e-09
2.6395944558934995e-09
2.500428037317565e-09
2.820406522709867e-09
2.5648340342445926e-09
2.206422879458595e-09
2.935233476780252e-09
3.2174490411474932e-09
2.726843964048916e-09
2.835446124347231e-09
2.265222626966388e-09
2.3768462785521242e-09
2.5284445283611833e-09
3.250489711966668e-09
3.1154468296064504e-09
3.1083209701878584e-09
3.24027721334782e-09
2.082155098117873e-09
1.99520404748309e-09
2.6292862795364584e-09
2.5569842930289396e-09
2.338987751712132e-09
4.107486247992547e-09
3.2365067276812396e-09
3.0051945003946746e-09
2.7849345866524586e-09
2.3990712466677336e-09
2.4286394218329846e-09
2.6081445686433787e-09
2.5983098880948715e-09
2.650054089595199e-09
2.6965253075415547e-09
2.3892464978312548e-09
2.5902336689241764e-09
3.399205897898353e-09
2.760295787723559e-09
2.663167154347084e-09
2.7269905413860435e-09
2.7222132592259578e-09
2.269481810277332e-09
3.0987026826913744e-09
2.5078423179328052e-09
2.9268263049709448e-09
2.7001090439375736e-09
2.9567502005467343e-09
2.987656330185218e-09
3.6125546495818024e-09
2.0905594688637626e-09
2.4044823964335755e-09
3.142360006818984e-09
2.6393062142542837e-09
3.2137838138529182e-09
2.2039382755934434e-09
2.9915226198385584e-09
2.1682319819451928e-09
2.337100453031623e-09
2.674626421652216e-09
3.0126698550398626e-09
2.5812686011951946e-09
2.474588198449776e-09
2.248197041841715e-09
2.7170094741234795e-09
2.3662892402221162e-09
2.457913467206099e-09
2.4420502448628642e-09
2.5624522423102307e-09
2.6538639220292687e-09
2.4072244247922325e-09
2.9197130081825965e-09
2.5238197642207414e-09
2.503140708456171e-09
2.5498064233208263e-09
2.736166058753698e-09
3.4617837514215773e-09
2.7783821343664605e-09
2.798087897043196e-09
2.909998413324613e-09
2.7025798348502073e-09
3.40178794477257e-09
1.8731638202956e-09
2.2194519243696987e-09
3.009133574938651e-09
2.4882407578048944e-09
2.2722174802849147e-09
3.945180333651431e-09
3.2871286461967067e-09
2.563332190225979e-09
2.2548453019024042e-09
2.6051098952735788e-09
2.980306363677132e-09
2.649062140274664e-09
2.340295866210744e-09
3.0876425367011248e-09
2.8675929626459287e-09
1.9552604671929435e-09
2.356319996902527e-09
2.5526253820510074e-09
3.444273365702053e-09
2.3727708844771805e-09
3.007581900757797e-09
2.8613706933708545e-09
3.3552705878912566e-09
3.083480704540217e-09
2.1144081204532857e-09
2.6671428594271756e-09
2.5240232137148638e-09
2.962523264837889e-09
2.2642789917478668e-09
2.6356401034230295e-09
2.469700690015239e-09
2.3783539028184378e-09
1.9293102778553443e-09
2.74232943214066e-09
2.713310050286009e-09
4.281397553820073e-09
3.1850075219295895e-09
2.7027892591792143e-09
2.968588616292483e-09
2.886195343756049e-09
3.034115020385535e-09
2.3385003854815888e-09
2.5197093882136246e-09
2.4145479314818244e-09
2.759595429074988e-09
3.196858353504608e-09
2.640144737041188e-09
2.4749032605063523e-09
2.6117635006000562e-09
1.9365517762651033e-09
2.593596428647634e-09
2.0476127677503076e-09
2.4343977746593996e-09
2.6170259522412297e-09
3.151601792730839e-09
2.8614668776279738e-09
2.887088855271368e-09
2.5664564124610635e-09
2.249569436315441e-09
3.2370230295737006e-09
2.6498075886960794e-09
3.121636685160024e-09
3.2894083705796093e-09
2.8666843478419813e-09
2.5849353651498375e-09
2.834408353695212e-09
3.135136663191644e-09
2.5774945526437637e-09
2.4727949373060847e-09
2.331255321964365e-09
2.550314885936913e-09
2.3281685612318217e-09
3.066388042083628e-09
3.055979614071465e-09
2.6315930678485295e-09
2.36434427276029e-09
2.565078116356428e-09
3.077909494116071e-09
2.9456370956239437e-09
2.4601882915034016e-09
2.71265669300779e-09
2.662917372259167e-09
2.320457179595496e-09
2.733891518375063e-09
2.6188128944717006e-09
3.0580172728501527e-09
2.3804046997015537e-09
2.585962208392434e-09
2.659915243657029e-09
2.6699606883848117e-09
3.73483383204142e-09
2.5640357582620583e-09
2.726301387065682e-09
3.1887555182886617e-09
2.3042207839988954e-09
2.7114310274291026e-09
3.0756536344053427e-09
3.194338559181324e-09
2.335784337961235e-09
2.9423592007142303e-09
2.8021976803305378e-09
3.1894706451938374e-09
2.7520789749614074e-09
3.0737890775836855e-09
2.509675047640547e-09
2.824723561881213e-09
2.4657258186595128e-09
2.4614511470055387e-09
3.725216504246818e-09
3.018242415370252e-09
2.540054901316118e-09
2.952418149383359e-09
4.383013653855663e-09
2.2967822139075174e-09
3.01090574018469e-09
2.4893726276983873e-09
2.9051969539643004e-09
2.7469385371491246e-09
2.3162573388436306e-09
3.311779643897601e-09
2.8095354567402465e-09
2.7011315505544396e-09
2.361772006697488e-09
2.9564339952396247e-09
2.9467559708122983e-09
2.4720642959557117e-09
2.645938252556607e-09
2.7119838463146063e-09
1.888616617750586e-09
2.376785797567212e-09
3.2821424770314344e-09
2.392902918388752e-09
2.920462059333292e-09
2.6272538618385063e-09
2.471723455183222e-09
2.1824870667490077e-09
3.5572952355328053e-09
1.9126354287250097e-09
2.6629931573405024e-09
2.911166425517654e-09
2.5827544407905443e-09
2.4103979814719956e-09
2.5279367958468395e-09
2.3762808427652818e-09
2.8582476261702254e-09
2.461930610669406e-09
2.2860295240177773e-09
2.4339230308664025e-09
2.84580475212791e-09
2.346669354062053e-09
2.6108212299583893e-09
2.7275325697290968e-09
2.6462026283039213e-09
2.3733214219709203e-09
2.495404491197192e-09
2.794576894858138e-09
2.98081465233298e-09
2.7051248479057583e-09
2.799198917268126e-09
2.6463013649694663e-09
2.812850877052667e-09
2.8733432219912175e-09
2.5652749923056736e-09
2.638032215430638e-09
2.4817354552555395e-09
1.8359818008219014e-09
2.4692249891766554e-09
2.8051046675764022e-09
2.5456647383738937e-09
3.247117079681187e-09
2.509627825092952e-09
3.3359657994173637e-09
2.5347878526645095e-09
2.260175711464498e-09
2.5873087674464735e-09
3.4384053700510335e-09
2.350813581923866e-09
2.821528160702855e-09
3.1428674954013915e-09
2.5989614372830087e-09
2.4698688803399165e-09
2.9242914078740287e-09
2.8009295498053607e-09
3.818839836152929e-09
3.38625279611138e-09
2.6262926895617537e-09
2.011179815134684e-09
3.1306947859599445e-09
2.760286587122937e-09
2.6271231542870617e-09
2.6554031040801254e-09
3.2049791539912097e-09
2.446171484948444e-09
2.1970698243036803e-09
2.5245933505616686e-09
2.2041534392211893e-09
2.8699746078877366e-09
2.708371672427239e-09
3.228101394794013e-09
2.1429851246535176e-09
2.3120324668722634e-09
2.927850933622184e-09
2.644010956004547e-09
2.8914165224022724e-09
2.657332972441054e-09
2.655082783609131e-09
2.322623236520791e-09
3.1034041064102952e-09
3.026961003816395e-09
3.2665330492186216e-09
2.8582278889201966e-09
2.994724736233136e-09
3.226145018354041e-09
2.3760840174889353e-09
2.3742414081854082e-09
2.736522710012788e-09
3.0292166782776297e-09
2.6741157184781298e-09
2.0712839863813682e-09
3.137036415397777e-09
2.248522066089953e-09
3.4205533498688195e-09
2.756717666275066e-09
2.360162380311316e-09
2.609629743731217e-09
3.148767460732136e-09
3.2582646629310177e-09
3.1370554286853577e-09
2.2906570703429665e-09
2.694418215534169e-09
2.9167397978206028e-09
2.8035316673014456e-09
2.9312194402541245e-09
2.821632361557614e-09
2.6004180585107242e-09
3.3237622001751083e-09
2.7919157961404538e-09
2.2969745994572827e-09
2.2196933534930283e-09
2.4102951645199946e-09
2.5701096911904e-09
2.3356730871631646e-09
2.672396420339484e-09
2.2016173783010037e-09
2.3527905678951723e-09
2.6209774830755457e-09
2.816055202665025e-09
2.217255087771431e-09
3.005539375049767e-09
2.4753782870999335e-09
2.5713734572190743e-09
3.354237592295998e-09
2.4011592622259856e-09
3.3349845284311305e-09
3.2908411069960952e-09
2.71018415543868e-09
2.502626992738257e-09
2.578919361956723e-09
2.6189245974769446e-09
2.8292157383010127e-09
2.662315061387633e-09
2.6075714366338622e-09
3.2346233993016523e-09
3.0807949479141677e-09
2.4062787514633624e-09
3.236194060261344e-09
2.2507885424845374e-09
3.437535361206336e-09
3.4723752925341607e-09
3.076186740855495e-09
3.1791863406308235e-09
2.715472131848513e-09
2.6352635784128572e-09
2.5166229288079702e-09
2.4903701970079885e-09
2.2569495854466923e-09
3.353466609273565e-09
2.1615778335553996e-09
2.3799766840193037e-09
2.598142218011054e-09
2.9603159062404965e-09
2.5853849015811375e-09
2.3795390819434173e-09
2.707333911228108e-09
3.1212480150932982e-09
2.726253304312083e-09
2.7041732720786173e-09
3.4250641458075234e-09
2.5976674451343336e-09
2.6345604868565275e-09
3.2305365668124737e-09
2.4828116932583367e-09
2.4154476569121595e-09
2.6744794243426006e-09
3.0600519276705387e-09
2.5279585832689664e-09
2.3084048008200535e-09
3.070758005174561e-09
2.7064528124317536e-09
3.1579074103664072e-09
3.3703401234561363e-09
2.854458197370721e-09
2.188050933661775e-09
3.1331654985186424e-09
3.124041502661841e-09
2.03476241217792e-09
3.019323527024445e-09
3.2894885570745316e-09
2.5887845115610568e-09
3.038140248737666e-09
3.2974570678405857e-09
2.9819784986418038e-09
2.8456674968356e-09
2.599374034919187e-09
2.3201963153215207e-09
2.600788377615424e-09
3.9636765026439995e-09
2.7253313968100303e-09
3.25021837563463e-09
3.6521787963935282e-09
2.9546583993339667e-09
2.5839982790071053e-09
2.649789772001779e-09
2.714555922913079e-09
2.640901454348276e-09
3.1489054597058207e-09
2.9123855118458504e-09
2.3435585353440884e-09
4.015519215831145e-09
2.235025871029448e-09
2.7864230098880328e-09
2.37495770474144e-09
3.067832489970666e-09
2.4729449032967737e-09
2.6216725344731674e-09
2.755406743631841e-09
2.749429582726945e-09
3.3261429845874964e-09
2.965681613630619e-09
3.1995452093151484e-09
2.920900332367693e-09
2.6402223188488113e-09
2.1075249920883207e-09
3.2414965063249507e-09
2.671200041433168e-09
3.307422044844955e-09
2.3392606879877632e-09
3.5040427548199606e-09
2.6692661777330236e-09
3.2355964764977296e-09
2.5225497958238042e-09
2.640496869467596e-09
2.771008797460418e-09
2.5292385775137856e-09
2.988228724008909e-09
2.669932978982656e-09
2.6020759230437713e-09
2.664058246207757e-09
2.126252601788417e-09
2.4535998181113294e-09
1.9074395367769774e-09
2.835165998930282e-09
3.242650938411443e-09
3.023640631518972e-09
2.9723724933466717e-09
2.4409557192357767e-09
2.698193905540584e-09
2.5092683691112618e-09
2.3894097082459475e-09
3.0313919269605227e-09
3.0514861439951855e-09
3.2010148677216223e-09
2.846540095920603e-09
2.5917916642205366e-09
2.8227176543561697e-09
2.4840954612314475e-09
2.542866670173145e-09
2.2409671707277617e-09
2.998429548772244e-09
2.5682429656391373e-09
2.6301015901308324e-09
2.380021495680738e-09
3.2898569644055405e-09
2.9591022970035198e-09
2.661690267537621e-09
2.9436428158825974e-09
2.5457603307447183e-09
2.3251652717202077e-09
2.7855560984734167e-09
2.624212585934974e-09
2.7722375342314944e-09
3.1987974174585e-09
3.1282414009170794e-09
2.539427250525619e-09
2.577484645963253e-09
2.170438174469596e-09
2.6534348488365484e-09
2.7413600300375818e-09
2.5005849594206438e-09
2.5633977168438562e-09
2.225111676049064e-09
2.7856329611432914e-09
2.7095527984792372e-09
2.9423546986731292e-09
2.977002081847968e-09
2.2508628296592564e-09
2.112924513453826e-09
3.9723729048984566e-09
2.8494624179593647e-09
2.736923050499461e-09
2.6200615395799084e-09
2.5024955371686286e-09
3.2342005079383403e-09
2.1080513066352785e-09
2.67683526764624e-09
2.430209528352014e-09
2.5778219001271934e-09
2.806658305504889e-09
2.952546932665683e-09
2.7712309639838775e-09
3.1559966100588215e-09
3.177787761217735e-09
2.74500759030519e-09
1.9251170443738193e-09
3.567953667365782e-09
2.3046908245499733e-09
3.6050083358085553e-09
2.7116559945280887e-09
3.1069434745090293e-09
2.957763537510174e-09
3.3223811813542148e-09
2.5500265524251156e-09
2.6639359533120032e-09
2.348165444260395e-09
2.953777494758879e-09
2.038077929729723e-09
2.577816217145981e-09
2.3775555736422344e-09
3.5410744521222276e-09
2.610196326888561e-09
2.2303172351908996e-09
2.52681089504196e-09
2.357204481357334e-09
2.489531947399374e-09
2.2578824181558816e-09
2.8119464876014263e-09
2.7590668257162576e-09
2.922669420173628e-09
2.3179130537019253e-09
3.109905952753517e-09
2.4229483009795966e-09
2.886316670451484e-09
2.5941878833892623e-09
2.497356830773005e-09
2.2683717543485905e-09
2.340442372268355e-09
3.220941510576926e-09
2.8665343389168863e-09
2.3737571003875496e-09
2.2003476980172413e-09
4.756206133473863e-09
2.77597902389353e-09
2.9243835706016736e-09
3.6007434071883265e-09
2.2356670132116533e-09
2.316931943828135e-09
2.1043240201707803e-09
3.0781988480789533e-09
2.212430743762841e-09
2.102873535527361e-09
3.118740828103269e-09
2.7734015991290285e-09
2.6182965658197747e-09
3.4921194128404148e-09
2.8584077670459375e-09
2.3673093133539823e-09
2.4456461904324425e-09
2.578045502256302e-09
3.3255813666966316e-09
3.0274505450174826e-09
2.731209309251746e-09
2.115254329074852e-09
3.1893812694214294e-09
3.277630035639751e-09
2.635023737252687e-09
2.5773654525440125e-09
2.371901021945566e-09
3.0555186611403665e-09
2.272070157572346e-09
2.8721527939453654e-09
2.70654352743779e-09
2.890904016294841e-09
2.770986903515428e-09
2.139787884126174e-09
2.2999728770681715e-09
3.097217860423252e-09
2.835524646761225e-09
2.8322855240189545e-09
2.261518845334139e-09
2.566522370984429e-09
3.1977340480410232e-09
3.1617710937603552e-09
2.314426902419995e-09
3.2547425614024017e-09
3.410909429495167e-09
2.541071015226253e-09
3.245420817247287e-09
4.017179605416842e-09
2.633186201825592e-09
2.7946667715048447e-09
3.0535681957570863e-09
2.61689822399604e-09
2.6242854631318728e-09
3.8757663463437775e-09
2.5938419371358476e-09
3.327435148933939e-09
2.993944379239377e-09
2.2041759606617395e-09
3.0562757578775574e-09
3.6042434499596694e-09
2.6238324584733482e-09
2.4098263398609956e-09
2.925656195158408e-09
3.210352597502646e-09
3.899845926524708e-09
3.3437633314466067e-09
3.2828505091479863e-09
2.9150181223518536e-09
2.453968863292029e-09
2.9410438899931052e-09
2.0564068687229124e-09
2.5235277527157042e-09
2.5157058001573857e-09
2.679241592853151e-09
2.5210123220351143e-09
2.7881315614418497e-09
2.9491906966680123e-09
2.5208876004993892e-09
2.4404767922113274e-09
3.1583146018317404e-09
2.9928843503436615e-09
2.4203764651011114e-09
2.493791375428301e-09
3.3834760540453913e-09
2.6996324628352462e-09
2.1784236656712625e-09
3.6001452800632407e-09
2.5298350941920693e-09
4.035776953552057e-09
2.614194911948085e-09
3.1803985484145196e-09
3.162680666890603e-09
2.2095971080794306e-09
2.7551249868497645e-09
2.50751426331239e-09
2.4813438860050996e-09
3.0790678635505154e-09
2.7575038301201355e-09
2.540728321376068e-09
2.672565374708209e-09
2.5310061842182376e-09
2.5855831029133287e-09
2.6490052738978222e-09
2.8063685751070124e-09
2.5658830741820838e-09
3.4115370572328175e-09
3.676878191280204e-09
2.8215363831701583e-09
3.088611850394292e-09
2.9799185736030997e-09
2.6769451523089155e-09
2.5900293064640622e-09
3.1733626453450464e-09
2.556933546675206e-09
2.8076401764750517e-09
2.6045950874455928e-09
3.61053296646114e-09
2.3796513544800625e-09
2.446670260855088e-09
3.086809966326449e-09
3.1722885135133895e-09
3.2067002384342496e-09
2.7594638425405132e-09
3.2223754374202922e-09
2.5713718771570382e-09
2.518316758414168e-09
2.56882296780414e-09
2.5067606082123653e-09
2.6440819054086677e-09
2.985005315421876e-09
3.1340191837780614e-09
2.303072106559379e-09
2.823825292493738e-09
2.881373391822712e-09
2.949631486406706e-09
3.2402049116183294e-09
2.5641447376430248e-09
2.5172088495513173e-09
3.1627239057948134e-09
2.504720099960633e-09
3.4765642058156177e-09
2.942500187423842e-09
2.6438673563948046e-09
2.6148468940784785e-09
2.727809718516415e-09
3.169646978410756e-09
2.7732053808974784e-09
2.702502080220758e-09
3.076882717443488e-09
3.0022800546374625e-09
2.8281054658096634e-09
3.152024159638455e-09
2.368460439924891e-09
2.938495219706786e-09
2.599720022697545e-09
2.521743844191332e-09
2.715651605634606e-09
2.5233110587840257e-09
2.976444218508569e-09
2.5231745313979495e-09
2.706523636854469e-09
3.226369154805085e-09
1.9662132606204814e-09
2.528921325145204e-09
2.3256480248128085e-09
2.7263865874128934e-09
2.883794506021594e-09
2.6021669462342753e-09
3.1699717009187533e-09
2.7376077532008988e-09
2.8642278202662243e-09
2.9054037238953386e-09
3.0927727000376387e-09
3.1343704945283003e-09
3.1017089303876297e-09
2.961103583171013e-09
2.704953434322561e-09
2.6207739389712313e-09
2.648322671567043e-09
4.469962681220114e-09
2.320378862102489e-09
2.805185610844441e-09
2.5895177503345744e-09
3.1843079949115186e-09
3.1666897529360584e-09
3.2338186236626192e-09
2.774707885832184e-09
2.4117518040165167e-09
2.0404056288661357e-09
3.1196666375405205e-09
2.530056604095588e-09
2.5440978414930943e-09
2.8160473928721735e-09
2.3006065479996536e-09
3.2683949278440724e-09
2.8394004033291224e-09
2.530519064298099e-09
2.785188381765639e-09
2.810546110147455e-09
2.5725544033883795e-09
3.145458255378276e-09
2.4724580280810655e-09
2.2417335094075588e-09
2.3969567152241824e-09
2.477178647104783e-09
3.306634326945149e-09
2.5197703069316114e-09
2.56991277799881e-09
2.504242018668088e-09
2.3570090039340234e-09
3.0259128842445755e-09
2.836406587277936e-09
2.6033321256916427e-09
2.427133045598568e-09
2.307919113469798e-09
2.4499119928654122e-09
3.2720694876189112e-09
3.2006722386389644e-09
3.4904512238431024e-09
2.449959773844889e-09
2.4196384667749243e-09
3.1470892158816464e-09
2.72681135871501e-09
1.9554807292746293e-09
2.6811951983705257e-09
3.0568956199087272e-09
1.9634697188985507e-09
3.052351424837497e-09
2.7589315151031746e-09
2.7958507593220296e-09
2.4290196671270577e-09
2.818287672489263e-09
2.4828084181952818e-09
2.8062905080240494e-09
2.4171294281437675e-09
2.7777380950401963e-09
3.1693064826449503e-09
3.3663544507023854e-09
2.9943326680735138e-09
2.8468211771227533e-09
2.758675930405888e-09
2.8411810679476995e-09
2.7347794591783044e-09
2.244697631790431e-09
3.174280267836168e-09
2.8854799245228626e-09
2.741417747025238e-09
2.1427917878383187e-09
2.981952498918054e-09
2.3314857997783905e-09
2.9142406832171914e-09
3.1165706434305683e-09
2.6187746327466406e-09
2.612433020100389e-09
2.8097530191449702e-09
2.748430500738473e-09
3.1325411334976946e-09
2.364390495944533e-09
2.6553535882416473e-09
2.958311239124054e-09
2.6255564656543946e-09
3.812926825918486e-09
2.886673017239499e-09
2.4873329918905906e-09
2.02341790732038e-09
2.5488957178633823e-09
2.604938776376532e-09
2.051270544400777e-09
3.262782096856865e-09
2.6562122237242403e-09
2.549940744856925e-09
3.104815988265756e-09
2.62668179782234e-09
2.4445206758881392e-09
2.72125547554178e-09
2.7416645727513286e-09
2.2963668381659023e-09
1.9841940810392308e-09
2.9975321097616605e-09
2.2883580105424652e-09
3.1346237483670988e-09
2.436473022361489e-09
3.0295621282375e-09
2.5795137526365194e-09
2.122823988966703e-09
3.2561154439771697e-09
2.6491685362864566e-09
2.8049088574249974e-09
2.904609934653102e-09
2.611493889084597e-09
2.7484418706582355e-09
2.828114924457179e-09
2.9116463011783465e-09
2.755890389944402e-09
2.764774351056735e-09
3.661008289845011e-09
2.693550452180591e-09
3.186270596894575e-09
2.7356421704750195e-09
3.2024954601443754e-09
3.2133371666374488e-09
2.031786598666839e-09
2.6564485461333647e-09
2.562819706886793e-09
2.2648636760263987e-09
2.7478090355924183e-09
2.891321965810441e-09
3.5407490598347857e-09
2.753249960673774e-09
3.0530965372511064e-09
2.4275063316631703e-09
3.3206400964981737e-09
3.1320451089709034e-09
2.8259582709392987e-09
2.938519590199931e-09
2.6794541654884263e-09
2.461198973574205e-09
3.2648086753875056e-09
2.4002003683729935e-09
3.1749468749322964e-09
3.0948603890138676e-09
2.5672027302093333e-09
2.6544751747430238e-09
2.5874920648206057e-09
2.95835980081041e-09
2.8261612222560753e-09
2.483424837545741e-09
3.116823445495874e-09
2.2567783033230083e-09
3.878882604463384e-09
3.2437575438464417e-09
2.3747897901090463e-09
2.163095756793675e-09
2.8670846792349085e-09
3.313776923924514e-09
2.647122218283173e-09
3.022365810883632e-09
2.428227986197261e-09
2.6654043351788392e-09
2.836152493521267e-09
3.6616635609298e-09
3.2086829592793947e-09
2.6851046776104302e-09
2.467662168082873e-09
2.6385390151787477e-09
2.9131693950580975e-09
2.2491134131160957e-09
2.6549877379608046e-09
2.8726729121820397e-09
2.326058332654656e-09
2.752880133078577e-09
2.832018816532238e-09
2.1095229951425577e-09
2.7033215755441382e-09
2.795502605687202e-09
2.5563871194054545e-09
2.098578135052709e-09
2.5460782331467122e-09
3.0694070307342794e-09
2.749578295488343e-09
2.5962510260418587e-09
2.501165586140308e-09
2.6279567515163915e-09
2.662064772909539e-09
2.6216000803861664e-09
2.2454153192558775e-09
2.1284962688867745e-09
2.0608932880833864e-09
2.093558395193469e-09
2.4801668282591234e-09
2.16590040330979e-09
2.1889498330520275e-09
2.6035048978072673e-09
2.3085469759236664e-09
3.005498064778591e-09
2.401075858428879e-09
2.502231377773858e-09
2.4822011536311268e-09
2.092545170749886e-09
2.1743082770993467e-09
2.9870078330533015e-09
3.274218899994427e-09
2.758976262024187e-09
3.1288335224565963e-09
2.2912864409356092e-09
3.142785805578842e-09
3.2321775260857766e-09
2.9199499307992673e-09
2.1211608672321892e-09
3.821055569202441e-09
3.3280551124735373e-09
2.781653959851426e-09
3.1153556418340566e-09
2.751565688025124e-09
2.607219637125284e-09
2.4133400901868527e-09
2.3696204722815223e-09
2.3561905195478537e-09
2.6897893412375015e-09
2.8127288233996753e-09
1.880496082392073e-09
2.4817662910630797e-09
2.7134363986399887e-09
3.407533041756977e-09
2.2065746098798994e-09
2.7936259940010595e-09
2.789339456350619e-09
2.343754394284591e-09
2.736043436490877e-09
2.1969413252042984e-09
2.5994874795732485e-09
3.032206326086459e-09
2.650867820852597e-09
2.544476971868192e-09
2.4187702940266058e-09
2.596371842701487e-09
2.8681003146459674e-09
2.314098176400608e-09
2.598885255275258e-09
2.970926130704387e-09
3.1255784695182528e-09
2.8576333105650043e-09
2.8388076944501836e-09
2.6410704899644012e-09
3.2444321706505148e-09
3.2160196853140387e-09
2.5390305341879953e-09
3.1842903779814684e-09
2.9037000304210636e-09
2.4934776360915987e-09
2.6134279103870797e-09
2.614354980737905e-09
2.8191426928081322e-09
2.068517666994809e-09
3.4565906953127473e-09
1.9717240483288056e-09
2.3906857989021597e-09
2.9589883431403556e-09
2.426833013192964e-09
3.0114525833950523e-09
2.7425975772659046e-09
2.3856148359383857e-09
2.5918359586362197e-09
2.749253611605048e-09
2.6110408410579856e-09
3.311887320812945e-09
2.2692970767486734e-09
2.2200746124009362e-09
3.1275781922797657e-09
2.297971722034931e-09
2.047010490204438e-09
2.797585888370934e-09
2.5651986248857988e-09
2.392659888007234e-09
2.602225046365427e-09
3.397400441323365e-09
2.039966717358628e-09
3.1957844459672754e-09
2.5531751471862246e-09
2.4623978358184924e-09
3.85129677668984e-09
2.556826471654698e-09
1.8570715726643188e-09
2.51065336765886e-09
2.8471583415825164e-09
2.8072124448131133e-09
2.4264908289313523e-09
2.4349077754331084e-09
2.6287416633112397e-09
3.0371447013431436e-09
2.253625105324078e-09
2.8125470859349713e-09
2.4642409629234245e-09
2.6027795981041577e-09
3.3048909234821046e-09
2.3705824488465515e-09
2.656456838599471e-09
3.5050586048217345e-09
3.0101746807795118e-09
3.1775586562747104e-09
2.621499010978332e-09
2.2136133899476e-09
2.6623901215171858e-09
4.9701748841774265e-09
2.464305811115345e-09
3.2796884980761717e-09
2.6084257019685485e-09
3.420101283424645e-09
2.253621787042014e-09
2.2700675427150905e-09
2.9978047695047513e-09
2.345248356465119e-09
2.74551105903186e-09
3.100533057701733e-09
2.9217750674122907e-09
3.174353423727235e-09
3.2300192367507637e-09
2.7399933440305953e-09
2.938904398812857e-09
2.5274426647707224e-09
2.6505831612682815e-09
3.3533356460265906e-09
2.250241562474966e-09
3.099468833634789e-09
3.10900952004518e-09
1.9097580837156188e-09
2.7272462130973306e-09
2.7053660537647555e-09
3.2181479026483894e-09
2.8954540470436073e-09
2.474390946804149e-09
2.2241190399271103e-09
2.605814199266093e-09
2.3234434123030074e-09
3.1394448349851296e-09
2.657935327019488e-09
3.1343760592908183e-09
2.4465210012763246e-09
2.7129961211055063e-09
2.6443621817533354e-09
2.929803522727127e-09
2.5712416989673043e-09
3.060795753380115e-09
2.77846271809273e-09
2.8639891352314883e-09
2.6149310022817365e-09
2.3703998728598873e-09
4.403774779055845e-09
2.7410402038408055e-09
2.3965981910600495e-09
2.6986609349911785e-09
2.865698818380665e-09
1.9524021407024087e-09
3.30016289727046e-09
2.3212153783022226e-09
2.740985656707936e-09
3.0921160011263514e-09
2.59770965892539e-09
3.258486030397476e-09
4.389124958067373e-09
2.59462189789437e-09
2.8361920628890147e-09
2.541063696400803e-09
2.532383634658731e-09
2.2117952281697825e-09
2.5226291443659725e-09
1.9983594366952684e-09
3.100713172603676e-09
3.0318934656989056e-09
2.805985525395271e-09
2.79260131279312e-09
2.5714778581226866e-09
2.68408270850712e-09
2.295490842682069e-09
2.6798812782064495e-09
3.168701623329105e-09
2.891711438335852e-09
2.653287266654071e-09
2.5690598890316767e-09
3.2254674626726668e-09
2.340811656705369e-09
2.942329405185122e-09
3.0704385010264876e-09
3.063189836494378e-09
2.8297989488777417e-09
2.9931791753804414e-09
3.0513917248530843e-09
2.1609274855616256e-09
2.244501658100681e-09
2.937224116407672e-09
2.5121523279029827e-09
2.480218028622517e-09
2.1094474765310112e-09
2.794498354371849e-09
2.4441706107506712e-09
2.6435172181414526e-09
2.0682411632671257e-09
2.437898780798583e-09
3.003202063607286e-09
3.391257983009462e-09
2.7737656915522314e-09
3.659020879337579e-09
2.411668228508891e-09
2.731775522181153e-09
2.530980784979861e-09
2.690211015353482e-09
2.743141358431834e-09
2.998613697814288e-09
2.884129852260761e-09
2.8497662788048127e-09
2.0429203924506815e-09
2.9383268931859868e-09
2.935665143513318e-09
2.5686251797427118e-09
3.0091043231640375e-09
1.9070926601425734e-09
2.616128075484019e-09
1.9636296393695137e-09
2.4143667478682476e-09
2.2600167188266494e-09
2.6832562282383485e-09
3.3592143366002053e-09
2.9119725621150165e-09
3.2200870062569758e-09
2.1575154488765336e-09
3.08745625796753e-09
3.1176102445072337e-09
2.5816098694821533e-09
2.0720593992505903e-09
3.388845799492295e-09
2.735779880983164e-09
3.1818963129191715e-09
3.2541724044978567e-09
2.6426037534165846e-09
2.176446397997127e-09
2.562749296466677e-09
2.7987637476946815e-09
4.25338689442889e-09
3.0100344930320336e-09
2.473471182918869e-09
2.427911943703436e-09
2.322912832735096e-09
2.9318502722157705e-09
2.8992480932839813e-09
3.0547124844546285e-09
2.771119117538686e-09
2.2877449150848165e-09
2.5357441741529797e-09
3.04876992716311e-09
2.571683891500979e-09
2.548287884743608e-09
2.4278570441235454e-09
3.1140984988982986e-09
3.255053451848818e-09
3.2643499483370197e-09
2.6656897556020295e-09
2.6037588440040206e-09
2.0626489663684317e-09
3.3875925694150724e-09
3.347901730014124e-09
2.6069278606481727e-09
3.1294662356309844e-09
3.0689726722118223e-09
2.5724773828315634e-09
2.7278034881350784e-09
3.5079931193779997e-09
3.247768757435373e-09
2.5934359312049324e-09
2.589925390090401e-09
2.451072624270849e-09
2.8460358232444694e-09
2.545566341944543e-09
2.5152970885592915e-09
2.3535439915586907e-09
2.2692842653821224e-09
2.5712834709188705e-09
3.2257273510291617e-09
2.558172612626827e-09
2.5613622233117746e-09
2.631786301745837e-09
2.554748171394944e-09
2.456553534647011e-09
2.4440777492682787e-09
2.4927556124679836e-09
2.7360272882210896e-09
3.249556000613262e-09
2.833854488554612e-09
2.358418210940752e-09
2.9485724464795547e-09
3.2946875627292305e-09
2.6951551138965947e-09
2.036558428055715e-09
3.0218315283858307e-09
3.213357156560794e-09
2.6952260621623033e-09
2.7349395075309136e-09
2.830890092925687e-09
3.6380431885617032e-09
2.330914110028814e-09
2.2287887350589883e-09
2.6288119345469017e-09
3.0807750227041398e-09
2.5689195979597314e-09
2.639841132202978e-09
2.5108812452172627e-09
2.5799090311458793e-09
2.82901736154491e-09
2.145910521137275e-09
2.6129671984063615e-09
2.6374695203984673e-09
2.5626872204441865e-09
3.0124331648151512e-09
3.2595564820674886e-09
2.140090941862415e-09
2.9237685722201343e-09
2.8149726549037395e-09
2.4733461925687678e-09
2.8526183553441616e-09
3.0658891891173143e-09
2.7898812555949767e-09
3.3832031597893705e-09
2.5628566521600227e-09
2.9283737879514608e-09
2.9935578726438764e-09
2.516156941871975e-09
2.6204981169763216e-09
2.5049314458075976e-09
2.1666832581020666e-09
3.081654948691899e-09
2.2213820227441183e-09
2.7744690509064977e-09
2.5287294938395894e-09
2.0041305166253968e-09
3.2520283151484322e-09
2.432093459026237e-09
2.5527059802988097e-09
3.361298522885133e-09
2.5897628379355046e-09
3.178704576818495e-09
2.972505005078294e-09
2.854015623279197e-09
2.535136640273005e-09
1.8873676825505344e-09
2.3366681870396876e-09
2.44615479570243e-09
4.233745517118496e-09
2.52546478613511e-09
3.421871407944697e-09
3.365623684885603e-09
4.329432240718443e-09
2.3531322235269096e-09
2.357415666349354e-09
2.5413939187411607e-09
2.6404779372105752e-09
2.4726936426959067e-09
3.1865252638418277e-09
2.6340448401000055e-09
2.7242346859802404e-09
3.2407217967912304e-09
2.44997170689926e-09
3.204585741922337e-09
3.1361880625021404e-09
2.7649417825821934e-09
2.8120888438752222e-09
2.8927014871448463e-09
2.5831939081278482e-09
2.8037105813004046e-09
2.7245850440691353e-09
2.4252312870085523e-09
3.0001448593237195e-09
2.994873085041417e-09
3.761000523766055e-09
2.924624181748674e-09
2.606181091871799e-09
2.3685330879485555e-09
2.894894859364807e-09
2.7838932610167125e-09
2.757239739314705e-09
2.0127026918758447e-09
2.7750311532459982e-09
2.9527821967579616e-09
3.0599147229156028e-09
3.0386744076635244e-09
3.021810477597765e-09
2.5253565666849987e-09
2.73287062963856e-09
2.5347772165192246e-09
1.9689412262061112e-09
2.6687876230778104e-09
2.58491315814147e-09
2.3556429077330188e-09
2.8956025712215897e-09
2.6653378304886295e-09
3.1826539164260103e-09
3.0737452533864847e-09
2.4782235048543665e-09
2.3580661508170765e-09
2.958922894571482e-09
3.0021320266717094e-09
2.357151959215967e-09
3.1007371937533286e-09
2.8500269093247998e-09
2.4906725223927673e-09
2.5422935295035635e-09
3.1130313357761053e-09
2.1891291221984906e-09
3.0594260844619015e-09
3.372776206190869e-09
2.0123637967312587e-09
3.1645780670692004e-09
1.8741032749660692e-09
2.5346549874694264e-09
3.0474074114313597e-09
2.1123504909213026e-09
2.94389085285225e-09
2.9685077515681155e-09
2.6544851772399014e-09
2.4188243575510963e-09
2.873406722736678e-09
2.719898341247513e-09
2.474148220094107e-09
3.2665506986340794e-09
2.731212998818844e-09
2.2814756644768015e-09
2.3915211410871235e-09
3.825563522756072e-09
2.3642284516570394e-09
2.1584422679906106e-09
2.7137919877333154e-09
2.5704953477985026e-09
3.419943350242054e-09
2.5663689160175963e-09
2.2984562538831688e-09
2.460072449732547e-09
2.3035098447568483e-09
3.09818275464409e-09
2.7198517862567478e-09
2.6463930639431844e-09
2.4997562703338912e-09
3.069043033111004e-09
2.6481564617205928e-09
3.413912786389946e-09
3.186260556775882e-09
2.7491887847990153e-09
2.5788049891307344e-09
2.531557933714481e-09
2.948372114242861e-09
2.5816235428436415e-09
2.5878903341016585e-09
2.4706561125035966e-09
2.336490012100692e-09
3.0428999153568354e-09
3.0229055277550872e-09
2.355008860203912e-09
2.0621161037146906e-09
2.040790035280713e-09
2.765841185042254e-09
2.527117341316566e-09
2.7197766396349667e-09
2.5225104516855053e-09
2.619696264847789e-09
2.243665553125279e-09
2.4343571861280573e-09
2.456300827855971e-09
2.2906181589910698e-09
2.016377497263133e-09
3.3443777336795814e-09
2.2469103405664027e-09
2.702251317187373e-09
2.144662758664503e-09
2.3251821794465118e-09
3.030025829417818e-09
2.173023793322409e-09
2.7105603150727204e-09
3.14874802306072e-09
2.6155495281014914e-09
2.8624300328562897e-09
3.3777966564193726e-09
2.1787251089084962e-09
2.471855026654063e-09
2.3902590390919437e-09
2.946628073729725e-09
2.5854872539525075e-09
2.603645844957052e-09
2.825847044318937e-09
2.4716711391622407e-09
3.1562035738858657e-09
2.708360187704019e-09
2.8692619164936636e-09
2.850862260210486e-09
2.444134761117947e-09
2.874428221729926e-09
2.5059871433562916e-09
2.213549506207722e-09
2.573820947901961e-09
2.699358377583139e-09
2.4697440479174142e-09
2.404932419359943e-09
2.988974602655299e-09
2.528167224478744e-09
2.649020670896819e-09
2.563886890798563e-09
2.087385674574317e-09
2.401110556584686e-09
2.537613607770219e-09
2.5494949283232787e-09
2.417855617678705e-09
2.5066698738939776e-09
3.4328212855053598e-09
2.111937318739288e-09
3.332271697182969e-09
3.26057192915263e-09
2.656585001541969e-09
2.8579833323885955e-09
1.867814946546892e-09
2.44257565950169e-09
3.854883421261675e-09
2.5127887390470355e-09
2.7534213876739735e-09
2.58293721965854e-09
2.9028625621427447e-09
2.8311087096899185e-09
2.604339296790551e-09
3.2042694434754847e-09
2.695845011606952e-09
2.1267211358947866e-09
2.5813901920971466e-09
3.2268708468361027e-09
2.4646660567214772e-09
2.1387442256668235e-09
2.9309152985732088e-09
2.779933342225184e-09
3.1953314435042603e-09
3.2431477240888167e-09
2.6755328839489327e-09
2.068555781715607e-09
2.437717952789766e-09
2.4877925409018484e-09
2.5404850133574786e-09
3.1024122625555265e-09
2.6594453615756512e-09
2.9824779643314227e-09
3.2949926319044472e-09
2.7636385755010987e-09
2.6692609896494454e-09
2.545948756666177e-09
2.3591731863144196e-09
2.8669053647181145e-09
3.073137276853868e-09
2.066028400497886e-09
2.8407711608405273e-09
2.7609204446049553e-09
2.286536180366597e-09
2.5728151579682e-09
2.519361254175751e-09
2.8301320763649256e-09
2.7999184248786273e-09
3.72934625040666e-09
2.346272628603579e-09
2.4121835227235242e-09
2.0033509376144593e-09
2.5224142209093366e-09
2.513750343405459e-09
2.652035214155933e-09
3.5041159274619513e-09
2.1318764630148465e-09
2.4322588306759877e-09
2.2117999623114636e-09
3.499517432103581e-09
3.1311268511237562e-09
2.7723654406788638e-09
3.81748201948892e-09
2.737828272252052e-09
2.6044225204203617e-09
3.6313645081665225e-09
2.4964748434187604e-09
2.909061354463118e-09
2.891897460215176e-09
2.6232360843269926e-09
2.906053958779721e-09
1.9318642610914507e-09
3.1047456010475667e-09
2.649052308783574e-09
3.207687625337175e-09
2.441472703965542e-09
3.056091626480904e-09
2.5976650874282893e-09
3.7692298524699946e-09
2.7805873599451563e-09
2.6970622205035617e-09
2.4608018236776854e-09
1.964137065447666e-09
2.2113315399185755e-09
3.1800486419500396e-09
2.3853707077886154e-09
3.251962886691509e-09
2.419577635199687e-09
2.3407076133038704e-09
2.2225793772697594e-09
2.264519098795067e-09
2.963287237795322e-09
3.321697084247453e-09
2.503130802947954e-09
2.7748124059709302e-09
2.787069772127067e-09
2.768257070703264e-09
2.873016401362281e-09
3.026058613701723e-09
2.4704921260305414e-09
2.3095881448650935e-09
3.148414579203342e-09
2.535764686743087e-09
2.5924791625237236e-09
2.9809808151115037e-09
2.476705239523201e-09
2.87251352237383e-09
2.88870264031826e-09
2.770907254811888e-09
3.0261242533341243e-09
2.182365533079378e-09
2.6070605943430848e-09
3.2698630849693506e-09
2.075156562835216e-09
3.2921662125216192e-09
2.7079452154753474e-09
2.62099090871039e-09
2.933250469122975e-09
2.171044996557292e-09
2.3386570337897376e-09
3.3372406008894302e-09
3.2873597339828746e-09
2.28646245559465e-09
1.94445946532216e-09
2.6036161948194553e-09
3.6023221187692772e-09
2.564503918576176e-09
2.5625872557028407e-09
2.902290368157843e-09
3.3503410691907397e-09
3.162962173208425e-09
2.2080613387243184e-09
2.933593773067275e-09
2.5921969260770533e-09
2.9946937064482745e-09
2.4728929430431826e-09
2.4231458996444577e-09
2.5265847725087186e-09
2.0823686292556313e-09
2.863573948520522e-09
2.766559684846178e-09
2.048135915586665e-09
3.302439227084123e-09
3.0450899141088415e-09
2.5474108292082055e-09
2.2383824263517635e-09
1.920671264041404e-09
3.1424125284046974e-09
3.0574560925839423e-09
2.8158337351538113e-09
2.730601180361619e-09
2.267570481617699e-09
2.24694448496595e-09
3.2243400238727953e-09
2.600307315905317e-09
2.3590542405269553e-09
2.4671373256791775e-09
2.699167110143969e-09
3.061211064774331e-09
2.2909160407461396e-09
2.616837429419202e-09
3.2472945587656756e-09
2.0277223528194187e-09
2.816463416898925e-09
3.0566298637416545e-09
2.4396647320347378e-09
2.2322616017743293e-09
2.385312707282091e-09
2.881727917462785e-09
3.6595933246405445e-09
3.237483142979952e-09
2.484679894449414e-09
3.2912634436409183e-09
2.958363487856738e-09
3.4820387140321613e-09
3.02745422305138e-09
2.321014179598258e-09
2.6148077024467677e-09
2.309115109354592e-09
2.7615079644922966e-09
2.755535493439423e-09
2.783777953865949e-09
2.276091322063684e-09
2.626864668766205e-09
2.6414519517807458e-09
2.6362140045249095e-09
2.615598559057653e-09
2.9172699574770127e-09
3.0759969719192527e-09
2.2601041402704313e-09
3.0380048118556872e-09
2.543603650975593e-09
2.521067616115518e-09
2.531390844119283e-09
2.798887851302931e-09
2.755505113200083e-09
2.882236618454272e-09
2.9656631369689036e-09
2.912119197287554e-09
2.448057563386513e-09
3.015247473415767e-09
2.544580949621249e-09
2.5822907644926663e-09
2.6519996913288487e-09
2.317469273015356e-09
2.327319057740182e-09
2.6993423929736696e-09
2.1059398863166375e-09
3.0959518307295195e-09
2.1435695827403713e-09
3.239081659925933e-09
2.270415497019349e-09
2.4694188637019217e-09
2.4898684324438456e-09
3.132396748857817e-09
2.25482949450578e-09
3.1833269317532893e-09
2.930175349401395e-09
2.9095189586596237e-09
3.0514202069525757e-09
2.445691717260735e-09
2.4421062850437693e-09
3.0327616864773803e-09
2.4532081848251987e-09
2.492938781892707e-09
2.566786703566944e-09
2.3451563668167984e-09
2.5547524241237556e-09
2.8681534961448856e-09
2.593494677940707e-09
2.4229971022204227e-09
2.6922064553266782e-09
1.9320619046422818e-09
2.596467246773499e-09
2.1802676009811516e-09
2.448388975232179e-09
2.6905565483903437e-09
2.8835511000995483e-09
2.624742335613885e-09
3.2020540301029837e-09
2.7809985535937314e-09
2.4733764852858872e-09
3.1840991420925818e-09
2.5684338059433088e-09
2.799020179370705e-09
3.338865701767949e-09
2.6278906722400092e-09
3.516799143620051e-09
2.2648034905814463e-09
2.3109680493565467e-09
2.866788015824925e-09
2.6580766318475696e-09
2.77095077880706e-09
3.074016381856637e-09
2.2403157841767267e-09
2.3040077382313444e-09
3.022300389094552e-09
2.5465518617158022e-09
2.936567432878503e-09
2.0804877267580763e-09
3.174048266460592e-09
1.945568486535782e-09
1.99989531678808e-09
2.7522805248520084e-09
2.7948999648658417e-09
2.5883215949500885e-09
2.249567152863693e-09
2.91391592368369e-09
2.0694576971665678e-09
2.3501997732102656e-09
3.306896698097514e-09
3.0780786939481677e-09
2.547494633157229e-09
3.0692377160851728e-09
2.3536430860380576e-09
2.927278081255513e-09
2.8674073688367274e-09
2.60176130073282e-09
3.536272133518141e-09
2.130490101096569e-09
2.437556188118013e-09
3.1441988957369663e-09
2.5770474505987066e-09
3.3929892781568542e-09
2.986609851817661e-09
2.9212837321412107e-09
2.170106262847386e-09
2.517040947170408e-09
2.2220970262670867e-09
2.2125924647683516e-09
2.5265133628878805e-09
2.1498647108418936e-09
2.639056661678414e-09
2.319107902920949e-09
2.2845120986451396e-09
2.4175182693111485e-09
2.477790522591042e-09
2.2835274836676984e-09
3.2321011858116137e-09
2.709471086837119e-09
2.6819144257554228e-09
2.2984883527455823e-09
2.670653522087547e-09
2.1392731220921772e-09
2.668636744365075e-09
1.9970397084872592e-09
2.878693183160823e-09
2.7775496996525813e-09
2.4317995595186416e-09
2.17622736929028e-09
2.93688302984655e-09
2.7049863788220115e-09
2.141404570836893e-09
3.089074711467004e-09
2.459215399218005e-09
2.5409441536787276e-09
3.3152157147427717e-09
2.934536750236064e-09
2.5090229108216087e-09
2.5338186161055504e-09
3.104816508330433e-09
3.191976647950491e-09
2.5949776172274827e-09
2.492923457724991e-09
2.545171583364335e-09
2.6426839565404578e-09
3.1790437777623037e-09
2.704712814989834e-09
2.6897202192019323e-09
2.371269130244059e-09
2.983203076142296e-09
2.976168145100728e-09
2.376071172661195e-09
1.867129618558956e-09
3.0034294952333354e-09
2.7383802002757356e-09
2.8358223579983983e-09
3.227297148570901e-09
2.2176372667468552e-09
2.8974466782555504e-09
2.8973189850436433e-09
2.6213506767525704e-09
2.0561688979605676e-09
1.916214679309079e-09
2.8869270759222278e-09
2.1730065520413067e-09
2.9826415762126274e-09
2.56712850827648e-09
2.5329467081994326e-09
2.1846799994063026e-09
2.306928332607497e-09
2.3368737095419163e-09
3.0479324769909673e-09
2.994372766640342e-09
2.239693960213963e-09
3.0926790179361743e-09
2.74015518185889e-09
3.326523204572225e-09
3.2033847395984867e-09
3.0019128603525017e-09
2.3453560868316303e-09
3.5596965644515022e-09
2.6795410097571817e-09
1.906951665233683e-09
2.4624376329229064e-09
2.5294043042533004e-09
3.0108389938935786e-09
3.0771215303192125e-09
2.823540002093493e-09
2.242787189798111e-09
2.5535694824939045e-09
3.1546894968819024e-09
2.6289340001261173e-09
2.551962740329457e-09
2.4860104975575788e-09
3.237354534077995e-09
2.7190726147431968e-09
3.0924695781843915e-09
2.7179772902556198e-09
3.057746028736286e-09
2.6882362813378507e-09
3.1168641330555323e-09
2.717598575129954e-09
3.2349395975546716e-09
2.9512278370625363e-09
2.4555996271753353e-09
2.4369628011248253e-09
2.1805421532262396e-09
3.3294329996984284e-09
1.884400631629174e-09
2.1325889844737815e-09
2.809146542063958e-09
1.995655116285083e-09
3.050518414856717e-09
2.6808757470095455e-09
2.4821665681781357e-09
2.9927358881820434e-09
2.4040463223373634e-09
2.3460308042479e-09
2.815353446384986e-09
3.276036978342887e-09
3.3365990678658943e-09
2.6764014755787605e-09
3.3369277154568066e-09
2.9775581092536182e-09
2.525275760392352e-09
3.0612667716240546e-09
2.473819533282181e-09
2.919267673759775e-09
2.6636527338734332e-09
2.6108090598567658e-09
2.690343061393166e-09
2.794372641536525e-09
2.9137798595636494e-09
2.5914941654734368e-09
3.0761857091829176e-09
2.264590706906218e-09
3.418219712787501e-09
2.5470749033410043e-09
2.59216266387894e-09
3.3672839827884535e-09
2.763896430734575e-09
3.177604317720255e-09
3.103384575822753e-09
2.506321632032198e-09
3.1139228609923866e-09
3.22033615702752e-09
2.6056464847096575e-09
3.162310516176053e-09
3.2113139299702696e-09
2.5358055384509543e-09
3.031240514264665e-09
2.849988048103701e-09
3.5834072126424404e-09
2.8148485380682237e-09
3.2064924965159638e-09
3.102293971490649e-09
2.7121984859542186e-09
2.8547428886408453e-09
2.9673822283637474e-09
3.0844550243471804e-09
3.221650144439236e-09
1.933607217836095e-09
2.9874326972986493e-09
3.728079061985409e-09
2.4795709073499334e-09
2.4502068680194375e-09
2.3756662195990094e-09
2.3301607916142216e-09
2.858206335861922e-09
3.3727860616970372e-09
3.1598120623667608e-09
2.070550316325779e-09
2.66044221472906e-09
2.5479697109522578e-09
2.730716707009112e-09
2.1865645010213895e-09
2.6241345188655636e-09
3.0949386777348598e-09
2.4036428119959038e-09
2.97730175257728e-09
2.1906881758116965e-09
4.547906373193874e-09
3.2533540206714385e-09
3.1515909436211423e-09
2.8879343410485696e-09
2.36974026572535e-09
2.7026582143053687e-09
2.182552283569667e-09
3.274378516211155e-09
2.535786937824273e-09
2.415303273952795e-09
3.375458110937979e-09
2.472292116634158e-09
3.062116369278653e-09
2.5150885065198473e-09
2.6562729274449363e-09
2.2329968574620433e-09
2.7941761005108832e-09
2.8430583301280402e-09
2.293071234114744e-09
2.657744905339328e-09
2.6691919040972793e-09
2.5393339722352536e-09
2.350783927869589e-09
2.6577458085068426e-09
2.2671823445583137e-09
2.6705502041257222e-09
2.4795718959525793e-09
3.0833676229922394e-09
3.040736585294872e-09
2.4645322303676158e-09
2.579819281405037e-09
2.6343546149294912e-09
2.594108027101664e-09
2.1655590934572307e-09
2.4632515745832886e-09
2.562205411515495e-09
2.818507070041689e-09
2.3829200547454896e-09
2.3910833350999135e-09
3.2991104297768782e-09
2.5900242254725536e-09
3.0633734794715053e-09
2.4088511677694806e-09
2.492407484799798e-09
2.100671101938666e-09
2.724876846702624e-09
2.5250101216172695e-09
2.6409698146640567e-09
2.6559083662262666e-09
3.0409091187233884e-09
2.6094377330850103e-09
1.983216080318458e-09
2.8194822353027303e-09
2.8902704007254323e-09
2.4157910372385027e-09
3.3592200411028308e-09
2.5751160087487176e-09
2.617831313403646e-09
2.648486047986641e-09
2.84104786641955e-09
2.6972935908734733e-09
2.4307863793376124e-09
2.044853863764507e-09
3.407420510570351e-09
2.4370251677134983e-09
2.6597317262305135e-09
2.369214490772261e-09
3.3765615030823416e-09
2.4373215360307555e-09
2.8028223713846313e-09
2.55925510422644e-09
2.0554298154457605e-09
2.2300333895036023e-09
2.7608055524867836e-09
2.7264335854086663e-09
3.059864550375869e-09
2.234022017778923e-09
2.3060140161334022e-09
3.8433957595825595e-09
2.8461591486395044e-09
2.847955870265151e-09
2.6241476111760025e-09
2.6798748981645554e-09
2.7880625834831967e-09
2.079733570634675e-09
2.6518575642147345e-09
2.456207165554749e-09
2.8825924599769695e-09
2.8481937903545966e-09
3.2358196301466094e-09
2.9260409455632297e-09
2.821515006226974e-09
2.9419220395291573e-09
3.2473889400555685e-09
3.41949829335466e-09
3.0888095990991814e-09
2.4152307507479057e-09
2.107070904420246e-09
2.606926877114172e-09
2.957725234165303e-09
3.366795782379535e-09
2.9745383135228697e-09
2.348053585821217e-09
2.4928821852382606e-09
3.24025773752604e-09
2.1577727150087593e-09
2.6562889190204046e-09
2.5663948633337236e-09
2.3050342368873857e-09
1.9633977428904978e-09
2.5608764820089086e-09
2.9933742003119754e-09
3.156357101629769e-09
2.6909428907698728e-09
2.791738061428198e-09
3.2548698322091424e-09
1.9412742974537697e-09
2.047204444215276e-09
2.4150644547886978e-09
2.383809273348754e-09
2.7579017897530478e-09
2.552059021575237e-09
2.646225579427345e-09
2.298956797879611e-09
3.293767174207974e-09
2.742521291066325e-09
2.7341823020075873e-09
3.0776896860575977e-09
3.0007430319310864e-09
2.2925174921395106e-09
2.9279602062120755e-09
2.1601571308614564e-09
2.529123208604156e-09
2.6436350937129524e-09
2.504340944310072e-09
2.540116273623636e-09
2.561119757840246e-09
2.612937343381659e-09
2.64011605074577e-09
2.8674952634805476e-09
2.6807448260464557e-09
2.597189763871733e-09
3.1199097700945408e-09
2.94186497823987e-09
2.3006862660108172e-09
2.3402153557020022e-09
2.197162177891565e-09
2.5457124157714055e-09
2.8054811315324397e-09
2.576782127678822e-09
2.9122202350366846e-09
2.9786576558684004e-09
2.4569041640032895e-09
2.7801112780162854e-09
2.583865058871336e-09
2.073766960290855e-09
3.295987716425957e-09
2.349833796186189e-09
2.4827978329397364e-09
2.728637046509313e-09
2.745583087325563e-09
2.5286213548372793e-09
2.9490045477201937e-09
2.2638869189126228e-09
2.9407613452128896e-09
2.6378905945982807e-09
2.26768114648581e-09
1.9739049527387788e-09
3.023000964082114e-09
3.198679293821543e-09
2.7396362727786887e-09
2.804201968613189e-09
2.5001855794557805e-09
3.240349786778375e-09
2.4178378953913088e-09
2.6071776629429076e-09
2.5487434928968093e-09
2.185549409744296e-09
3.3330571048918907e-09
2.4071946025578696e-09
2.6415717576657935e-09
2.9269230428555747e-09
3.0168471325145267e-09
2.383851529261065e-09
2.705589206939297e-09
2.2006649503993753e-09
2.82682938201103e-09
2.3710739242236573e-09
3.1757425667596102e-09
1.8947215393318693e-09
2.862070837543907e-09
3.358684093378913e-09
2.8334010338166606e-09
2.510739067389592e-09
3.247912421162121e-09
2.2507282418024466e-09
2.5324540484940837e-09
2.5799897507023523e-09
3.335186547672852e-09
2.74727468720223e-09
3.3075734929806713e-09
2.5108481038673552e-09
2.9050463019853444e-09
2.7145132377786804e-09
3.239201208529805e-09
3.0328898225316647e-09
2.5498438370507095e-09
3.392281217159867e-09
3.075387622027744e-09
2.9965312942558872e-09
2.3168815787883053e-09
2.9583629436685625e-09
2.8911231622174953e-09
2.3428517234428715e-09
2.722942121563196e-09
2.571766964643528e-09
2.92306437800309e-09
2.691690768766384e-09
2.6037630685977857e-09
3.6625683090215667e-09
2.748043276062321e-09
2.89500212393096e-09
3.3904478491213197e-09
2.61439036408238e-09
2.5934543290044923e-09
2.6512994860542274e-09
2.8163201657382085e-09
3.5203907581475395e-09
2.713299059227143e-09
3.086700985630887e-09
2.9758444146919284e-09
2.414521161459536e-09
2.59403128697374e-09
2.5787967999619903e-09
3.024280516826256e-09
7.880369494157966e-09
3.1514686624754297e-09
2.7936083037247324e-09
2.4695156398317833e-09
3.1417843497161604e-09
2.18375882182981e-09
2.7884180590063458e-09
2.51496844638939e-09
3.2701467795595227e-09
2.511403103110533e-09
3.1467666649492854e-09
2.268203470260754e-09
2.622489375398579e-09
3.1378198023300323e-09
2.3157097120397006e-09
2.8314790741549266e-09
3.3863538022966752e-09
2.5176714523941768e-09
2.3245811311013026e-09
2.2084305158253173e-09
2.4685359137658833e-09
2.466868047237402e-09
2.6961954507670645e-09
2.124134444508527e-09
2.7061528135008915e-09
2.2293531973813577e-09
2.522516206711952e-09
2.323916996175863e-09
3.0395830631115006e-09
2.874374510760877e-09
2.6661871289305333e-09
2.488130878359942e-09
2.5503306018133214e-09
3.0311913535837134e-09
2.739053911091603e-09
2.6812872506586267e-09
3.156835865522449e-09
3.1025115897046797e-09
2.2146303034161798e-09
3.301214662688925e-09
2.2465266510127493e-09
2.7380389974610356e-09
2.690558838171122e-09
3.1512836715639515e-09
2.615962895900683e-09
2.084789482703891e-09
2.5560377513557733e-09
2.520432992956373e-09
2.4362040526191772e-09
2.7163501750649896e-09
2.4406444619766605e-09
2.7291473468616344e-09
2.694408867570143e-09
2.9672497986791245e-09
2.5104415851359176e-09
3.212649472080116e-09
2.3791411335048925e-09
2.798723958260998e-09
2.7933491371216236e-09
2.7301560919781517e-09
2.073882069059726e-09
2.6975725653894875e-09
2.651324271674832e-09
3.28242355708162e-09
2.566546778652156e-09
3.12150462802082e-09
3.207284348695494e-09
2.559742714504116e-09
2.5014603443089187e-09
2.2635446942915853e-09
2.6788796842706214e-09
2.720334141487809e-09
2.7283403538800807e-09
2.781011782025753e-09
2.5912761345849543e-09
3.350534912938217e-09
2.7791254870318527e-09
2.0911298268607055e-09
2.7515276234215715e-09
2.5898002535356367e-09
2.5754234764230853e-09
3.853908442537617e-09
2.519536062694106e-09
2.1971362578160174e-09
3.2673090129167574e-09
2.9409288687600073e-09
2.5961562357909064e-09
2.609161208811696e-09
2.5160411400810753e-09
3.299869855339678e-09
2.4857223547298385e-09
1.929632212588177e-09
3.0711469180483633e-09
3.064303279762086e-09
2.962083626718414e-09
3.023886976916395e-09
2.8186676493823122e-09
2.6383783209940094e-09
1.899771460696191e-09
2.303936221545542e-09
2.3660230765712095e-09
2.2577141906227408e-09
2.563910129072932e-09
3.4182068003462025e-09
2.5985027659334095e-09
2.6849581264364562e-09
2.734930292544284e-09
2.980667862702291e-09
2.955744736043032e-09
2.635241172683784e-09
2.628705328389623e-09
2.9740609747055252e-09
2.9642924841643235e-09
3.31816499792156e-09
2.809686415331577e-09
2.800106644977856e-09
2.7970644838368024e-09
2.1266919863604378e-09
2.6955808185070464e-09
2.643128914738349e-09
2.508624387539092e-09
2.521089297340042e-09
2.899991510330654e-09
3.0237190159479108e-09
2.1216054322441627e-09
3.156760623030091e-09
2.768149776619707e-09
2.6083954534055626e-09
2.646697201409264e-09
3.548484618935612e-09
2.605698606807528e-09
2.311858423827747e-09
2.2726996065257007e-09
3.1596795101672924e-09
2.5275334799299345e-09
2.486259073728077e-09
3.050473689945009e-09
2.4826439051252314e-09
3.5438692771354655e-09
2.4862386359208143e-09
2.44723476807698e-09
3.12176728868227e-09
3.0768207409507566e-09
2.8588949661399396e-09
2.3893457912075103e-09
2.5657568666795187e-09
2.5225443070096484e-09
2.514157754164234e-09
2.558591179907272e-09
3.091500734337012e-09
2.6348727593761105e-09
2.175833562585369e-09
2.505207756032298e-09
2.6001343380894354e-09
1.9930495629523134e-09
4.1987423163953805e-09
2.801975149840409e-09
2.390542222778947e-09
2.767584479027984e-09
2.929208513008548e-09
2.4778294358809502e-09
3.333676273236958e-09
2.6933507832316815e-09
3.1371108587924766e-09
2.4839729872603786e-09
2.4853338874224716e-09
2.829148349078013e-09
2.567190366808015e-09
2.535084213893795e-09
3.129324125457529e-09
2.3553453355447743e-09
2.4306854902868096e-09
2.196623692240097e-09
2.958639356133528e-09
2.6172235310516385e-09
2.4355460066273482e-09
2.2045631927511238e-09
2.6556693287038517e-09
2.4491184520409985e-09
2.0628267864480562e-09
2.9395510442020018e-09
2.7733780267984176e-09
2.25599769090477e-09
2.4535011188507594e-09
2.9558740972999813e-09
2.554769924312337e-09
2.611353381090902e-09
2.6024413330165592e-09
2.726011454762256e-09
2.890365614872329e-09
2.3158478620020906e-09
1.9562433005416123e-09
3.189253442391869e-09
2.7609196630307142e-09
2.574121361485944e-09
2.158710888538508e-09
2.929908838927766e-09
2.9274814698039206e-09
2.979292775754771e-09
2.639236715133199e-09
2.456237086878414e-09
3.288781727853185e-09
2.408420551316612e-09
3.051202069053339e-09
2.561519929652166e-09
3.0588254625063017e-09
3.1798144949925743e-09
2.6299274484510235e-09
2.2513289276988695e-09
2.5727191788082505e-09
2.486612640404881e-09
3.99095863648502e-09
2.108241907818661e-09
3.0068342751635516e-09
2.750454002845449e-09
2.470181860220102e-09
2.4707321058330643e-09
2.8200893159319868e-09
3.3176145417565354e-09
3.0773655924410705e-09
3.1662398695736158e-09
2.8683868707980384e-09
3.1469025657342685e-09
3.8030863969639415e-09
2.7293723564342405e-09
3.294226110861845e-09
2.332372326524501e-09
2.8409471266904913e-09
2.7644052181369748e-09
2.4146737275703226e-09
2.8264536234504783e-09
3.0701939891233584e-09
2.790503085439537e-09
3.2175140088591507e-09
2.939628877937552e-09
2.8345389905702276e-09
2.4208202735161513e-09
2.3248770364913372e-09
2.8688529275702063e-09
2.966050486599356e-09
2.5786485324959772e-09
3.0591624597007747e-09
2.066740174453633e-09
2.72208170283908e-09
2.411836114559005e-09
2.0184857688824824e-09
2.5985652739291508e-09
2.0247800782487342e-09
2.8876196387370504e-09
2.6608084088917267e-09
2.6219743995328088e-09
2.744037181561052e-09
1.9663812993262614e-09
2.524291369085819e-09
2.510769750202653e-09
3.0921624297533534e-09
2.4458823467553466e-09
2.513869916918876e-09
2.5354059741988268e-09
3.1858795598925342e-09
3.2684292271896627e-09
2.729660959560013e-09
2.9552276714617763e-09
2.609891385093547e-09
3.0051818617144246e-09
2.5652437687603315e-09
2.5362847535072633e-09
3.037379651775734e-09
2.630449121867294e-09
2.488426811830813e-09
2.303460267525422e-09
2.5917193055839845e-09
3.2912017549225486e-09
3.338651296288901e-09
2.2805784286321525e-09
2.499589044047904e-09
3.4537306422980155e-09
3.2413018555515864e-09
3.0580585454317508e-09
2.616176593775183e-09
3.229884315894809e-09
3.0989115277785945e-09
2.9443020835534343e-09
2.874379380183884e-09
1.8700161898577844e-09
2.766735239891939e-09
2.6980271467490213e-09
2.5994863008015415e-09
2.309073630977869e-09
2.320966179013631e-09
3.215639609731487e-09
3.735331062743128e-09
2.897311040931695e-09
2.75253436281828e-09
2.381506655725271e-09
3.1463944560124364e-09
2.9335976310380756e-09
2.644621874357128e-09
2.74999703840954e-09
2.5441700216835214e-09
2.4943475546764654e-09
2.058565323249679e-09
3.0053109496982165e-09
2.5394994267180504e-09
2.8726793997496843e-09
2.675167811230783e-09
2.8222652104334563e-09
3.4812912984749818e-09
2.497897102430712e-09
2.5269529060380214e-09
2.4816268443948915e-09
2.2418866146107705e-09
2.308386745370882e-09
2.6233361144186243e-09
2.114664649660071e-09
2.429824865835331e-09
2.792683863350222e-09
3.312698164609565e-09
2.472913100367343e-09
2.4051117675683194e-09
2.6674081588808594e-09
2.146829722131892e-09
2.5400605208579508e-09
2.59776091751044e-09
2.4963697956123694e-09
3.0602009210641164e-09
2.971324585356906e-09
2.5213837384608327e-09
2.109619327427155e-09
3.242469292141694e-09
2.568875114526952e-09
2.4929668846840683e-09
2.716208735470578e-09
2.1101866316060487e-09
3.372088142679537e-09
2.8190322427746814e-09
3.085672658467882e-09
3.503954510168574e-09
3.268357123516804e-09
2.0836931685294657e-09
2.9086138030433653e-09
2.654516752513981e-09
2.1347562534964476e-09
2.2111377395391853e-09
2.416650978344457e-09
3.6174603288449507e-09
3.532164736586886e-09
2.545587083409729e-09
2.875714052573853e-09
2.7047684516374668e-09
2.555648835188707e-09
3.223105523740468e-09
2.291870807393827e-09
2.511760477559577e-09
2.8596976777697444e-09
1.911954638611057e-09
2.012324224896951e-09
3.4138926835740498e-09
2.9413566736869075e-09
2.293139391969321e-09
2.8773663688784652e-09
3.113904230170675e-09
2.299714022728841e-09
3.0224488114659505e-09
2.4033426539041627e-09
2.5939201347838572e-09
2.6267940862289944e-09
3.1124418613161925e-09
2.5612842863330723e-09
2.4641077666807606e-09
2.495208228675983e-09
2.5507975310429774e-09
2.60738344673786e-09
3.09410459764254e-09
2.3062850811506226e-09
2.4266623132045313e-09
2.8242160742203773e-09
2.284424573009529e-09
2.7418578719853696e-09
4.557586555603652e-09
2.5596967713828467e-09
2.937537711613248e-09
2.852848258896954e-09
1.874555766634336e-09
2.343739033254001e-09
2.955200268306077e-09
2.3326864370784746e-09
3.1333738760097943e-09
2.3873884081671362e-09
2.472831191007406e-09
2.5765442145824803e-09
2.8110848649927703e-09
2.3851860053562303e-09
2.5979634379652734e-09
3.251537790697947e-09
2.747625289724505e-09
3.800651614716162e-09
2.448824560014398e-09
2.561812948679177e-09
2.2097803692683153e-09
2.345290874862776e-09
2.9830265582436906e-09
2.3792514978050565e-09
2.5966907398183164e-09
3.031684285667753e-09
2.2511723573041993e-09
2.556704777306306e-09
2.6656434983060757e-09
2.7707364683312273e-09
2.8176809625216244e-09
2.9178990468953746e-09
2.6017658249187503e-09
2.4104838962000184e-09
2.6836680884815244e-09
2.3965140957859024e-09
2.6495966999758556e-09
2.5880607627142872e-09
2.4757323270987487e-09
2.858378883249541e-09
3.546341141645419e-09
2.6065397054826113e-09
2.0545556067542124e-09
2.643131134425457e-09
3.103150243873292e-09
2.7644275046173616e-09
2.7244155031470353e-09
2.6668781548887764e-09
3.1818225296816223e-09
2.429399891651883e-09
3.3109023891129442e-09
2.638617208191793e-09
2.9625346965639517e-09
2.1515734951061544e-09
3.2425310097540516e-09
2.750714330303824e-09
2.9909119514826693e-09
2.5251105685575315e-09
3.351254349926499e-09
2.429520302494638e-09
2.758123838369521e-09
2.5247536119057945e-09
2.7888501038142617e-09
3.12062970961053e-09
2.554064521508026e-09
3.2617135761509215e-09
2.604229452473749e-09
2.870437719600886e-09
2.4130611975281026e-09
2.9116600443082445e-09
2.6512795994553494e-09
2.4670857427821526e-09
2.3528151156960303e-09
3.227848445128134e-09
2.6293668630187825e-09
2.8166976990835063e-09
2.310419639081022e-09
2.473427981202793e-09
2.523337611234043e-09
2.4122256620027864e-09
2.4920876025768743e-09
3.2803524393902085e-09
2.4039027576253785e-09
3.1252536022421604e-09
3.0918904502116006e-09
2.602630422049619e-09
1.885143386174109e-09
3.5876268979261397e-09
2.7414704818870712e-09
3.0253513940456216e-09
2.732197559775912e-09
3.0121721281530303e-09
3.0053058308002895e-09
2.4316906600298227e-09
2.62229236670233e-09
2.498923339360349e-09
2.8041757182354493e-09
2.5801523778840388e-09
2.652691861255909e-09
3.846405828935619e-09
2.4099436211270746e-09
2.797091802641573e-09
2.755410056967233e-09
2.1002111698516755e-09
3.287510924186894e-09
3.0310087652100394e-09
2.2260489942788238e-09
2.9405981287131122e-09
2.4970161346601905e-09
2.572081926513047e-09
2.3523744153769108e-09
3.1504021747569798e-09
2.4886557776029362e-09
2.6167038352201306e-09
2.785540116167877e-09
2.660957034361297e-09
3.053981235436043e-09
2.447583159965235e-09
2.445345685978765e-09
2.779338010281719e-09
2.9446902670708826e-09
3.24905414676507e-09
3.2616677579297426e-09
2.635629254394648e-09
2.39366723257849e-09
2.720337526746462e-09
2.2917996253470248e-09
3.0544282160504567e-09
2.732970044065988e-09
2.392516490533434e-09
2.2159032129283503e-09
3.511616073663751e-09
2.1138674427415363e-09
3.336761293919882e-09
3.497451782450301e-09
2.6313181065475144e-09
2.315568965684158e-09
2.4912983664958713e-09
2.539901332115034e-09
2.2463187607756063e-09
2.4270988342495366e-09
2.9674568728372923e-09
2.8159546540265992e-09
2.048268127156916e-09
2.719066968055652e-09
2.9015277194788247e-09
2.7000764513227145e-09
2.849078379577215e-09
2.187049250902684e-09
3.1206503526572636e-09
2.6665577449575505e-09
3.1057523152636796e-09
2.3984314426010733e-09
3.205204340166797e-09
2.825319269825991e-09
2.544264245736994e-09
2.3991488678522244e-09
2.6052404058932513e-09
3.1758417555916713e-09
2.5568176870963306e-09
2.9730553994708996e-09
3.395931225461113e-09
2.2645727279068523e-09
2.5382683469183168e-09
2.3591240468296207e-09
2.348578466415934e-09
3.127386489316583e-09
2.87608331600445e-09
2.530932386574352e-09
2.26747849776986e-09
2.6718438211675508e-09
2.737596474110173e-09
2.9479687210223413e-09
3.271002952927402e-09
2.6761082703671314e-09
2.557021105866874e-09
2.836759096722097e-09
2.5139873869716584e-09
2.8675684188295136e-09
2.719341608121116e-09
2.2977020807920037e-09
2.071157837900059e-09
2.8025433966246717e-09
2.5928702398580854e-09
3.5284402536794705e-09
3.16606836938977e-09
2.960312760116185e-09
2.5039233407498328e-09
2.9019644334576065e-09
2.8577997913535776e-09
2.8281133491385273e-09
2.987741636181155e-09
3.0264932195035905e-09
3.6608396918806456e-09
2.5101430743538523e-09
3.286514376670078e-09
3.0737782346539413e-09
2.417071956050277e-09
2.3457662041113936e-09
2.910804781290719e-09
2.6430390746021507e-09
3.3106010333843784e-09
2.747983033452809e-09
1.9875496779539308e-09
2.907380443654354e-09
2.579353229647304e-09
3.1487173959756504e-09
3.1718936687797662e-09
2.7462115364954368e-09
2.295861109243621e-09
3.690240068978789e-09
1.9901458435866645e-09
2.725709065355339e-09
2.9664140541196295e-09
2.792512847858957e-09
2.3814476475341427e-09
2.2096321042959673e-09
2.2125282714887534e-09
3.1968553224005943e-09
2.085398740194269e-09
2.5846434811198707e-09
2.241288736581134e-09
2.6519770049133855e-09
3.303860850319921e-09
2.296159948484734e-09
2.4352235157326825e-09
2.9417858854745467e-09
2.7183066147410534e-09
1.9736224003827005e-09
2.8727046751586202e-09
2.6836149456615187e-09
2.8848690686745365e-09
2.6901919544558735e-09
2.922874757223075e-09
2.657759482058066e-09
3.295985618386333e-09
3.0908873761771767e-09
2.544296469526603e-09
2.8344586278246896e-09
2.631647484944901e-09
3.2043829432883315e-09
3.0724725722072917e-09
2.8097115487100283e-09
2.595782113183013e-09
3.0019752687913785e-09
2.486783456836627e-09
3.1780716961077662e-09
2.2111633927383682e-09
3.0797268452901344e-09
2.182469945597506e-09
2.0380407080391495e-09
2.1439562076087763e-09
2.9780382611961295e-09
3.191279693737399e-09
2.4335557036853604e-09
2.31043011838291e-09
2.911601582500801e-09
2.294294276371407e-09
2.740778582983449e-09
2.8064019678020885e-09
2.8003415220912743e-09
3.3017772775850024e-09
3.0282159784291232e-09
2.770517208770633e-09
2.616051778090052e-09
3.3721222401873405e-09
2.1746533505700126e-09
2.8980700046243695e-09
2.7295556434135844e-09
2.5683920454300756e-09
2.4837026017126597e-09
3.1564148170724372e-09
2.618238416167689e-09
2.4363361781037755e-09
3.0220577306350367e-09
2.332353954013957e-09
2.6885157213018575e-09
2.3497514728236524e-09
2.500298231747789e-09
2.6666503957252508e-09
3.0278219826122485e-09
2.4971987793581674e-09
3.0155318340584387e-09
2.859348560062345e-09
2.7689784017656364e-09
2.0059182667762215e-09
3.373303442241911e-09
2.4481265059324124e-09
2.690517815484572e-09
2.44008331780083e-09
2.0272554913523984e-09
3.124755368246867e-09
2.1429301408988806e-09
3.0235772195967743e-09
2.5739029454346397e-09
2.150730673254348e-09
2.736751420970296e-09
2.242443807140733e-09
2.4276529324664987e-09
2.8425825696109033e-09
3.290542936978773e-09
2.6539993866871517e-09
2.346309266234442e-09
2.464460704086624e-09
3.0511141949009397e-09
3.24518420030109e-09
2.5385954731567406e-09
2.946246455354587e-09
2.9602405358800446e-09
2.4514993493865954e-09
2.317202845943979e-09
2.4990418410314984e-09
2.5874020605633034e-09
2.790000107951319e-09
2.656031363975405e-09
2.885517848749339e-09
2.2824636096083206e-09
3.2724938300648584e-09
2.5551726437825217e-09
2.645655757893637e-09
2.7761772233825775e-09
2.4883239775857872e-09
2.8086480055220485e-09
2.324310369823321e-09
2.5328154667461807e-09
3.0135008573261603e-09
2.8844398279929094e-09
2.1336622305122635e-09
2.702165167350109e-09
2.6551148919989713e-09
3.0517581693580327e-09
2.225638688103937e-09
5.033368503514369e-09
3.6756071853153403e-09
2.4831144041989606e-09
2.6078230932124677e-09
3.328338742906046e-09
2.793469202754407e-09
2.1498418373744506e-09
3.2584133554855975e-09
2.67986167035595e-09
2.5412992149553316e-09
2.562112016361688e-09
3.0390571662940874e-09
2.8746691939840127e-09
1.9013705827354045e-09
3.1337524959425093e-09
2.6787195381771864e-09
2.6732727312719397e-09
3.2129514344740075e-09
2.9171887352573075e-09
2.6457698533129473e-09
2.709467716703086e-09
3.378318150183343e-09
3.0010985214404436e-09
3.236761990919358e-09
2.8941918836554795e-09
2.333166399936127e-09
2.2526498776129916e-09
2.0696703492196523e-09
2.4434621937016905e-09
3.348270012702541e-09
2.1354764759349935e-09
2.9212534773982723e-09
2.7213867671393825e-09
1.90259867897339e-09
2.5170558059172364e-09
2.514261186997279e-09
2.408735364867274e-09
2.855632063008661e-09
3.025026877102356e-09
2.8571628051215874e-09
2.6248842327687184e-09
3.215717373861258e-09
2.166043387079146e-09
2.590727767081205e-09
2.6993261528990634e-09
3.1199725393830056e-09
3.174090092812002e-09
2.1926878492149054e-09
3.770314114138074e-09
2.5167606035238904e-09
3.027670823958512e-09
2.529273400529025e-09
2.36896462553959e-09
2.3227366774750124e-09
2.7526083813548055e-09
2.1479994917624444e-09
2.559169049690547e-09
2.9190946681883177e-09
2.3242157896636445e-09
2.746724588010771e-09
3.244114950794446e-09
3.0385788696925438e-09
2.7907237048607064e-09
2.5760054393406118e-09
2.433418628384164e-09
2.2489032389799712e-09
2.4263007113427965e-09
2.341773913780605e-09
2.3265063187581647e-09
2.841055229507554e-09
3.1514442559461148e-09
2.7345701700764134e-09
3.228941355504049e-09
2.335048400784693e-09
3.0546136869382366e-09
2.5287224921974848e-09
3.5003349555884702e-09
3.0688300331916524e-09
2.7042118431672146e-09
3.1829404542279595e-09
2.442613328073294e-09
3.1323865789059137e-09
2.5739775769248636e-09
2.696007496351578e-09
2.66004388942186e-09
3.1100665867514823e-09
2.6680601947605756e-09
2.761352235302987e-09
2.3187379190651135e-09
2.43641201257052e-09
2.2289135378963237e-09
2.8267724690405997e-09
2.4109723226108798e-09
3.2989339339688922e-09
2.6590494927995235e-09
2.65439019532911e-09
3.044003098250179e-09
2.5506941964386493e-09
2.9290436160496133e-09
2.454842301928984e-09
2.7731863738982704e-09
2.772704019127995e-09
2.7046646123370273e-09
3.1871731663362865e-09
2.550118686963504e-09
2.61262406836809e-09
2.3933239708638643e-09
2.358691114873277e-09
2.446723239377807e-09
2.614360602624325e-09
3.1046475974924256e-09
2.144296844361522e-09
2.993965697811827e-09
2.6569039578020273e-09
2.955982450730376e-09
2.0779006995401937e-09
2.948633019174418e-09
2.403824409219057e-09
2.924678890292142e-09
3.0129547733148167e-09
2.804298203590641e-09
2.58234654888995e-09
2.2561106619522174e-09
3.0474654165728483e-09
3.22302572987581e-09
2.4924795479506004e-09
2.3159853018662677e-09
3.3650353115414165e-09
2.5531772116968963e-09
2.26321776201693e-09
2.816868409155019e-09
3.345398579142865e-09
3.1731238774772644e-09
2.4103056212704775e-09
2.652469570591301e-09
3.0627838601350772e-09
2.639137495943477e-09
2.5840436964665037e-09
3.2069459893094114e-09
2.499905726492061e-09
2.988212747503851e-09
2.803019328039176e-09
2.87560826512474e-09
2.4311089801974835e-09
2.6719959646563304e-09
2.9830989244561054e-09
3.50750889845184e-09
2.342814384495833e-09
2.7217157399367364e-09
3.028294802529148e-09
2.837414669919821e-09
3.0891294333190537e-09
1.8691160800642266e-09
2.227742986122324e-09
2.8003069218931337e-09
2.732249534042816e-09
3.3232137096415176e-09
3.632528614927813e-09
2.9311369937668787e-09
2.7685694398930233e-09
2.559216890707719e-09
3.21135296425714e-09
2.844532810848937e-09
2.514148478164127e-09
2.115028610583103e-09
2.6711135578242652e-09
2.9261244621444672e-09
2.564882675172575e-09
2.7776638295224157e-09
2.4054023906711595e-09
2.956196036227321e-09
2.4680639062416715e-09
3.136775712819003e-09
2.1292398318670594e-09
3.0991666816952528e-09
2.2981995972080893e-09
3.626982159380364e-09
2.5767542015039946e-09
2.7520168851559966e-09
2.3828920598864545e-09
2.5409008620551864e-09
2.8125595571059855e-09
3.278892585180035e-09
4.598617207569964e-09
2.163296666205395e-09
2.582065333571991e-09
2.670650823589655e-09
3.1180301002264356e-09
2.43989255188648e-09
2.242420297355035e-09
3.2597337125037616e-09
2.8357602664176064e-09
3.212475026335808e-09
2.5777052888573994e-09
2.6844200522397124e-09
3.079521761672945e-09
2.6108968934328985e-09
2.87402308869018e-09
2.5328776135941783e-09
2.287334253752403e-09
2.3466400379942506e-09
2.5650837923987466e-09
1.9752013401611035e-09
3.2899542891417013e-09
2.5920856105521133e-09
5.4003006213967225e-09
2.098720559048483e-09
2.915655562634161e-09
2.5276076333954206e-09
3.459100401622707e-09
2.975304128397492e-09
2.613986706343635e-09
2.20489513615401e-09
2.646810217125841e-09
2.958303956510956e-09
2.4123209964961242e-09
2.4314246336253585e-09
2.7066845955845374e-09
2.3513861578325357e-09
2.577927047395581e-09
3.123075261455329e-09
2.590545662803801e-09
3.2440818892418184e-09
2.437453347286459e-09
2.402939978994687e-09
2.5143763016750517e-09
2.5444135524649997e-09
1.982253741521483e-09
3.254851521498122e-09
2.2852537797215036e-09
3.0393018194416546e-09
2.289480019793382e-09
2.1560386229179176e-09
2.4020859670922587e-09
2.4177256828517013e-09
2.4571061019705055e-09
3.217161451086678e-09
2.5771109420200285e-09
3.2628917307300255e-09
2.106794876304951e-09
2.296172464406193e-09
2.3012968955048348e-09
3.248338699749203e-09
2.615465866291373e-09
2.6947594610935398e-09
3.67440002214817e-09
3.055697904940074e-09
3.0549693645024606e-09
2.4790301511351705e-09
2.2277577919871915e-09
2.1585238254998376e-09
2.656642708880226e-09
3.2882421716604916e-09
2.6487265699444602e-09
3.3023706355215718e-09
2.677556496400585e-09
2.581769199957399e-09
2.044687586724627e-09
2.9687621237207973e-09
3.123117260953826e-09
1.973558178588585e-09
2.9733266304252624e-09
3.171389153730237e-09
2.2803866235100202e-09
2.1043157126749215e-09
2.9014810940149183e-09
2.61971293144753e-09
3.6263671802298607e-09
2.3770073316890968e-09
3.085259862422706e-09
2.608080750335102e-09
2.633377843748192e-09
2.5075745656885466e-09
3.096244811646824e-09
2.6280540708586465e-09
3.1944887293137297e-09
3.1070577337648404e-09
2.334257837694441e-09
1.9357680002668985e-09
2.7363673345986474e-09
2.918051494177603e-09
2.9683741206688007e-09
2.9826088269644356e-09
2.4501665933239665e-09
3.128989270212868e-09
2.484064587165123e-09
2.896472953628146e-09
2.660413699398772e-09
3.005537198188645e-09
2.4869386354409682e-09
2.8135309424587827e-09
3.032733291764584e-09
2.6616520994063135e-09
2.2806592754197504e-09
3.0116940648717942e-09
3.0317123789723455e-09
2.889662887553719e-09
2.3158024165838287e-09
2.3527636190743932e-09
2.600024731267119e-09
2.8287533241364363e-09
2.5082482647408207e-09
2.0926969603821816e-09
2.380017648023411e-09
2.56045295474747e-09
2.370238126212995e-09
2.6366394128771176e-09
2.74146355931041e-09
2.8680508313877646e-09
2.8968723848215618e-09
2.600987943361839e-09
2.4975059254852758e-09
2.4284728952165408e-09
2.7418712417160394e-09
3.1694600897795577e-09
2.2969670071689395e-09
2.25066394948098e-09
2.305998919485512e-09
3.0586979865143e-09
3.3354592122135374e-09
2.664541009979749e-09
2.7761703466676682e-09
2.609849244865608e-09
2.970121209145294e-09
2.9886446417702953e-09
2.6762670281938947e-09
3.2263416711473744e-09
2.409245371021336e-09
1.8790878291308905e-09
2.761120989074224e-09
2.537515426514342e-09
2.768762800248962e-09
2.3833186350028304e-09
2.837538236387209e-09
2.560721150965742e-09
2.665177661626949e-09
2.5757966756159885e-09
5.624820716186932e-09
2.6437200323879695e-09
2.5042066629978738e-09
2.6149964726701787e-09
3.093502065620868e-09
2.9941039630249078e-09
2.3862312417905276e-09
2.5549637738060856e-09
2.287521606652524e-09
2.1401221996278884e-09
3.016494352101138e-09
3.2747037788144646e-09
2.583164914555982e-09
2.96728765511586e-09
2.5731682285683004e-09
3.0109638778021315e-09
3.021456030142221e-09
1.7701589582704881e-09
2.2253690545046348e-09
2.429652118439516e-09
2.763570419001774e-09
2.556445154362503e-09
2.5345896714442685e-09
2.546685342371801e-09
3.1545673274632237e-09
2.9135790259918713e-09
2.745364122071648e-09
2.6821630672762067e-09
3.0516558926097642e-09
2.6226786534622876e-09
2.525903703050076e-09
2.4880226498296375e-09
2.438155248063543e-09
2.1112474645054377e-09
3.112279864489649e-09
2.596440460095155e-09
2.4670540473784724e-09
2.7788508010504268e-09
2.7487446138132164e-09
3.1899826606184706e-09
3.370803265418526e-09
2.7437696781479684e-09
2.8530347784250752e-09
2.8657456622570993e-09
2.602900321061613e-09
2.8468310280752723e-09
2.99685922844177e-09
2.1657557592474376e-09
2.483860771576585e-09
2.8517335101956205e-09
2.498635933356405e-09
2.62502284774542e-09
3.5506187807607392e-09
1.884557318846628e-09
2.56957191201862e-09
2.2921182294853223e-09
3.195542438300114e-09
2.8689579381342527e-09
2.8863969279480962e-09
2.346860170391804e-09
3.4196821784341323e-09
3.1009248495253265e-09
2.558520805265828e-09
2.3261972856855953e-09
2.8520786801060696e-09
2.388471925340689e-09
2.5138929827779946e-09
2.6845577052038265e-09
2.749109862605799e-09
2.319771687730402e-09
2.408702144966919e-09
2.4030903720390594e-09
2.945463003004283e-09
2.350081920244381e-09
2.6395246636176997e-09
2.511962440951334e-09
3.325023179316308e-09
2.551263402037103e-09
3.1222527568475038e-09
2.2218424787175985e-09
2.4137591968578787e-09
2.677643547589325e-09
2.7763739003129617e-09
3.173415797394323e-09
2.631247483840613e-09
2.7914862163339396e-09
2.51083260042681e-09
2.841825358693671e-09
2.7948557313958733e-09
2.452130499846182e-09
3.1822824831002905e-09
2.3419912654164265e-09
2.7870730404003057e-09
2.486538430560882e-09
2.874810973692646e-09
3.0915041851356864e-09
2.537927137273143e-09
2.594847488843286e-09
2.7116896616076296e-09
3.1233233992286787e-09
2.782318330970309e-09
2.468579621804374e-09
2.28677289371192e-09
3.0588398578380166e-09
2.9726672620862538e-09
2.551549406221848e-09
2.7369227029042445e-09
2.4213221006658646e-09
2.8275091862599473e-09
3.3450308490994007e-09
2.671301244550235e-09
3.1737301708673234e-09
2.9535482560117537e-09
3.228100950772566e-09
2.6890473672639206e-09
2.624725506329608e-09
2.450979490545291e-09
2.302117907871e-09
2.749359284291361e-09
2.7367030649028817e-09
2.9288442198317603e-09
2.739607055861175e-09
3.0640540086179953e-09
2.552560260762112e-09
3.1088787505180286e-09
3.2658717296816207e-09
2.2188725867528653e-09
2.682148683545455e-09
2.250837134515002e-09
2.151605705722707e-09
2.749717084343968e-09
3.1383912109188804e-09
2.2578724487407227e-09
2.736690193688371e-09
2.903523078218173e-09
3.1789688591482394e-09
3.4787153913224712e-09
2.6539701626681136e-09
2.3520054194732e-09
2.4015875416268616e-09
3.4897771481389936e-09
2.452640071831484e-09
3.130602511816974e-09
2.2208822265490195e-09
2.788020471986615e-09
2.8346538099655386e-09
2.3751494691382283e-09
3.066295483852583e-09
3.2778001825359976e-09
2.191385417202839e-09
2.741097426947267e-09
2.8560283130444827e-09
2.4154520366823605e-09
3.744893705358819e-09
2.6111883737601864e-09
2.0719364637075514e-09
2.540219778230865e-09
2.5362706547590527e-09
2.9384453071180754e-09
2.3016667312857585e-09
2.739396639920861e-09
2.6262538554999194e-09
2.923050561364285e-09
3.245598282481093e-09
2.3885384352350693e-09
2.6417134805080227e-09
3.1183570978784818e-09
3.16647532857834e-09
2.6848477189308356e-09
3.3980494077183107e-09
2.408186567368943e-09
2.6949527996570147e-09
2.6805109672157178e-09
2.8605002761546323e-09
2.4682787635077648e-09
2.58977392964899e-09
2.8130772618544138e-09
3.148032739976221e-09
3.479380370190882e-09
2.252128035874334e-09
2.8934287065905326e-09
2.3398868196754935e-09
2.84176676829985e-09
1.9192641112996366e-09
2.6928226506267583e-09
2.7767916899765037e-09
2.8044332686725897e-09
2.315219728335049e-09
2.9804274780586767e-09
2.4927360252444304e-09
2.7795058536684777e-09
2.450720069913613e-09
2.9526331341380753e-09
2.8044331374299167e-09
2.4907808312624527e-09
2.3064421295158205e-09
2.2271645460487065e-09
2.1552049039191314e-09
2.5130771762627707e-09
2.714045476478067e-09
3.141309829553414e-09
2.820767589992168e-09
2.5393983566325898e-09
2.5792837690425015e-09
2.6254789678588873e-09
2.9575284404121348e-09
2.3924611976321e-09
2.8104506521499373e-09
2.8535681791141444e-09
2.991033611868428e-09
3.0990168853957563e-09
2.7506960539620123e-09
2.4926085641602085e-09
2.973649577877463e-09
2.582785142441618e-09
3.0393835424272382e-09
2.600420525666978e-09
2.616546053880054e-09
2.4708424318066816e-09
3.3934170047501475e-09
2.946114801172673e-09
2.804006677672652e-09
2.66140279687457e-09
2.7123099731896777e-09
3.382769130349378e-09
2.7230780998686345e-09
2.452529830263006e-09
2.4964531816556654e-09
3.182662480674496e-09
3.0897971251323507e-09
1.9684186389158295e-09
2.5807627917844543e-09
2.636894685242863e-09
2.919557695862246e-09
2.933553962898225e-09
2.7826809136555393e-09
2.924279968565327e-09
2.5696486922891296e-09
2.56034866122053e-09
2.4310297199771347e-09
3.319657785477454e-09
2.6494627915749948e-09
3.0151246494100267e-09
2.2610361191839623e-09
2.487985469067696e-09
2.84775429420462e-09
2.6929808655934938e-09
3.43846306467702e-09
3.1291547824565356e-09
2.2340381182353944e-09
2.382099809181311e-09
2.967723176472252e-09
3.200780730196716e-09
2.8653467086547403e-09
2.5479020607753478e-09
2.5981406575324197e-09
2.0416560455064833e-09
3.048170077078142e-09
2.5080937046196086e-09
2.952719212526416e-09
2.6055602383784e-09
2.350441590816786e-09
2.9074286986741256e-09
3.0297482111574063e-09
2.9466789441432925e-09
2.6673091848292488e-09
2.1491563863837784e-09
2.585722619255059e-09
2.7114823083216125e-09
2.0564916745425058e-09
3.6991126451551594e-09
2.622233066752397e-09
3.2894303624280558e-09
3.4698739368984113e-09
3.1244507044006324e-09
2.927784200138211e-09
2.538653106850565e-09
3.0527944758153465e-09
2.500537583146733e-09
1.9416289812924925e-09
2.415964293911183e-09
2.4695691835897524e-09
3.2273759242341937e-09
2.803033379136701e-09
2.846817497774261e-09
2.776072383363533e-09
2.720066228192094e-09
2.1803610301789067e-09
2.782267773647224e-09
3.0002452632211553e-09
2.210778888298362e-09
2.7627592808984747e-09
2.278601205667804e-09
2.565442640712224e-09
2.7400923693107586e-09
2.3683801991520974e-09
2.5379323516350714e-09
3.0116502189769974e-09
3.142897643255548e-09
2.6734749037520857e-09
2.0870187045565758e-09
3.1713725461924094e-09
3.1716306300028085e-09
1.922200354670476e-09
2.629950085074502e-09
2.535177344149906e-09
2.6671409663627486e-09
2.812512488962332e-09
2.5625581515152478e-09
2.711833075913668e-09
2.9788972513754633e-09
2.3969520918879633e-09
3.391974092283121e-09
3.3766691483931924e-09
2.8184655743719415e-09
2.0379593421355514e-09
2.650760624618286e-09
2.543228850931077e-09
2.0645108694426414e-09
2.5546223103491833e-09
2.420339216319036e-09
3.0461232098451425e-09
2.6628569513255027e-09
2.8266743996472818e-09
2.9702134547466424e-09
2.726045644915135e-09
2.0610087980883762e-09
3.0015231822894638e-09
2.5403329953922055e-09
2.417679077337115e-09
2.339919647636763e-09
5.080634834283421e-09
3.2279651186175803e-09
2.759575557648164e-09
2.7157331038379744e-09
2.6568064293713833e-09
2.971173718733025e-09
2.577451992450113e-09
2.912256720445563e-09
