Time-of-Flight [s]
2.2534485154704267e-09
3.1045008699191817e-09
2.591044274690562e-09
2.2268866213842907e-09
2.7402446219405805e-09
2.2678948675757893e-09
2.5856749809116954e-09
2.1012911204803487e-09
2.8057432729508347e-09
2.315161245289101e-09
1.949080243889676e-09
2.5170319535693916e-09
2.3500597913409215e-09
2.416128525664651e-09
1.8860360521997746e-09
2.283539415400698e-09
3.104231431604596e-09
2.159927977261471e-09
1.9077732686628268e-09
2.2161465132626568e-09
2.585529780932302e-09
2.161976671608912e-09
2.9152189757950247e-09
2.0901926002053718e-09
2.5188442470199413e-09
1.8268672029853853e-09
2.098188883680824e-09
2.5907133783563473e-09
2.2837958033393284e-09
2.3612221619072923e-09
2.141806000784119e-09
2.0988259467658076e-09
2.1771736926525626e-09
1.999930480073395e-09
4.23365067627596e-09
1.9937856448224117e-09
2.0532756325874623e-09
1.9635275798411504e-09
2.240763034594851e-09
1.817521218753094e-09
2.190556671364879e-09
2.075617506503162e-09
1.9771270607372147e-09
1.8131612847558732e-09
2.3062818325624295e-09
2.3528089696385176e-09
2.1208426858446475e-09
2.1353001196706034e-09
2.4937902094501795e-09
2.6067060384402183e-09
1.851866895609042e-09
3.1494386943289984e-09
2.590346707849456e-09
2.4378582873043372e-09
2.5405389590698506e-09
1.9301462333328194e-09
2.685797536697049e-09
2.4089770688697355e-09
2.2122810642048133e-09
2.6926854282941946e-09
2.7671728330773675e-09
8.576443081111454e-10
2.8201282159539707e-09
2.2694854669456704e-09
2.5527216173943778e-09
3.5714564271342166e-09
2.4698370576780064e-09
2.4468459976266857e-09
2.7977265084982387e-09
2.346848728426807e-09
2.3490314410962686e-09
2.9480040883070715e-09
2.8198349375451424e-09
2.383896587199023e-09
2.1643782342273873e-09
2.47353351742871e-09
3.059572867126592e-09
2.176225583609302e-09
2.4122479723762786e-09
2.273027578075901e-09
2.8477200741413135e-09
2.5255284292363157e-09
2.0226228842425186e-09
2.0686284232340583e-09
2.563420004936994e-09
3.2169169446723224e-09
2.1399226028597385e-09
2.1023921762444156e-09
2.6549405202514614e-09
2.3903724854536235e-09
2.6806583124458104e-09
2.8480201930798036e-09
2.987256194538217e-09
2.592069297564911e-09
3.0595849616457714e-09
2.602235307173472e-09
2.2741954399714158e-09
2.7029234727287766e-09
2.868423743619458e-09
4.03453281413058e-09
2.9566934977827766e-09
2.3277350915112006e-09
2.133390975325982e-09
2.6554263594577836e-09
3.0787446794440856e-09
2.0207449009051028e-09
2.225777376589546e-09
2.304818746975772e-09
2.462193493998877e-09
2.101100139928697e-09
2.1851190888449393e-09
2.0595944252919766e-09
3.275629684921892e-09
2.925877229666379e-09
2.6462628614131118e-09
2.5518808514202835e-09
2.157881608426046e-09
2.117059282193785e-09
2.192848812959409e-09
2.5300397861818813e-09
2.8496389946623853e-09
1.6063085528860658e-09
2.0499116141798213e-09
2.642144293255695e-09
1.8042826178434057e-09
2.7536974856389937e-09
2.8194843223648073e-09
2.6164639231260334e-09
2.2089124806893862e-09
3.217438669791484e-09
2.5730576382390884e-09
2.5573480427764934e-09
2.246120923369427e-09
2.541805054005449e-09
2.445972421458685e-09
3.0069393804055527e-09
2.223655843036328e-09
2.1207663289618626e-09
2.376834174220915e-09
2.7518827400738015e-09
2.2023334542761036e-09
2.374528517172167e-09
2.3453167494018323e-09
2.330838688859938e-09
2.6666153880568286e-09
1.876210680416303e-09
2.625918943144909e-09
2.4732053216655007e-09
2.3794746520638e-09
2.474800616823411e-09
3.0864561667088078e-09
2.415013677020206e-09
2.16863205198441e-09
2.053224318132119e-09
2.0571908470061375e-09
1.9008874479629814e-09
2.111598248956837e-09
2.1367305680613635e-09
1.82497945886719e-09
2.1782348458320496e-09
2.941693277830988e-09
2.298458446790483e-09
2.3922781627026563e-09
2.418280509435683e-09
2.5044972124562814e-09
2.8954586030779765e-09
2.2771168591408184e-09
2.2807055778727246e-09
2.5987013850764604e-09
2.47623859980263e-09
2.0726127939016577e-09
2.3964575911802205e-09
2.508766178631848e-09
1.9100812367867613e-09
2.175300428447404e-09
3.0157715433254146e-09
2.398070080158283e-09
2.525924065749233e-09
2.921198216236957e-09
2.130813855737287e-09
1.897517180031059e-09
2.248422718246091e-09
2.7977113572878742e-09
2.4970659160739907e-09
2.497413777001337e-09
2.3095832041828985e-09
2.574711810101509e-09
2.4738723411921355e-09
2.31825225392745e-09
3.147805265036295e-09
2.3729172625311726e-09
2.111783076668783e-09
2.2466953804095233e-09
2.90479386990403e-09
2.258584264221413e-09
2.686653325322235e-09
2.226505089943532e-09
2.6704140226950068e-09
2.550970311127488e-09
3.119163010100205e-09
2.292842185292734e-09
2.383318216500792e-09
2.8652954676066603e-09
2.0695199712727954e-09
2.0394286502363034e-09
2.2084773127286923e-09
2.8160914261035532e-09
2.1399585317205365e-09
2.1031267588729734e-09
2.336985811330272e-09
2.2642629849529104e-09
2.846794414351067e-09
2.760856146022221e-09
2.1441721024021386e-09
2.517343757681449e-09
3.0765111072572886e-09
2.0322068410396407e-09
2.3754388709957414e-09
1.87303594165124e-09
2.8539240637067732e-09
2.3222989828895757e-09
1.9425883241949195e-09
2.699863118634611e-09
1.961994879875941e-09
2.585821056409754e-09
2.5993892828945955e-09
2.174917076812463e-09
2.3828680810477915e-09
2.4849728821971923e-09
2.202022083419705e-09
2.314004835484015e-09
2.1654226736375626e-09
1.2956358225602992e-09
2.1948696314491676e-09
2.4592177341286985e-09
2.0698332900610274e-09
2.1235978906613846e-09
2.613327292956026e-09
2.825977251416211e-09
1.975001908164579e-09
2.326453011247849e-09
2.6461760513915925e-09
2.5637904349962333e-09
2.045681231019076e-09
2.224550518239391e-09
2.423735387358742e-09
2.3673345442699716e-09
2.1646797135278957e-09
2.5356142741017607e-09
2.7977209028206412e-09
1.849212284221833e-09
1.7977841925646137e-09
2.7506463241562355e-09
2.124832533664453e-09
2.6609446075070466e-09
2.223914424414209e-09
3.0228707094425745e-09
2.4028702310763088e-09
1.5110195173534922e-09
1.978359612199096e-09
2.432224892789849e-09
2.094804046426455e-09
2.4713209038321367e-09
2.938246858438711e-09
2.2937902886778147e-09
2.1469831692111536e-09
2.255842665118725e-09
3.1514453162958395e-09
3.0432724766322854e-09
2.539861386366502e-09
2.3637256853985093e-09
2.08653140886016e-09
2.833855176833256e-09
2.175694265645501e-09
2.290737089762334e-09
2.20746900690379e-09
2.5069843476014687e-09
