0.0000000025488 0.0000000000000
0.0000000025688 0.0313230337695
0.0000000025755 0.0410371908948
0.0000000025783 0.0117490816631
0.0000000025798 0.0339376258120
0.0000000025807 0.0231272594364
0.0000000025837 0.0377472814028
0.0000000025911 0.0426726927987
0.0000000025912 0.0603770649956
0.0000000026037 0.0349508423128
0.0000000026049 0.0588388152131
0.0000000026174 0.0233233658559
0.0000000026204 0.0517607192971
0.0000000026219 0.0402684665478
0.0000000026220 0.0372789651739
0.0000000026237 0.0512090898834
0.0000000026240 0.0516934278786
0.0000000026285 0.0340935175981
0.0000000026290 0.0447101808191
0.0000000026305 0.0792374076309
0.0000000026308 0.0479021973191
0.0000000026310 0.0293819967822
0.0000000026349 0.0649286885837
0.0000000026427 0.0706728122376
0.0000000026435 0.0253235231608
0.0000000026446 0.0402508426048
0.0000000026488 0.0380222149125
0.0000000026552 0.0594540510390
0.0000000026596 0.0638954448751
0.0000000026672 0.0366710993604
0.0000000026826 0.0468486059672
0.0000000026835 0.0398321938514
0.0000000026850 0.0459332824585
0.0000000026958 0.0404344520466
0.0000000027158 0.0000000000000
0.0000010027870 0.0000000000000
0.0000010028070 0.0637834527286
0.0000010028330 0.0590536670992
0.0000010028368 0.0544672762782
0.0000010028538 0.0522050028766
0.0000010028600 0.0245381361768
0.0000010028747 0.0559323065886
0.0000010028808 0.1024173786785
0.0000010028829 0.0552525030445
0.0000010028994 0.0521758432619
0.0000010029159 0.0335684843164
0.0000010029219 0.0331235598663
0.0000010029221 0.0561756772187
0.0000010029320 0.0776254577235
0.0000010029520 0.0000000000000
0.0000020031265 0.0000000000000
0.0000020031465 0.0253299318673
0.0000020031962 0.0277134900398
0.0000020032161 0.0835607210493
0.0000020032533 0.0275149803553
0.0000020032939 0.0412086237943
0.0000020033139 0.0000000000000
0.0000030033150 0.0000000000000
0.0000030033350 0.0492741411673
0.0000030033589 0.0614141539282
0.0000030033931 0.0433468887246
0.0000030034224 0.0445225659357
0.0000030034365 0.0650837792815
0.0000030034681 0.0652334225788
0.0000030034766 0.0381890014997
0.0000030035087 0.0405393946159
0.0000030035287 0.0000000000000
0.0000040028671 0.0000000000000
0.0000040028871 0.0269716822601
0.0000040029183 0.0398839441566
0.0000040029427 0.0242870750988
0.0000040029553 0.0092690724575
0.0000040029559 0.0397016164561
0.0000040029594 0.0518018952365
0.0000040029794 0.0000000000000
