0.0000000005573 0.0000000000000
0.0000000005773 0.1271625160758
0.0000000005786 0.1632360035533
0.0000000006129 0.2192267895889
0.0000000006396 0.1426630943181
0.0000000006530 0.1165746920341
0.0000000006616 0.2335108351160
0.0000000006633 0.1183785827018
0.0000000006686 0.2011465467547
0.0000000006833 0.1582516320573
0.0000000007033 0.0000000000000
0.0000010005101 0.0000000000000
0.0000010005301 0.1129741204935
0.0000010005354 0.1491173026544
0.0000010005519 0.0909087837275
0.0000010005528 0.1216763428594
0.0000010005628 0.1187587792161
0.0000010005827 0.1068808825520
0.0000010006066 0.1390192640085
0.0000010006075 0.0344407092738
0.0000010006396 0.2184423639108
0.0000010006596 0.0000000000000
0.0000020005250 0.0000000000000
0.0000020005450 0.1268049102520
0.0000020005646 0.2072388233902
0.0000020005702 0.2055714381714
0.0000020005908 0.2285485736575
0.0000020005909 0.1304593149274
0.0000020006060 0.1913455516560
0.0000020006083 0.2949527066998
0.0000020006129 0.1567688175863
0.0000020006162 0.0811121145057
0.0000020006185 0.1307722200232
0.0000020006667 0.1065934520646
0.0000020006867 0.0000000000000
0.0000030005576 0.0000000000000
0.0000030005776 0.1479296091186
0.0000030005777 0.1620853202976
0.0000030005810 0.2133584972462
0.0000030005866 0.1427452859792
0.0000030006145 0.2000396029210
0.0000030006205 0.1552552413239
0.0000030006332 0.2265562670181
0.0000030006388 0.1263804936627
0.0000030006630 0.1212009770533
0.0000030006704 0.1590922941351
0.0000030006904 0.0000000000000
0.0000040004221 0.0000000000000
0.0000040004421 0.1989672661025
0.0000040004581 0.1001930768630
0.0000040004697 0.0797124530017
0.0000040004808 0.0932534090078
0.0000040005050 0.1457162021042
0.0000040005129 0.1861448863150
0.0000040005194 0.0933875111918
0.0000040005353 0.0969049297653
0.0000040005621 0.1483939199059
0.0000040005718 0.0982007702236
0.0000040005924 0.1079455289226
0.0000040006124 0.0000000000000
