0.0000000006282 0.0000000000000
0.0000000006482 0.0575364058306
0.0000000006646 0.0424852381330
0.0000000006944 0.0379187143022
0.0000000006970 0.0474136936646
0.0000000007065 0.0157902517770
0.0000000007261 0.1020259669277
0.0000000007380 0.0641383348522
0.0000000007670 0.0365797752925
0.0000000007870 0.0000000000000
0.0000010004612 0.0000000000000
0.0000010004812 0.0632826123141
0.0000010005155 0.0338256336655
0.0000010005570 0.0303218335934
0.0000010005678 0.0717989821908
0.0000010005781 0.0623116932763
0.0000010005783 0.0242066458320
0.0000010005823 0.0193091123094
0.0000010006023 0.0000000000000
0.0000020004049 0.0000000000000
0.0000020004249 0.0349792008391
0.0000020004282 0.0538307315031
0.0000020004332 0.0459908005995
0.0000020004376 0.0228638615984
0.0000020004382 0.0363091676597
0.0000020004391 0.0843015675230
0.0000020004427 0.0382567735711
0.0000020004486 0.0151577124434
0.0000020004567 0.0361374143250
0.0000020004576 0.0368867523348
0.0000020004586 0.0397344610770
0.0000020004659 0.0341596874929
0.0000020004727 0.0246674318308
0.0000020004813 0.0300031606617
0.0000020004855 0.0423461692016
0.0000020004881 0.0267368031661
0.0000020004926 0.0311105851484
0.0000020004943 0.0370271030076
0.0000020004979 0.0477560788104
0.0000020005012 0.0476359155632
0.0000020005027 0.0606377391333
0.0000020005045 0.0443966348526
0.0000020005177 0.0038726211324
0.0000020005189 0.0470836452788
0.0000020005257 0.0492565172244
0.0000020005277 0.0528913753449
0.0000020005477 0.0000000000000
0.0000030004539 0.0000000000000
0.0000030004739 0.0161047590494
0.0000030004890 0.0519786153188
0.0000030004904 0.0514463722423
0.0000030004979 0.0170756780872
0.0000030005096 0.0505268830743
0.0000030005159 0.0587394802620
0.0000030005178 0.0166498195390
0.0000030005505 0.0421313173155
0.0000030005548 0.0304312622572
0.0000030005711 0.0419839170655
0.0000030005912 0.0331070574470
0.0000030006230 0.0257867124245
0.0000030006430 0.0000000000000
0.0000040005112 0.0000000000000
0.0000040005312 0.0310628402848
0.0000040005478 0.0208028215816
0.0000040005761 0.0478451598310
0.0000040005837 0.0333576378719
0.0000040005859 0.0678707655294
0.0000040005993 0.0455186391466
0.0000040006046 0.0273143878412
0.0000040006049 0.0295487833694
0.0000040006113 0.0464605587874
0.0000040006142 0.0316859267762
0.0000040006261 0.0557376421281
0.0000040006340 0.0120592630587
0.0000040006439 0.0561933011617
0.0000040006603 0.0806620630903
0.0000040006803 0.0000000000000
