0.0000000028116 0.0000000000000
0.0000000028316 0.1632561909788
0.0000000028613 0.1750350731272
0.0000000028770 0.0847400832667
0.0000000028926 0.1377565886064
0.0000000029034 0.1862222714462
0.0000000029171 0.1813537373206
0.0000000029219 0.0698403212607
0.0000000029373 0.1555859305803
0.0000000029573 0.0000000000000
0.0000010029947 0.0000000000000
0.0000010030147 0.1183045621415
0.0000010030331 0.1010899753405
0.0000010031015 0.2028874718808
0.0000010031215 0.0000000000000
0.0000020025609 0.0000000000000
0.0000020025809 0.3406229117557
0.0000020025812 0.1183060041005
0.0000020025902 0.1670370073903
0.0000020025952 0.1042396943774
0.0000020026058 0.1509601262142
0.0000020026063 0.0948996454952
0.0000020026081 0.1509533970724
0.0000020026097 0.0532044406584
0.0000020026121 0.1652033162372
0.0000020026156 0.1135590751811
0.0000020026240 0.1418089739566
0.0000020026259 0.0993230949529
0.0000020026281 0.1454181972510
0.0000020026290 0.0618062065495
0.0000020026429 0.1661588543794
0.0000020026514 0.1661103084275
0.0000020026528 0.1562059729361
0.0000020026536 0.1195052333081
0.0000020026569 0.1448044033841
0.0000020026576 0.1047890807438
0.0000020026576 0.1266025553436
0.0000020026657 0.1094451662483
0.0000020026699 0.1335388586279
0.0000020026815 0.1996959360339
0.0000020026837 0.1262728273932
0.0000020026962 0.2271537186835
0.0000020026990 0.0980599388978
0.0000020027009 0.1418003222028
0.0000020027019 0.0602277421337
0.0000020027108 0.1637185791542
0.0000020027189 0.1377527433825
0.0000020027389 0.0000000000000
0.0000030028154 0.0000000000000
0.0000030028354 0.1892436561351
0.0000030028457 0.1295489581662
0.0000030028474 0.0935177681518
0.0000030028542 0.1386717518974
0.0000030028627 0.1869134504444
0.0000030028681 0.0941142585111
0.0000030028699 0.1512062205446
0.0000030028729 0.1078681437914
0.0000030028794 0.1207467599786
0.0000030028898 0.1198354419115
0.0000030029395 0.2394257507986
0.0000030029732 0.0932918612470
0.0000030029847 0.1852912466065
0.0000030029982 0.2254546103674
0.0000030030182 0.0000000000000
