time	V(compout)
0.000000000000000e+00	1.417084e-01
5.573000000000000e-10	1.417084e-01
5.579980098087927e-10	1.417084e-01
5.593940294263782e-10	1.417084e-01
5.603079203719881e-10	1.417084e-01
5.612304266289913e-10	1.417084e-01
5.630754391429974e-10	1.417084e-01
5.667654641710098e-10	1.417084e-01
5.741455142270345e-10	1.417084e-01
5.773000000000001e-10	1.417084e-01
5.782100000000000e-10	1.417084e-01
5.786000000000000e-10	1.417084e-01
5.804868571428572e-10	1.417084e-01
5.823737142857143e-10	1.417084e-01
5.842605714285714e-10	1.417084e-01
5.861474285714286e-10	1.417084e-01
5.880342857142857e-10	1.417084e-01
5.899211428571428e-10	1.417084e-01
5.918079999999999e-10	1.417084e-01
6.051199999999998e-10	1.417084e-01
6.129000000000000e-10	1.417084e-01
6.155624000000000e-10	1.417084e-01
6.208871999999999e-10	1.417084e-01
6.315367999999998e-10	1.417084e-01
6.396000000000000e-10	1.417084e-01
6.409400000000001e-10	1.417084e-01
6.436200000000001e-10	1.417085e-01
6.489800000000001e-10	1.417085e-01
6.530000000000000e-10	1.417085e-01
6.538600000000001e-10	1.417085e-01
6.555800000000000e-10	1.417085e-01
6.590200000000000e-10	1.417085e-01
6.616000000000000e-10	1.417085e-01
6.621100000000000e-10	1.417085e-01
6.627900000000000e-10	1.417085e-01
6.633000000000000e-10	1.417085e-01
6.642520000000000e-10	1.417085e-01
6.653400000000000e-10	1.417085e-01
6.675160000000001e-10	1.417085e-01
6.686000000000000e-10	1.417085e-01
6.716464000000000e-10	1.417086e-01
6.751280000000000e-10	1.417086e-01
6.833000000000000e-10	1.417086e-01
6.846926400000000e-10	1.417087e-01
6.874779200000000e-10	1.417087e-01
6.930484800000001e-10	1.417087e-01
7.033000000000000e-10	1.417089e-01
7.235131748571430e-10	1.417092e-01
7.437263497142859e-10	1.417096e-01
7.639395245714288e-10	1.417102e-01
7.841526994285717e-10	1.417109e-01
8.043658742857147e-10	1.417116e-01
8.245790491428576e-10	1.417125e-01
8.447922240000005e-10	1.417136e-01
9.873985600000009e-10	1.417233e-01
1.152906386728154e-09	1.417428e-01
1.354873799921279e-09	1.417968e-01
1.561230058998726e-09	1.419378e-01
1.803238282084322e-09	1.422747e-01
2.091645214749915e-09	1.432824e-01
2.430458811961208e-09	1.557609e-01
2.585404018718566e-09	1.883198e-01
2.715452477788289e-09	2.561873e-01
2.851402526370350e-09	3.789997e-01
3.048031639866879e-09	6.584640e-01
3.354676024648145e-09	1.274514e+00
3.653329247912775e-09	2.000299e+00
3.805103230107429e-09	2.370748e+00
3.934269734932319e-09	2.628939e+00
4.107245239831537e-09	2.873289e+00
4.264705393489882e-09	3.016188e+00
4.385288163408816e-09	3.079098e+00
4.506415701309646e-09	3.112940e+00
4.646615339638093e-09	3.133023e+00
4.776473551296077e-09	3.141835e+00
4.932854092873262e-09	3.146538e+00
5.379868179758731e-09	3.151240e+00
5.755348275998826e-09	3.152959e+00
6.480470574305458e-09	3.154827e+00
7.306941298758415e-09	3.155814e+00
8.306941298758416e-09	3.156125e+00
9.306941298758417e-09	3.156148e+00
1.030694129875842e-08	3.156146e+00
1.130694129875842e-08	3.156147e+00
1.230694129875842e-08	3.156146e+00
1.330694129875842e-08	3.156146e+00
1.430694129875842e-08	3.156146e+00
1.530694129875842e-08	3.156146e+00
1.615281093824529e-08	3.156146e+00
1.682261241901063e-08	3.156146e+00
1.735710759370395e-08	3.156146e+00
1.793753339192281e-08	3.156146e+00
1.893753339192281e-08	3.156142e+00
1.993753339192281e-08	3.156113e+00
2.093753339192281e-08	3.155714e+00
2.193753339192281e-08	3.133663e+00
2.231713213401164e-08	3.047539e+00
2.250301130806061e-08	2.896822e+00
2.267636950486317e-08	2.658170e+00
2.282880251756285e-08	2.416919e+00
2.298922293224016e-08	2.154018e+00
2.323485813862267e-08	1.750439e+00
2.349649110111224e-08	1.335655e+00
2.380574794247794e-08	8.789734e-01
2.401992004783988e-08	6.002769e-01
2.431873382761102e-08	2.776629e-01
2.443601688319462e-08	1.926696e-01
2.454965194722837e-08	1.549250e-01
2.463290164927601e-08	1.455889e-01
2.471277603038690e-08	1.437460e-01
2.493593809578814e-08	1.429022e-01
2.520463987531173e-08	1.424552e-01
2.573315002022445e-08	1.419808e-01
2.657472586046806e-08	1.417486e-01
2.757472586046806e-08	1.417129e-01
2.857472586046806e-08	1.417074e-01
2.957472586046806e-08	1.417064e-01
3.057472586046806e-08	1.417063e-01
3.157472586046806e-08	1.417063e-01
3.257472586046806e-08	1.417063e-01
3.357472586046806e-08	1.417063e-01
3.457472586046807e-08	1.417063e-01
3.557472586046807e-08	1.417063e-01
3.657472586046807e-08	1.417063e-01
3.757472586046807e-08	1.417063e-01
3.857472586046808e-08	1.417063e-01
3.957472586046808e-08	1.417063e-01
4.057472586046808e-08	1.417063e-01
4.157472586046808e-08	1.417061e-01
4.257472586046808e-08	1.417060e-01
4.357472586046809e-08	1.417061e-01
4.457472586046809e-08	1.417061e-01
4.557472586046809e-08	1.417061e-01
4.657472586046809e-08	1.417062e-01
4.757472586046810e-08	1.417063e-01
4.857472586046810e-08	1.417065e-01
4.957472586046810e-08	1.417067e-01
5.057472586046810e-08	1.417072e-01
5.154561272059289e-08	1.417076e-01
5.254561272059289e-08	1.417082e-01
5.354561272059290e-08	1.417089e-01
5.454561272059290e-08	1.417099e-01
5.554561272059290e-08	1.417113e-01
5.654561272059290e-08	1.417132e-01
5.754561272059290e-08	1.417161e-01
5.854561272059291e-08	1.417212e-01
5.954561272059291e-08	1.417374e-01
6.054561272059291e-08	1.419575e-01
6.154561272059291e-08	1.445648e-01
6.192622600859055e-08	1.637034e-01
6.213216354231417e-08	2.143689e-01
6.231102136690696e-08	3.143896e-01
6.249459541663594e-08	4.824986e-01
6.276200724860692e-08	8.446053e-01
6.309029968704398e-08	1.457135e+00
6.343406075777492e-08	2.231566e+00
6.357779396229763e-08	2.556639e+00
6.369070764246519e-08	2.771793e+00
6.380051618537501e-08	2.923933e+00
6.391646241075172e-08	3.027641e+00
6.401628469153844e-08	3.080342e+00
6.412806368935978e-08	3.113239e+00
6.423772100149405e-08	3.130548e+00
6.436452479520497e-08	3.140398e+00
6.450160204199627e-08	3.145452e+00
6.467860785670104e-08	3.148500e+00
6.490463403246104e-08	3.150529e+00
6.524921891274484e-08	3.152353e+00
6.572191458858810e-08	3.153926e+00
6.640438775139473e-08	3.155203e+00
6.738930606212441e-08	3.155963e+00
6.838930606212440e-08	3.156135e+00
6.938930606212440e-08	3.156142e+00
7.038930606212439e-08	3.156141e+00
7.138930606212439e-08	3.156139e+00
7.238930606212439e-08	3.156139e+00
7.338930606212438e-08	3.156138e+00
7.438930606212438e-08	3.156137e+00
7.538930606212437e-08	3.156135e+00
7.638930606212437e-08	3.156134e+00
7.738930606212436e-08	3.156131e+00
7.838930606212436e-08	3.156128e+00
7.938930606212436e-08	3.156123e+00
8.038930606212435e-08	3.156116e+00
8.138930606212435e-08	3.156102e+00
8.238930606212434e-08	3.156027e+00
8.338930606212434e-08	3.152969e+00
8.438930606212433e-08	3.070705e+00
8.467156592885796e-08	2.909507e+00
8.493798458920227e-08	2.599481e+00
8.513817077470728e-08	2.321435e+00
8.535160168910256e-08	2.010983e+00
8.556956017771888e-08	1.691319e+00
8.578204590948582e-08	1.392538e+00
8.602721607656997e-08	1.075199e+00
8.619311420827092e-08	8.789517e-01
8.644036258506583e-08	6.071538e-01
8.667130680633923e-08	3.732221e-01
8.680263667984527e-08	2.628477e-01
8.691561630240416e-08	1.981289e-01
8.705346849372829e-08	1.566142e-01
8.717442778442842e-08	1.439531e-01
8.725509867221510e-08	1.427427e-01
8.736019820289981e-08	1.426757e-01
8.749181569575659e-08	1.424813e-01
8.775505068147016e-08	1.421494e-01
8.807935413005898e-08	1.419049e-01
8.954193595716484e-08	1.417196e-01
9.054193595716484e-08	1.417103e-01
9.154193595716484e-08	1.417089e-01
9.254193595716483e-08	1.417092e-01
9.354193595716483e-08	1.417093e-01
9.454193595716482e-08	1.417092e-01
9.554193595716482e-08	1.417093e-01
9.654193595716481e-08	1.417092e-01
9.754193595716481e-08	1.417092e-01
9.854193595716481e-08	1.417092e-01
9.954193595716480e-08	1.417092e-01
1.005419359571648e-07	1.417091e-01
1.015419359571648e-07	1.417092e-01
1.025419359571648e-07	1.417092e-01
1.035419359571648e-07	1.417092e-01
1.045419359571648e-07	1.417092e-01
1.055419359571648e-07	1.417092e-01
1.065419359571648e-07	1.417093e-01
1.075419359571648e-07	1.417093e-01
1.085419359571648e-07	1.417094e-01
1.095419359571648e-07	1.417094e-01
1.105419359571648e-07	1.417094e-01
1.115419359571647e-07	1.417095e-01
1.125419359571647e-07	1.417096e-01
1.135419359571647e-07	1.417096e-01
1.145419359571647e-07	1.417092e-01
1.155419359571647e-07	1.417082e-01
1.165419359571647e-07	1.417082e-01
1.175419359571647e-07	1.417093e-01
1.195419359571647e-07	1.417100e-01
1.225419359571647e-07	1.417101e-01
1.255419359571647e-07	1.417103e-01
1.265419359571647e-07	1.417103e-01
1.275419359571647e-07	1.417103e-01
1.285419359571647e-07	1.417103e-01
1.295419359571647e-07	1.417103e-01
1.305419359571647e-07	1.417104e-01
1.315419359571647e-07	1.417104e-01
1.325419359571647e-07	1.417104e-01
1.335419359571647e-07	1.417103e-01
1.345419359571647e-07	1.417103e-01
1.355419359571647e-07	1.417103e-01
1.365419359571647e-07	1.417103e-01
1.375419359571647e-07	1.417103e-01
1.385419359571646e-07	1.417103e-01
1.395419359571646e-07	1.417102e-01
1.405419359571646e-07	1.417102e-01
1.415419359571646e-07	1.417102e-01
1.425419359571646e-07	1.417101e-01
1.435419359571646e-07	1.417101e-01
1.445419359571646e-07	1.417101e-01
1.455419359571646e-07	1.417100e-01
1.465419359571646e-07	1.417096e-01
1.475419359571646e-07	1.417086e-01
1.485419359571646e-07	1.417085e-01
1.495419359571646e-07	1.417094e-01
1.505419359571646e-07	1.417099e-01
1.515419359571646e-07	1.417099e-01
1.525419359571646e-07	1.417098e-01
1.535419359571646e-07	1.417098e-01
1.555419359571646e-07	1.417098e-01
1.575419359571646e-07	1.417097e-01
1.585419359571646e-07	1.417097e-01
1.595419359571646e-07	1.417097e-01
1.605419359571646e-07	1.417097e-01
1.615419359571645e-07	1.417097e-01
1.625419359571645e-07	1.417097e-01
1.635419359571645e-07	1.417097e-01
1.645419359571645e-07	1.417097e-01
1.655419359571645e-07	1.417097e-01
1.665419359571645e-07	1.417097e-01
1.675419359571645e-07	1.417097e-01
1.685419359571645e-07	1.417097e-01
1.695419359571645e-07	1.417097e-01
1.705419359571645e-07	1.417096e-01
1.715419359571645e-07	1.417096e-01
1.725419359571645e-07	1.417096e-01
1.735419359571645e-07	1.417096e-01
1.745419359571645e-07	1.417097e-01
1.755419359571645e-07	1.417097e-01
1.765419359571645e-07	1.417097e-01
1.775419359571645e-07	1.417097e-01
1.785419359571645e-07	1.417097e-01
1.795419359571645e-07	1.417097e-01
1.805419359571645e-07	1.417097e-01
1.815419359571645e-07	1.417097e-01
1.835419359571645e-07	1.417093e-01
1.855419359571644e-07	1.417080e-01
1.885419359571644e-07	1.417097e-01
1.893990788143073e-07	1.417097e-01
1.902562216714502e-07	1.417097e-01
1.911133645285930e-07	1.417097e-01
1.919705073857358e-07	1.417097e-01
1.928276502428787e-07	1.417097e-01
1.936847931000216e-07	1.417097e-01
1.945419359571644e-07	1.417097e-01
1.955419359571644e-07	1.417097e-01
1.965419359571644e-07	1.417097e-01
1.975419359571644e-07	1.417097e-01
1.985419359571644e-07	1.417096e-01
1.995419359571644e-07	1.417096e-01
2.005419359571644e-07	1.417096e-01
2.015419359571644e-07	1.417096e-01
2.025419359571644e-07	1.417096e-01
2.035419359571644e-07	1.417096e-01
2.045419359571644e-07	1.417093e-01
2.055419359571644e-07	1.417085e-01
2.065419359571644e-07	1.417084e-01
2.075419359571644e-07	1.417092e-01
2.085419359571643e-07	1.417096e-01
2.095419359571643e-07	1.417096e-01
2.105419359571643e-07	1.417096e-01
2.125419359571643e-07	1.417096e-01
2.145419359571643e-07	1.417096e-01
2.165419359571643e-07	1.417095e-01
2.195419359571643e-07	1.417095e-01
2.206847931000214e-07	1.417095e-01
2.218276502428786e-07	1.417095e-01
2.229705073857357e-07	1.417095e-01
2.241133645285929e-07	1.417095e-01
2.252562216714500e-07	1.417095e-01
2.263990788143071e-07	1.417095e-01
2.275419359571643e-07	1.417095e-01
2.295419359571643e-07	1.417095e-01
2.315419359571642e-07	1.417095e-01
2.335419359571642e-07	1.417094e-01
2.355419359571642e-07	1.417094e-01
2.375419359571642e-07	1.417094e-01
2.395419359571642e-07	1.417094e-01
2.415419359571643e-07	1.417094e-01
2.445419359571644e-07	1.417094e-01
2.475419359571644e-07	1.417094e-01
2.491133645285930e-07	1.417094e-01
2.506847931000216e-07	1.417094e-01
2.522562216714502e-07	1.417094e-01
2.538276502428789e-07	1.417094e-01
2.553990788143075e-07	1.417094e-01
2.569705073857360e-07	1.417094e-01
2.585419359571647e-07	1.417094e-01
2.618276502428790e-07	1.417094e-01
2.651133645285934e-07	1.417093e-01
2.683990788143078e-07	1.417093e-01
2.716847931000221e-07	1.417093e-01
2.749705073857364e-07	1.417093e-01
2.782562216714508e-07	1.417093e-01
2.815419359571652e-07	1.417093e-01
2.841133645285938e-07	1.417093e-01
2.866847931000224e-07	1.417093e-01
2.892562216714511e-07	1.417093e-01
2.918276502428797e-07	1.417093e-01
2.943990788143083e-07	1.417093e-01
2.969705073857369e-07	1.417092e-01
2.995419359571656e-07	1.417092e-01
3.031133645285942e-07	1.417092e-01
3.066847931000229e-07	1.417092e-01
3.102562216714515e-07	1.417092e-01
3.138276502428802e-07	1.417092e-01
3.173990788143088e-07	1.417092e-01
3.209705073857375e-07	1.417092e-01
3.245419359571661e-07	1.417092e-01
3.303990788143091e-07	1.417092e-01
3.362562216714521e-07	1.417091e-01
3.421133645285951e-07	1.417091e-01
3.479705073857381e-07	1.417091e-01
3.538276502428811e-07	1.417091e-01
3.596847931000241e-07	1.417091e-01
3.655419359571670e-07	1.417091e-01
4.386847931000228e-07	1.417089e-01
5.118276502428786e-07	1.417088e-01
5.849705073857343e-07	1.417087e-01
6.581133645285902e-07	1.417086e-01
7.312562216714459e-07	1.417086e-01
8.043990788143016e-07	1.417085e-01
8.775419359571572e-07	1.417085e-01
8.785419359571572e-07	1.417085e-01
1.000510100000000e-06	1.417078e-01
1.000512100000000e-06	1.417082e-01
1.000516100000000e-06	1.417085e-01
1.000518914591098e-06	1.417085e-01
1.000521666900928e-06	1.417085e-01
1.000527171520589e-06	1.417085e-01
1.000530100000000e-06	1.417085e-01
1.000531690000000e-06	1.417085e-01
1.000533810000000e-06	1.417085e-01
1.000535400000000e-06	1.417085e-01
1.000536672000000e-06	1.417085e-01
1.000538368000000e-06	1.417084e-01
1.000541760000000e-06	1.417084e-01
1.000548544000000e-06	1.417084e-01
1.000551900000000e-06	1.417084e-01
1.000552800000000e-06	1.417084e-01
1.000554623542857e-06	1.417085e-01
1.000556447085714e-06	1.417085e-01
1.000558270628572e-06	1.417084e-01
1.000560094171429e-06	1.417084e-01
1.000561917714286e-06	1.417084e-01
1.000563741257143e-06	1.417084e-01
1.000565564800000e-06	1.417084e-01
1.000569251200001e-06	1.417084e-01
1.000576624000001e-06	1.417084e-01
1.000582700000000e-06	1.417084e-01
1.000587123680000e-06	1.417084e-01
1.000593021920001e-06	1.417084e-01
1.000604818400002e-06	1.417084e-01
1.000606600000000e-06	1.417085e-01
1.000607230000000e-06	1.417085e-01
1.000607500000000e-06	1.417085e-01
1.000610122857143e-06	1.417085e-01
1.000612745714286e-06	1.417085e-01
1.000615368571429e-06	1.417085e-01
1.000617991428573e-06	1.417085e-01
1.000620614285716e-06	1.417085e-01
1.000623237142859e-06	1.417085e-01
1.000625860000002e-06	1.417085e-01
1.000639600000000e-06	1.417086e-01
1.000641443200000e-06	1.417086e-01
1.000645129600001e-06	1.417086e-01
1.000652502400001e-06	1.417087e-01
1.000659600000000e-06	1.417088e-01
1.000669147402812e-06	1.417089e-01
1.000680058720311e-06	1.417091e-01
1.000701881355310e-06	1.417095e-01
1.000745526625307e-06	1.417108e-01
1.000832817165301e-06	1.417150e-01
1.001006178588079e-06	1.417286e-01
1.001168073658745e-06	1.417525e-01
1.001390185419496e-06	1.418339e-01
1.001605460857804e-06	1.420334e-01
1.001902301260724e-06	1.425642e-01
1.002217757470230e-06	1.434433e-01
1.002372811274732e-06	1.469931e-01
1.002476067741762e-06	1.596867e-01
1.002572543335439e-06	1.906968e-01
1.002680002739599e-06	2.541971e-01
1.002838306290064e-06	4.065155e-01
1.003063282308208e-06	7.475893e-01
1.003386229627791e-06	1.430037e+00
1.003705470900804e-06	2.206229e+00
1.003862439621930e-06	2.556594e+00
1.004002080129951e-06	2.787429e+00
1.004164696302536e-06	2.962876e+00
1.004319814544294e-06	3.062732e+00
1.004453223219585e-06	3.108512e+00
1.004578221450043e-06	3.129572e+00
1.004711830530296e-06	3.140237e+00
1.004855353065257e-06	3.145543e+00
1.005034650192847e-06	3.148640e+00
1.005268457807174e-06	3.150746e+00
1.005618128105808e-06	3.152563e+00
1.006201014109916e-06	3.154289e+00
1.007201014109916e-06	3.155690e+00
1.008201014109916e-06	3.156117e+00
1.009201014109916e-06	3.156147e+00
1.010201014109916e-06	3.156146e+00
1.011201014109916e-06	3.156146e+00
1.012201014109916e-06	3.156146e+00
1.013201014109916e-06	3.156146e+00
1.014201014109916e-06	3.156146e+00
1.015201014109916e-06	3.156146e+00
1.016201014109916e-06	3.156146e+00
1.016860415352723e-06	3.156146e+00
1.017570579805819e-06	3.156145e+00
1.018260726877082e-06	3.156144e+00
1.019260726877082e-06	3.156140e+00
1.020260726877082e-06	3.156105e+00
1.021260726877082e-06	3.155684e+00
1.022260726877082e-06	3.137463e+00
1.022573466669555e-06	3.072600e+00
1.022732436324317e-06	2.953131e+00
1.022895028789337e-06	2.742699e+00
1.023040817179244e-06	2.520607e+00
1.023191206991094e-06	2.279250e+00
1.023480958039484e-06	1.809603e+00
1.023757068712749e-06	1.375049e+00
1.024041140222541e-06	9.566758e-01
1.024244431375774e-06	6.876163e-01
1.024546304208294e-06	3.396033e-01
1.024672960701774e-06	2.288095e-01
1.024779526910042e-06	1.737913e-01
1.024877279714039e-06	1.509376e-01
1.024981413737855e-06	1.441122e-01
1.025152883023563e-06	1.430244e-01
1.025330846230307e-06	1.426634e-01
1.025570931163228e-06	1.422993e-01
1.025959100247191e-06	1.419587e-01
1.026586393056147e-06	1.417654e-01
1.027531495863317e-06	1.417179e-01
1.028531495863317e-06	1.417089e-01
1.029531495863317e-06	1.417068e-01
1.030531495863317e-06	1.417066e-01
1.031531495863317e-06	1.417063e-01
1.032531495863317e-06	1.417065e-01
1.033531495863318e-06	1.417064e-01
1.034531495863318e-06	1.417065e-01
1.035531495863318e-06	1.417064e-01
1.036531495863318e-06	1.417065e-01
1.037531495863318e-06	1.417064e-01
1.038531495863318e-06	1.417064e-01
1.039531495863318e-06	1.417064e-01
1.040531495863318e-06	1.417064e-01
1.041531495863318e-06	1.417064e-01
1.042531495863318e-06	1.417065e-01
1.043531495863318e-06	1.417065e-01
1.044531495863318e-06	1.417065e-01
1.045531495863318e-06	1.417066e-01
1.046531495863318e-06	1.417066e-01
1.047531495863319e-06	1.417067e-01
1.048531495863319e-06	1.417068e-01
1.049531495863319e-06	1.417069e-01
1.050531495863319e-06	1.417072e-01
1.051531495863319e-06	1.417076e-01
1.052531495863319e-06	1.417080e-01
1.053531495863319e-06	1.417085e-01
1.054531495863319e-06	1.417091e-01
1.055531495863319e-06	1.417100e-01
1.056531495863319e-06	1.417110e-01
1.057531495863319e-06	1.417122e-01
1.058531495863319e-06	1.417137e-01
1.059531495863319e-06	1.417156e-01
1.060531495863320e-06	1.417180e-01
1.061531495863320e-06	1.417212e-01
1.062531495863320e-06	1.417259e-01
1.063531495863320e-06	1.417355e-01
1.064531495863320e-06	1.417963e-01
1.065531495863320e-06	1.421593e-01
1.066194428190091e-06	1.504097e-01
1.066521350685292e-06	1.801100e-01
1.066693325309269e-06	2.352368e-01
1.066897006749303e-06	3.641294e-01
1.067119104276715e-06	5.799972e-01
1.067408768654561e-06	9.837526e-01
1.067721725422715e-06	1.567689e+00
1.068034643058428e-06	2.256090e+00
1.068179138030860e-06	2.571425e+00
1.068297750443550e-06	2.791065e+00
1.068405743752765e-06	2.937300e+00
1.068525171919767e-06	3.040714e+00
1.068615091565438e-06	3.086279e+00
1.068713676851506e-06	3.113940e+00
1.068820071805008e-06	3.130406e+00
1.068944426163538e-06	3.140162e+00
1.069081726524135e-06	3.145287e+00
1.069479220431160e-06	3.150329e+00
1.069819455378291e-06	3.152127e+00
1.070341119431074e-06	3.153836e+00
1.071086620995270e-06	3.155204e+00
1.072086620995270e-06	3.155959e+00
1.073086620995270e-06	3.156129e+00
1.074086620995270e-06	3.156135e+00
1.075086620995271e-06	3.156133e+00
1.076086620995271e-06	3.156131e+00
1.077086620995271e-06	3.156128e+00
1.078086620995271e-06	3.156125e+00
1.079086620995271e-06	3.156120e+00
1.080086620995271e-06	3.156112e+00
1.081086620995271e-06	3.156094e+00
1.082086620995271e-06	3.155981e+00
1.083086620995271e-06	3.155575e+00
1.083494273639737e-06	3.155125e+00
1.083750006759947e-06	3.154550e+00
1.083897406140928e-06	3.148805e+00
1.083983712600808e-06	3.129378e+00
1.084064087036175e-06	3.085619e+00
1.084147442538564e-06	3.014851e+00
1.084270346025912e-06	2.882560e+00
1.084398389800017e-06	2.720829e+00
1.084634176004757e-06	2.390663e+00
1.084888786901838e-06	2.018635e+00
1.085150990815667e-06	1.633504e+00
1.085382116018705e-06	1.308927e+00
1.085642040523409e-06	9.718390e-01
1.085815170219302e-06	7.655948e-01
1.086073641601324e-06	4.844107e-01
1.086281088365550e-06	2.884095e-01
1.086392643851756e-06	2.117934e-01
1.086516586398952e-06	1.634458e-01
1.086622815412731e-06	1.462694e-01
1.086720062071362e-06	1.430840e-01
1.086813032284011e-06	1.429050e-01
1.087127130642448e-06	1.424718e-01
1.087441229000886e-06	1.421268e-01
1.087755327359324e-06	1.418700e-01
1.088069425717761e-06	1.417013e-01
1.088383524076199e-06	1.416209e-01
1.088697622434637e-06	1.416287e-01
1.089011720793075e-06	1.417246e-01
1.090011720793075e-06	1.417105e-01
1.091011720793075e-06	1.417076e-01
1.092011720793075e-06	1.417073e-01
1.093011720793075e-06	1.417075e-01
1.094011720793075e-06	1.417077e-01
1.095011720793075e-06	1.417077e-01
1.096011720793075e-06	1.417077e-01
1.097011720793075e-06	1.417076e-01
1.098011720793076e-06	1.417076e-01
1.099011720793076e-06	1.417076e-01
1.100011720793076e-06	1.417076e-01
1.101011720793076e-06	1.417076e-01
1.102011720793076e-06	1.417076e-01
1.103011720793076e-06	1.417076e-01
1.104011720793076e-06	1.417077e-01
1.105011720793076e-06	1.417077e-01
1.106011720793076e-06	1.417077e-01
1.107011720793076e-06	1.417078e-01
1.108011720793076e-06	1.417078e-01
1.109011720793076e-06	1.417079e-01
1.110011720793076e-06	1.417079e-01
1.111011720793077e-06	1.417079e-01
1.112011720793077e-06	1.417080e-01
1.113011720793077e-06	1.417080e-01
1.114011720793077e-06	1.417081e-01
1.115011720793077e-06	1.417081e-01
1.116011720793077e-06	1.417082e-01
1.117011720793077e-06	1.417082e-01
1.118011720793077e-06	1.417083e-01
1.120011720793077e-06	1.417084e-01
1.123011720793077e-06	1.417086e-01
1.126011720793078e-06	1.417087e-01
1.127011720793078e-06	1.417087e-01
1.128011720793078e-06	1.417087e-01
1.129011720793078e-06	1.417087e-01
1.130011720793078e-06	1.417088e-01
1.131011720793078e-06	1.417088e-01
1.132011720793078e-06	1.417088e-01
1.133011720793078e-06	1.417088e-01
1.134011720793078e-06	1.417088e-01
1.135011720793078e-06	1.417088e-01
1.136011720793078e-06	1.417088e-01
1.137011720793078e-06	1.417087e-01
1.138011720793079e-06	1.417087e-01
1.139011720793079e-06	1.417087e-01
1.140011720793079e-06	1.417087e-01
1.141011720793079e-06	1.417087e-01
1.142011720793079e-06	1.417087e-01
1.143011720793079e-06	1.417086e-01
1.144011720793079e-06	1.417086e-01
1.145011720793079e-06	1.417086e-01
1.146011720793079e-06	1.417086e-01
1.147011720793079e-06	1.417086e-01
1.148011720793079e-06	1.417085e-01
1.149011720793079e-06	1.417085e-01
1.150011720793079e-06	1.417085e-01
1.151011720793080e-06	1.417085e-01
1.152011720793080e-06	1.417085e-01
1.153011720793080e-06	1.417085e-01
1.154011720793080e-06	1.417084e-01
1.155011720793080e-06	1.417084e-01
1.157011720793080e-06	1.417084e-01
1.159011720793080e-06	1.417084e-01
1.160011720793080e-06	1.417084e-01
1.161011720793080e-06	1.417084e-01
1.162011720793080e-06	1.417084e-01
1.163011720793080e-06	1.417084e-01
1.164011720793080e-06	1.417084e-01
1.165011720793081e-06	1.417084e-01
1.166011720793081e-06	1.417084e-01
1.167011720793081e-06	1.417084e-01
1.168011720793081e-06	1.417084e-01
1.169011720793081e-06	1.417084e-01
1.170011720793081e-06	1.417084e-01
1.171011720793081e-06	1.417084e-01
1.172011720793081e-06	1.417084e-01
1.173011720793081e-06	1.417084e-01
1.174011720793081e-06	1.417084e-01
1.175011720793081e-06	1.417084e-01
1.176011720793081e-06	1.417084e-01
1.177011720793081e-06	1.417084e-01
1.178011720793082e-06	1.417084e-01
1.179011720793082e-06	1.417084e-01
1.180011720793082e-06	1.417084e-01
1.181011720793082e-06	1.417084e-01
1.182011720793082e-06	1.417084e-01
1.184011720793082e-06	1.417084e-01
1.186011720793082e-06	1.417084e-01
1.189011720793082e-06	1.417084e-01
1.190011720793082e-06	1.417085e-01
1.191011720793083e-06	1.417085e-01
1.192011720793083e-06	1.417085e-01
1.193011720793083e-06	1.417085e-01
1.194011720793083e-06	1.417085e-01
1.195011720793083e-06	1.417085e-01
1.196011720793083e-06	1.417085e-01
1.197011720793083e-06	1.417085e-01
1.198011720793083e-06	1.417085e-01
1.199011720793083e-06	1.417084e-01
1.200011720793083e-06	1.417085e-01
1.201011720793083e-06	1.417085e-01
1.202011720793083e-06	1.417085e-01
1.203011720793083e-06	1.417085e-01
1.204011720793083e-06	1.417085e-01
1.205011720793084e-06	1.417085e-01
1.206011720793084e-06	1.417085e-01
1.207011720793084e-06	1.417085e-01
1.208011720793084e-06	1.417085e-01
1.209011720793084e-06	1.417085e-01
1.211011720793084e-06	1.417085e-01
1.213011720793084e-06	1.417084e-01
1.215011720793084e-06	1.417084e-01
1.217011720793084e-06	1.417084e-01
1.220011720793085e-06	1.417084e-01
1.221297435078799e-06	1.417084e-01
1.222583149364514e-06	1.417084e-01
1.223868863650228e-06	1.417084e-01
1.225154577935942e-06	1.417084e-01
1.226440292221657e-06	1.417084e-01
1.227726006507371e-06	1.417084e-01
1.229011720793085e-06	1.417084e-01
1.231011720793086e-06	1.417084e-01
1.233011720793086e-06	1.417084e-01
1.235011720793086e-06	1.417084e-01
1.237011720793086e-06	1.417084e-01
1.239011720793086e-06	1.417084e-01
1.242011720793086e-06	1.417084e-01
1.245011720793087e-06	1.417084e-01
1.248011720793087e-06	1.417084e-01
1.249726006507373e-06	1.417084e-01
1.251440292221658e-06	1.417084e-01
1.253154577935944e-06	1.417084e-01
1.254868863650230e-06	1.417084e-01
1.256583149364516e-06	1.417084e-01
1.258297435078802e-06	1.417084e-01
1.260011720793088e-06	1.417084e-01
1.263297435078802e-06	1.417084e-01
1.266583149364517e-06	1.417084e-01
1.269868863650231e-06	1.417084e-01
1.273154577935946e-06	1.417084e-01
1.276440292221660e-06	1.417084e-01
1.279726006507375e-06	1.417084e-01
1.283011720793089e-06	1.417084e-01
1.286011720793090e-06	1.417084e-01
1.289011720793090e-06	1.417084e-01
1.292011720793090e-06	1.417084e-01
1.295011720793090e-06	1.417084e-01
1.298011720793091e-06	1.417084e-01
1.301011720793091e-06	1.417084e-01
1.304011720793091e-06	1.417084e-01
1.307868863650234e-06	1.417084e-01
1.311726006507377e-06	1.417084e-01
1.315583149364521e-06	1.417084e-01
1.319440292221664e-06	1.417084e-01
1.323297435078807e-06	1.417084e-01
1.327154577935950e-06	1.417084e-01
1.331011720793093e-06	1.417084e-01
1.337297435078808e-06	1.417084e-01
1.343583149364523e-06	1.417084e-01
1.349868863650237e-06	1.417084e-01
1.356154577935952e-06	1.417084e-01
1.362440292221667e-06	1.417084e-01
1.368726006507382e-06	1.417084e-01
1.375011720793096e-06	1.417084e-01
1.430868863650243e-06	1.417084e-01
1.486726006507391e-06	1.417084e-01
1.542583149364538e-06	1.417084e-01
1.598440292221685e-06	1.417084e-01
1.654297435078832e-06	1.417084e-01
1.710154577935979e-06	1.417084e-01
1.766011720793126e-06	1.417084e-01
1.767011720793126e-06	1.417084e-01
2.000525000000000e-06	1.417085e-01
2.000526717400683e-06	1.417085e-01
2.000530152202047e-06	1.417084e-01
2.000532518070843e-06	1.417084e-01
2.000534816204807e-06	1.417084e-01
2.000539412472734e-06	1.417084e-01
2.000545000000000e-06	1.417084e-01
2.000547757760756e-06	1.417084e-01
2.000551434775098e-06	1.417084e-01
2.000558788803781e-06	1.417084e-01
2.000564600000000e-06	1.417084e-01
2.000566280000000e-06	1.417084e-01
2.000568520000000e-06	1.417084e-01
2.000570200000000e-06	1.417084e-01
2.000571544000000e-06	1.417084e-01
2.000573336000000e-06	1.417084e-01
2.000576920000000e-06	1.417084e-01
2.000584088000000e-06	1.417084e-01
2.000590800000000e-06	1.417084e-01
2.000590900000000e-06	1.417084e-01
2.000592069142857e-06	1.417084e-01
2.000593238285713e-06	1.417084e-01
2.000594407428570e-06	1.417084e-01
2.000595576571426e-06	1.417084e-01
2.000596745714282e-06	1.417084e-01
2.000597914857139e-06	1.417084e-01
2.000599083999995e-06	1.417084e-01
2.000606000000000e-06	1.417084e-01
2.000606230000000e-06	1.417084e-01
2.000606690000000e-06	1.417084e-01
2.000607610000000e-06	1.417084e-01
2.000608300000000e-06	1.417084e-01
2.000608484000000e-06	1.417084e-01
2.000608852000000e-06	1.417084e-01
2.000609588000000e-06	1.417084e-01
2.000611060000000e-06	1.417084e-01
2.000612900000000e-06	1.417084e-01
2.000613194400000e-06	1.417084e-01
2.000613783200000e-06	1.417084e-01
2.000614960800000e-06	1.417084e-01
2.000616200000000e-06	1.417084e-01
2.000616890000000e-06	1.417084e-01
2.000617810000000e-06	1.417084e-01
2.000618500000000e-06	1.417084e-01
2.000621838285715e-06	1.417085e-01
2.000625176571429e-06	1.417085e-01
2.000628514857144e-06	1.417085e-01
2.000631853142859e-06	1.417085e-01
2.000635191428574e-06	1.417085e-01
2.000638529714288e-06	1.417085e-01
2.000641868000003e-06	1.417086e-01
2.000666700000000e-06	1.417088e-01
2.000668700000000e-06	1.417088e-01
2.000672700000000e-06	1.417089e-01
2.000680700000000e-06	1.417090e-01
2.000686700000000e-06	1.417091e-01
2.000701100000000e-06	1.417093e-01
2.000715500000000e-06	1.417097e-01
2.000729900000001e-06	1.417101e-01
2.000744300000000e-06	1.417105e-01
2.000758700000001e-06	1.417110e-01
2.000773100000001e-06	1.417116e-01
2.000787500000001e-06	1.417122e-01
2.000889900000001e-06	1.417182e-01
2.001066790378838e-06	1.417347e-01
2.001241803553656e-06	1.417676e-01
2.001466621569613e-06	1.418732e-01
2.001675474161508e-06	1.421003e-01
2.001960506189024e-06	1.426772e-01
2.002307981966259e-06	1.458223e-01
2.002455239075005e-06	1.559808e-01
2.002558937484548e-06	1.829631e-01
2.002693874103404e-06	2.557669e-01
2.002826473348007e-06	3.741497e-01
2.003019786258216e-06	6.455657e-01
2.003319141767079e-06	1.241552e+00
2.003625183506500e-06	1.983227e+00
2.003778006884323e-06	2.357618e+00
2.003906589866586e-06	2.617264e+00
2.004080735860028e-06	2.865799e+00
2.004246729465384e-06	3.016970e+00
2.004372518878053e-06	3.081880e+00
2.004494339108434e-06	3.114789e+00
2.004633379597875e-06	3.133775e+00
2.004763816998794e-06	3.142193e+00
2.004921698015965e-06	3.146729e+00
2.005105049363551e-06	3.149296e+00
2.005377474539967e-06	3.151347e+00
2.005766190290121e-06	3.153071e+00
2.006505450132533e-06	3.154854e+00
2.007505450132533e-06	3.155886e+00
2.008505450132534e-06	3.156135e+00
2.009505450132534e-06	3.156147e+00
2.010505450132534e-06	3.156146e+00
2.011505450132534e-06	3.156146e+00
2.012505450132534e-06	3.156146e+00
2.013505450132534e-06	3.156146e+00
2.014505450132534e-06	3.156146e+00
2.015505450132534e-06	3.156146e+00
2.016217828261651e-06	3.156146e+00
2.017107140150147e-06	3.156146e+00
2.017667905779263e-06	3.156146e+00
2.018350779365058e-06	3.156145e+00
2.019350779365058e-06	3.156137e+00
2.020350779365059e-06	3.156047e+00
2.021350779365059e-06	3.155555e+00
2.021959925145601e-06	3.154605e+00
2.022277603650987e-06	3.137657e+00
2.022410385715807e-06	3.091023e+00
2.022513224735315e-06	3.004011e+00
2.022617860522701e-06	2.874721e+00
2.022758716405820e-06	2.669210e+00
2.022910078758862e-06	2.428165e+00
2.023211136325132e-06	1.931997e+00
2.023489895095404e-06	1.479941e+00
2.023788194606097e-06	1.024006e+00
2.024050655810179e-06	6.667948e-01
2.024365281610757e-06	3.052153e-01
2.024487908110833e-06	2.061615e-01
2.024595848327658e-06	1.619703e-01
2.024694380546029e-06	1.466374e-01
2.024776357484667e-06	1.437032e-01
2.024874228451253e-06	1.432684e-01
2.025155257582234e-06	1.426496e-01
2.025466858415352e-06	1.422180e-01
2.025928200781595e-06	1.418965e-01
2.026790347764986e-06	1.417375e-01
2.027790347764986e-06	1.417117e-01
2.028790347764986e-06	1.417070e-01
2.029790347764986e-06	1.417062e-01
2.030790347764986e-06	1.417062e-01
2.031790347764986e-06	1.417063e-01
2.032790347764986e-06	1.417063e-01
2.033790347764986e-06	1.417063e-01
2.034790347764986e-06	1.417063e-01
2.035790347764986e-06	1.417063e-01
2.036790347764986e-06	1.417063e-01
2.037790347764986e-06	1.417063e-01
2.038790347764986e-06	1.417063e-01
2.039790347764987e-06	1.417063e-01
2.040790347764987e-06	1.417062e-01
2.041790347764987e-06	1.417061e-01
2.042790347764987e-06	1.417061e-01
2.043790347764987e-06	1.417061e-01
2.044790347764987e-06	1.417061e-01
2.045790347764987e-06	1.417062e-01
2.046790347764987e-06	1.417062e-01
2.047790347764987e-06	1.417063e-01
2.048790347764987e-06	1.417065e-01
2.049790347764987e-06	1.417068e-01
2.050790347764987e-06	1.417072e-01
2.051790347764987e-06	1.417077e-01
2.052790347764988e-06	1.417083e-01
2.053790347764988e-06	1.417091e-01
2.054790347764988e-06	1.417102e-01
2.055790347764988e-06	1.417117e-01
2.056790347764988e-06	1.417139e-01
2.057790347764988e-06	1.417172e-01
2.058790347764988e-06	1.417241e-01
2.059790347764988e-06	1.417563e-01
2.060790347764988e-06	1.421939e-01
2.061790347764988e-06	1.711958e-01
2.062088092132682e-06	2.407807e-01
2.062300328645873e-06	3.718534e-01
2.062525025843152e-06	6.050200e-01
2.062819135557000e-06	1.046386e+00
2.063128743113890e-06	1.660160e+00
2.063377001348171e-06	2.231217e+00
2.063513128988467e-06	2.539569e+00
2.063635435517662e-06	2.775877e+00
2.063739710570915e-06	2.925030e+00
2.063854964005352e-06	3.031135e+00
2.063948456390224e-06	3.082028e+00
2.064047774052689e-06	3.112157e+00
2.064153289504607e-06	3.129677e+00
2.064273874952465e-06	3.139819e+00
2.064408197143891e-06	3.145200e+00
2.064575471216133e-06	3.148318e+00
2.064792444167331e-06	3.150381e+00
2.065112737613870e-06	3.152140e+00
2.065641051270774e-06	3.153861e+00
2.066604078059697e-06	3.155482e+00
2.067604078059697e-06	3.156071e+00
2.068604078059697e-06	3.156141e+00
2.069604078059697e-06	3.156140e+00
2.070604078059697e-06	3.156140e+00
2.071604078059697e-06	3.156139e+00
2.072604078059697e-06	3.156139e+00
2.073604078059697e-06	3.156137e+00
2.074604078059697e-06	3.156137e+00
2.075604078059697e-06	3.156135e+00
2.076604078059698e-06	3.156133e+00
2.077604078059698e-06	3.156130e+00
2.078604078059698e-06	3.156127e+00
2.079604078059698e-06	3.156122e+00
2.080604078059698e-06	3.156114e+00
2.081604078059698e-06	3.156094e+00
2.082604078059698e-06	3.155946e+00
2.083604078059698e-06	3.155430e+00
2.083984382180703e-06	3.154926e+00
2.084226710488747e-06	3.149966e+00
2.084365995259596e-06	3.130785e+00
2.084451337837941e-06	3.092326e+00
2.084551361112577e-06	3.010652e+00
2.084660803173644e-06	2.893667e+00
2.084776342176963e-06	2.747671e+00
2.085000930339164e-06	2.432423e+00
2.085263093560818e-06	2.047173e+00
2.085545972292480e-06	1.628865e+00
2.085786519857440e-06	1.288835e+00
2.086052091872783e-06	9.425016e-01
2.086228040733096e-06	7.320617e-01
2.086489026050379e-06	4.469568e-01
2.086660106278937e-06	2.863894e-01
2.086770572988798e-06	2.127559e-01
2.086909605740943e-06	1.622328e-01
2.087036905192600e-06	1.446636e-01
2.087126088246477e-06	1.426972e-01
2.087542444134389e-06	1.423446e-01
2.089138754767256e-06	1.417305e-01
2.090138754767256e-06	1.417129e-01
2.091138754767256e-06	1.417086e-01
2.092138754767256e-06	1.417076e-01
2.093138754767256e-06	1.417074e-01
2.094138754767256e-06	1.417076e-01
2.095138754767256e-06	1.417076e-01
2.096138754767256e-06	1.417076e-01
2.097138754767256e-06	1.417075e-01
2.098138754767256e-06	1.417076e-01
2.099138754767257e-06	1.417075e-01
2.100138754767257e-06	1.417076e-01
2.101138754767257e-06	1.417075e-01
2.102138754767257e-06	1.417076e-01
2.103138754767257e-06	1.417076e-01
2.104138754767257e-06	1.417076e-01
2.105138754767257e-06	1.417076e-01
2.106138754767257e-06	1.417077e-01
2.107138754767257e-06	1.417077e-01
2.108138754767257e-06	1.417078e-01
2.109138754767257e-06	1.417078e-01
2.110138754767257e-06	1.417079e-01
2.111138754767257e-06	1.417079e-01
2.112138754767258e-06	1.417080e-01
2.113138754767258e-06	1.417081e-01
2.114138754767258e-06	1.417081e-01
2.115138754767258e-06	1.417082e-01
2.116138754767258e-06	1.417082e-01
2.117138754767258e-06	1.417083e-01
2.119138754767258e-06	1.417085e-01
2.121138754767258e-06	1.417086e-01
2.124138754767258e-06	1.417087e-01
2.126138754767259e-06	1.417088e-01
2.127138754767259e-06	1.417089e-01
2.128138754767259e-06	1.417089e-01
2.129138754767259e-06	1.417089e-01
2.130138754767259e-06	1.417089e-01
2.131138754767259e-06	1.417089e-01
2.132138754767259e-06	1.417089e-01
2.133138754767259e-06	1.417089e-01
2.134138754767259e-06	1.417089e-01
2.135138754767259e-06	1.417089e-01
2.136138754767259e-06	1.417089e-01
2.137138754767259e-06	1.417089e-01
2.138138754767259e-06	1.417089e-01
2.139138754767260e-06	1.417088e-01
2.140138754767260e-06	1.417088e-01
2.141138754767260e-06	1.417088e-01
2.142138754767260e-06	1.417088e-01
2.143138754767260e-06	1.417087e-01
2.144138754767260e-06	1.417087e-01
2.145138754767260e-06	1.417086e-01
2.146138754767260e-06	1.417086e-01
2.147138754767260e-06	1.417085e-01
2.148138754767260e-06	1.417086e-01
2.149138754767260e-06	1.417086e-01
2.150138754767260e-06	1.417086e-01
2.151138754767260e-06	1.417085e-01
2.152138754767261e-06	1.417085e-01
2.153138754767261e-06	1.417085e-01
2.154138754767261e-06	1.417085e-01
2.158138754767261e-06	1.417084e-01
2.159138754767261e-06	1.417084e-01
2.160138754767261e-06	1.417084e-01
2.161138754767261e-06	1.417084e-01
2.162138754767261e-06	1.417084e-01
2.163138754767261e-06	1.417084e-01
2.164138754767261e-06	1.417084e-01
2.165138754767262e-06	1.417084e-01
2.166138754767262e-06	1.417084e-01
2.167138754767262e-06	1.417084e-01
2.168138754767262e-06	1.417084e-01
2.169138754767262e-06	1.417084e-01
2.170138754767262e-06	1.417084e-01
2.171138754767262e-06	1.417084e-01
2.172138754767262e-06	1.417084e-01
2.173138754767262e-06	1.417084e-01
2.174138754767262e-06	1.417084e-01
2.175138754767262e-06	1.417084e-01
2.176138754767262e-06	1.417084e-01
2.177138754767262e-06	1.417084e-01
2.178138754767262e-06	1.417084e-01
2.179138754767263e-06	1.417084e-01
2.180138754767263e-06	1.417084e-01
2.181138754767263e-06	1.417085e-01
2.182138754767263e-06	1.417085e-01
2.184138754767263e-06	1.417085e-01
2.186138754767263e-06	1.417085e-01
2.192138754767264e-06	1.417084e-01
2.194138754767264e-06	1.417085e-01
2.195138754767264e-06	1.417085e-01
2.196138754767264e-06	1.417084e-01
2.197138754767264e-06	1.417085e-01
2.198138754767264e-06	1.417085e-01
2.199138754767264e-06	1.417085e-01
2.200138754767264e-06	1.417085e-01
2.201138754767264e-06	1.417085e-01
2.202138754767264e-06	1.417085e-01
2.203138754767264e-06	1.417085e-01
2.204138754767264e-06	1.417085e-01
2.205138754767265e-06	1.417085e-01
2.206138754767265e-06	1.417085e-01
2.207138754767265e-06	1.417085e-01
2.208138754767265e-06	1.417085e-01
2.209138754767265e-06	1.417085e-01
2.210138754767265e-06	1.417085e-01
2.212138754767265e-06	1.417085e-01
2.214138754767265e-06	1.417085e-01
2.216138754767265e-06	1.417085e-01
2.219138754767266e-06	1.417085e-01
2.220281611910123e-06	1.417085e-01
2.221424469052980e-06	1.417085e-01
2.222567326195837e-06	1.417085e-01
2.223710183338694e-06	1.417085e-01
2.224853040481552e-06	1.417085e-01
2.225995897624409e-06	1.417085e-01
2.227138754767266e-06	1.417085e-01
2.229138754767266e-06	1.417085e-01
2.231138754767266e-06	1.417085e-01
2.233138754767267e-06	1.417085e-01
2.235138754767267e-06	1.417085e-01
2.237138754767267e-06	1.417085e-01
2.239138754767267e-06	1.417085e-01
2.241138754767267e-06	1.417085e-01
2.243138754767267e-06	1.417085e-01
2.246138754767268e-06	1.417085e-01
2.249138754767268e-06	1.417085e-01
2.250853040481554e-06	1.417085e-01
2.252567326195840e-06	1.417085e-01
2.254281611910126e-06	1.417085e-01
2.255995897624411e-06	1.417085e-01
2.257710183338697e-06	1.417085e-01
2.259424469052983e-06	1.417085e-01
2.261138754767269e-06	1.417085e-01
2.264138754767269e-06	1.417085e-01
2.267138754767269e-06	1.417085e-01
2.270138754767269e-06	1.417085e-01
2.273138754767270e-06	1.417085e-01
2.276138754767270e-06	1.417085e-01
2.279138754767270e-06	1.417085e-01
2.282138754767270e-06	1.417085e-01
2.284853040481556e-06	1.417085e-01
2.287567326195842e-06	1.417085e-01
2.290281611910128e-06	1.417085e-01
2.292995897624414e-06	1.417085e-01
2.295710183338700e-06	1.417085e-01
2.298424469052986e-06	1.417085e-01
2.301138754767272e-06	1.417085e-01
2.304710183338700e-06	1.417085e-01
2.308281611910130e-06	1.417085e-01
2.311853040481558e-06	1.417085e-01
2.315424469052987e-06	1.417085e-01
2.318995897624416e-06	1.417085e-01
2.322567326195845e-06	1.417085e-01
2.326138754767274e-06	1.417085e-01
2.331995897624417e-06	1.417085e-01
2.337853040481560e-06	1.417085e-01
2.343710183338703e-06	1.417084e-01
2.349567326195847e-06	1.417084e-01
2.355424469052990e-06	1.417084e-01
2.361281611910134e-06	1.417084e-01
2.367138754767277e-06	1.417084e-01
2.645138754767298e-06	1.417084e-01
2.695912875514826e-06	1.417084e-01
2.746686996262355e-06	1.417085e-01
2.797461117009884e-06	1.417084e-01
2.848235237757413e-06	1.417084e-01
2.899009358504942e-06	1.417084e-01
2.949783479252471e-06	1.417083e-01
3.000557600000000e-06	1.417082e-01
3.000558842030812e-06	1.417083e-01
3.000561326092435e-06	1.417084e-01
3.000562952544422e-06	1.417084e-01
3.000564428814528e-06	1.417084e-01
3.000567381354742e-06	1.417084e-01
3.000573286435169e-06	1.417084e-01
3.000577600000000e-06	1.417084e-01
3.000577700000000e-06	1.417084e-01
3.000578171428571e-06	1.417084e-01
3.000578642857143e-06	1.417084e-01
3.000579114285714e-06	1.417084e-01
3.000579585714286e-06	1.417084e-01
3.000580057142857e-06	1.417084e-01
3.000580528571429e-06	1.417084e-01
3.000581000000000e-06	1.417084e-01
3.000581614400000e-06	1.417084e-01
3.000582433599999e-06	1.417084e-01
3.000584071999998e-06	1.417084e-01
3.000586600000000e-06	1.417084e-01
3.000588893759999e-06	1.417084e-01
3.000591515199997e-06	1.417084e-01
3.000596758079994e-06	1.417084e-01
3.000607243839988e-06	1.417084e-01
3.000614500000000e-06	1.417084e-01
3.000616300000000e-06	1.417084e-01
3.000618700000000e-06	1.417084e-01
3.000620500000000e-06	1.417084e-01
3.000623860000000e-06	1.417084e-01
3.000627700000000e-06	1.417084e-01
3.000633200000000e-06	1.417084e-01
3.000633760000000e-06	1.417084e-01
3.000634880000000e-06	1.417084e-01
3.000637120000000e-06	1.417084e-01
3.000638800000000e-06	1.417084e-01
3.000641936000000e-06	1.417084e-01
3.000645520000000e-06	1.417084e-01
3.000652688000000e-06	1.417084e-01
3.000663000000000e-06	1.417085e-01
3.000665220000000e-06	1.417085e-01
3.000668180000000e-06	1.417085e-01
3.000670400000000e-06	1.417085e-01
3.000672176000000e-06	1.417085e-01
3.000674544000000e-06	1.417086e-01
3.000679280000001e-06	1.417086e-01
3.000688752000001e-06	1.417087e-01
3.000690400000000e-06	1.417087e-01
3.000703660800001e-06	1.417089e-01
3.000718816000001e-06	1.417091e-01
3.000749126400002e-06	1.417098e-01
3.000809747200003e-06	1.417119e-01
3.000930988800006e-06	1.417188e-01
3.001097201371660e-06	1.417345e-01
3.001283559326487e-06	1.417696e-01
3.001499033329702e-06	1.418769e-01
3.001739956780491e-06	1.421539e-01
3.002033701586789e-06	1.427927e-01
3.002398327787007e-06	1.514112e-01
3.002549169150617e-06	1.751102e-01
3.002669790244915e-06	2.265546e-01
3.002803124584446e-06	3.295324e-01
3.002988057797293e-06	5.630870e-01
3.003304889851394e-06	1.156480e+00
3.003637427797356e-06	1.943402e+00
3.003786371433013e-06	2.312625e+00
3.003911364914603e-06	2.579125e+00
3.004064645758482e-06	2.820770e+00
3.004217577426653e-06	2.979421e+00
3.004363618487697e-06	3.067260e+00
3.004505806680532e-06	3.112263e+00
3.004638108031273e-06	3.132478e+00
3.004768574174953e-06	3.141555e+00
3.004915993614429e-06	3.146232e+00
3.005354186802820e-06	3.151100e+00
3.005728300360480e-06	3.152871e+00
3.006382973093776e-06	3.154605e+00
3.007382973093776e-06	3.155798e+00
3.008382973093776e-06	3.156128e+00
3.009382973093776e-06	3.156147e+00
3.010382973093776e-06	3.156146e+00
3.011382973093776e-06	3.156146e+00
3.012382973093776e-06	3.156146e+00
3.013382973093776e-06	3.156146e+00
3.014382973093776e-06	3.156146e+00
3.015382973093776e-06	3.156146e+00
3.016382973093776e-06	3.156146e+00
3.017120187577726e-06	3.156146e+00
3.017741941028877e-06	3.156145e+00
3.018406262885369e-06	3.156144e+00
3.019406262885369e-06	3.156138e+00
3.020406262885369e-06	3.156087e+00
3.021406262885369e-06	3.155577e+00
3.022406262885369e-06	3.154227e+00
3.022453719223012e-06	3.152190e+00
3.022548631898296e-06	3.135428e+00
3.022613128695466e-06	3.104507e+00
3.022685251685010e-06	3.042650e+00
3.022775540854084e-06	2.940336e+00
3.022869507970831e-06	2.814503e+00
3.023024970610985e-06	2.581703e+00
3.023233534574589e-06	2.251558e+00
3.023494114408687e-06	1.832731e+00
3.023729033725462e-06	1.464299e+00
3.024013586266060e-06	1.045386e+00
3.024237622936812e-06	7.459716e-01
3.024525927121476e-06	4.062747e-01
3.024692519375327e-06	2.499410e-01
3.024802577860748e-06	1.843739e-01
3.024911495496111e-06	1.535018e-01
3.025009961147328e-06	1.445199e-01
3.025086764176593e-06	1.433051e-01
3.025331071033564e-06	1.426980e-01
3.025638722319421e-06	1.422661e-01
3.026156794826816e-06	1.419101e-01
3.027156794826817e-06	1.417330e-01
3.028156794826817e-06	1.417105e-01
3.029156794826817e-06	1.417066e-01
3.030156794826817e-06	1.417057e-01
3.031156794826817e-06	1.417058e-01
3.032156794826817e-06	1.417060e-01
3.033156794826817e-06	1.417061e-01
3.034156794826817e-06	1.417061e-01
3.035156794826817e-06	1.417061e-01
3.036156794826817e-06	1.417061e-01
3.037156794826817e-06	1.417061e-01
3.038156794826817e-06	1.417061e-01
3.039156794826817e-06	1.417061e-01
3.040156794826818e-06	1.417061e-01
3.041156794826818e-06	1.417061e-01
3.042156794826818e-06	1.417061e-01
3.043156794826818e-06	1.417062e-01
3.044156794826818e-06	1.417062e-01
3.045156794826818e-06	1.417062e-01
3.046156794826818e-06	1.417063e-01
3.047156794826818e-06	1.417064e-01
3.048156794826818e-06	1.417065e-01
3.049156794826818e-06	1.417067e-01
3.050156794826818e-06	1.417069e-01
3.051156794826818e-06	1.417072e-01
3.052156794826818e-06	1.417076e-01
3.053156794826819e-06	1.417081e-01
3.054156794826819e-06	1.417087e-01
3.055156794826819e-06	1.417096e-01
3.056156794826819e-06	1.417106e-01
3.057156794826819e-06	1.417120e-01
3.058156794826819e-06	1.417138e-01
3.059156794826819e-06	1.417161e-01
3.060156794826819e-06	1.417194e-01
3.061156794826819e-06	1.417248e-01
3.062156794826819e-06	1.417397e-01
3.063156794826819e-06	1.419067e-01
3.064156794826819e-06	1.425469e-01
3.064536466969554e-06	1.513629e-01
3.064778787471861e-06	1.825504e-01
3.064931931021457e-06	2.376925e-01
3.065104545260832e-06	3.527766e-01
3.065342080577700e-06	5.943061e-01
3.065624782682568e-06	1.008370e+00
3.065940772614264e-06	1.623915e+00
3.066204847229813e-06	2.221356e+00
3.066345230780375e-06	2.534395e+00
3.066469581235174e-06	2.770266e+00
3.066577628966994e-06	2.921661e+00
3.066695051827163e-06	3.027665e+00
3.066793804499604e-06	3.080124e+00
3.066907754544610e-06	3.113615e+00
3.067013426159636e-06	3.130292e+00
3.067142223999386e-06	3.140273e+00
3.067276505423585e-06	3.145267e+00
3.067457590301541e-06	3.148392e+00
3.067678458774190e-06	3.150389e+00
3.068031460595609e-06	3.152236e+00
3.068574329671366e-06	3.153926e+00
3.069574329671366e-06	3.155521e+00
3.070574329671366e-06	3.156075e+00
3.071574329671366e-06	3.156138e+00
3.072574329671366e-06	3.156137e+00
3.073574329671366e-06	3.156136e+00
3.074574329671366e-06	3.156134e+00
3.075574329671367e-06	3.156133e+00
3.076574329671367e-06	3.156131e+00
3.077574329671367e-06	3.156128e+00
3.078574329671367e-06	3.156124e+00
3.079574329671367e-06	3.156119e+00
3.080574329671367e-06	3.156109e+00
3.081574329671367e-06	3.156083e+00
3.082574329671367e-06	3.155873e+00
3.083574329671367e-06	3.155168e+00
3.083954249653065e-06	3.140240e+00
3.084196382042803e-06	3.085584e+00
3.084322428873626e-06	3.004109e+00
3.084457983547213e-06	2.860562e+00
3.084606172662103e-06	2.671735e+00
3.084758588059062e-06	2.458784e+00
3.085063418852981e-06	2.014467e+00
3.085361941227838e-06	1.579692e+00
3.085607872269778e-06	1.240234e+00
3.085869921427279e-06	9.095168e-01
3.086056325231009e-06	6.937343e-01
3.086308741200190e-06	4.254031e-01
3.086460380118536e-06	2.866582e-01
3.086569983660728e-06	2.155087e-01
3.086721527019628e-06	1.615475e-01
3.086848633834380e-06	1.444125e-01
3.086935498124959e-06	1.426707e-01
3.087045833596263e-06	1.427463e-01
3.087153206140045e-06	1.425889e-01
3.087367951227609e-06	1.422872e-01
3.089089504235644e-06	1.417256e-01
3.090089504235644e-06	1.417113e-01
3.091089504235645e-06	1.417077e-01
3.092089504235645e-06	1.417073e-01
3.093089504235645e-06	1.417075e-01
3.094089504235645e-06	1.417076e-01
3.095089504235645e-06	1.417077e-01
3.096089504235645e-06	1.417077e-01
3.097089504235645e-06	1.417076e-01
3.098089504235645e-06	1.417076e-01
3.099089504235645e-06	1.417076e-01
3.100089504235645e-06	1.417076e-01
3.101089504235645e-06	1.417076e-01
3.102089504235645e-06	1.417076e-01
3.103089504235645e-06	1.417077e-01
3.104089504235646e-06	1.417077e-01
3.105089504235646e-06	1.417077e-01
3.106089504235646e-06	1.417077e-01
3.107089504235646e-06	1.417078e-01
3.108089504235646e-06	1.417078e-01
3.109089504235646e-06	1.417079e-01
3.110089504235646e-06	1.417079e-01
3.111089504235646e-06	1.417080e-01
3.112089504235646e-06	1.417080e-01
3.113089504235646e-06	1.417081e-01
3.114089504235646e-06	1.417081e-01
3.115089504235646e-06	1.417082e-01
3.116089504235646e-06	1.417082e-01
3.117089504235646e-06	1.417083e-01
3.118089504235647e-06	1.417083e-01
3.120089504235647e-06	1.417085e-01
3.123089504235647e-06	1.417086e-01
3.126089504235647e-06	1.417087e-01
3.127089504235647e-06	1.417088e-01
3.128089504235647e-06	1.417088e-01
3.129089504235647e-06	1.417088e-01
3.130089504235647e-06	1.417088e-01
3.131089504235648e-06	1.417088e-01
3.132089504235648e-06	1.417089e-01
3.133089504235648e-06	1.417089e-01
3.134089504235648e-06	1.417088e-01
3.135089504235648e-06	1.417088e-01
3.136089504235648e-06	1.417088e-01
3.137089504235648e-06	1.417088e-01
3.138089504235648e-06	1.417088e-01
3.139089504235648e-06	1.417088e-01
3.140089504235648e-06	1.417088e-01
3.141089504235648e-06	1.417087e-01
3.142089504235648e-06	1.417087e-01
3.143089504235648e-06	1.417087e-01
3.144089504235649e-06	1.417087e-01
3.145089504235649e-06	1.417086e-01
3.146089504235649e-06	1.417085e-01
3.147089504235649e-06	1.417085e-01
3.148089504235649e-06	1.417086e-01
3.149089504235649e-06	1.417086e-01
3.150089504235649e-06	1.417085e-01
3.151089504235649e-06	1.417085e-01
3.152089504235649e-06	1.417085e-01
3.153089504235649e-06	1.417085e-01
3.154089504235649e-06	1.417085e-01
3.155089504235649e-06	1.417085e-01
3.158089504235650e-06	1.417084e-01
3.159089504235650e-06	1.417084e-01
3.160089504235650e-06	1.417084e-01
3.161089504235650e-06	1.417084e-01
3.162089504235650e-06	1.417084e-01
3.163089504235650e-06	1.417084e-01
3.164089504235650e-06	1.417084e-01
3.165089504235650e-06	1.417084e-01
3.166089504235650e-06	1.417084e-01
3.167089504235650e-06	1.417084e-01
3.168089504235650e-06	1.417084e-01
3.169089504235650e-06	1.417084e-01
3.170089504235650e-06	1.417084e-01
3.171089504235651e-06	1.417084e-01
3.172089504235651e-06	1.417084e-01
3.173089504235651e-06	1.417084e-01
3.174089504235651e-06	1.417084e-01
3.175089504235651e-06	1.417084e-01
3.176089504235651e-06	1.417084e-01
3.177089504235651e-06	1.417084e-01
3.178089504235651e-06	1.417084e-01
3.179089504235651e-06	1.417084e-01
3.180089504235651e-06	1.417084e-01
3.181089504235651e-06	1.417084e-01
3.182089504235651e-06	1.417084e-01
3.184089504235652e-06	1.417085e-01
3.186089504235652e-06	1.417085e-01
3.189089504235652e-06	1.417085e-01
3.189946647092795e-06	1.417085e-01
3.190803789949938e-06	1.417085e-01
3.191660932807081e-06	1.417085e-01
3.192518075664224e-06	1.417085e-01
3.193375218521366e-06	1.417085e-01
3.194232361378510e-06	1.417085e-01
3.195089504235652e-06	1.417085e-01
3.196089504235652e-06	1.417085e-01
3.197089504235653e-06	1.417085e-01
3.198089504235653e-06	1.417085e-01
3.199089504235653e-06	1.417085e-01
3.200089504235653e-06	1.417085e-01
3.201089504235653e-06	1.417085e-01
3.202089504235653e-06	1.417085e-01
3.203089504235653e-06	1.417085e-01
3.204089504235653e-06	1.417085e-01
3.205089504235653e-06	1.417085e-01
3.206089504235653e-06	1.417085e-01
3.207089504235653e-06	1.417085e-01
3.208089504235653e-06	1.417085e-01
3.209089504235653e-06	1.417085e-01
3.210089504235653e-06	1.417085e-01
3.212089504235654e-06	1.417085e-01
3.214089504235654e-06	1.417085e-01
3.216089504235654e-06	1.417085e-01
3.219089504235654e-06	1.417085e-01
3.227089504235655e-06	1.417085e-01
3.230089504235655e-06	1.417085e-01
3.232089504235655e-06	1.417084e-01
3.234089504235655e-06	1.417085e-01
3.236089504235655e-06	1.417085e-01
3.238089504235656e-06	1.417085e-01
3.240089504235656e-06	1.417085e-01
3.243089504235656e-06	1.417085e-01
3.246089504235656e-06	1.417085e-01
3.249089504235656e-06	1.417085e-01
3.250803789949942e-06	1.417085e-01
3.252518075664228e-06	1.417085e-01
3.254232361378514e-06	1.417085e-01
3.255946647092800e-06	1.417085e-01
3.257660932807086e-06	1.417085e-01
3.259375218521371e-06	1.417085e-01
3.261089504235657e-06	1.417085e-01
3.264232361378515e-06	1.417085e-01
3.267375218521372e-06	1.417085e-01
3.270518075664230e-06	1.417085e-01
3.273660932807087e-06	1.417085e-01
3.276803789949944e-06	1.417085e-01
3.279946647092801e-06	1.417085e-01
3.283089504235659e-06	1.417085e-01
3.285946647092802e-06	1.417085e-01
3.288803789949945e-06	1.417085e-01
3.291660932807088e-06	1.417084e-01
3.294518075664231e-06	1.417084e-01
3.297375218521374e-06	1.417084e-01
3.300232361378518e-06	1.417084e-01
3.303089504235660e-06	1.417084e-01
3.306946647092803e-06	1.417084e-01
3.310803789949947e-06	1.417084e-01
3.314660932807090e-06	1.417084e-01
3.318518075664233e-06	1.417084e-01
3.322375218521376e-06	1.417084e-01
3.326232361378520e-06	1.417084e-01
3.330089504235662e-06	1.417084e-01
3.336232361378520e-06	1.417084e-01
3.342375218521378e-06	1.417084e-01
3.348518075664235e-06	1.417084e-01
3.354660932807093e-06	1.417084e-01
3.360803789949951e-06	1.417084e-01
3.366946647092808e-06	1.417084e-01
3.373089504235666e-06	1.417084e-01
3.528089504235677e-06	1.417084e-01
3.595565589344866e-06	1.417084e-01
3.663041674454055e-06	1.417084e-01
3.730517759563244e-06	1.417084e-01
3.797993844672433e-06	1.417084e-01
3.865469929781622e-06	1.417084e-01
3.932946014890811e-06	1.417085e-01
4.000422100000000e-06	1.417086e-01
4.000422841246266e-06	1.417085e-01
4.000424323738796e-06	1.417084e-01
4.000425180934325e-06	1.417084e-01
4.000426007712577e-06	1.417084e-01
4.000427661269082e-06	1.417084e-01
4.000430968382093e-06	1.417084e-01
4.000437582608113e-06	1.417084e-01
4.000442100000001e-06	1.417084e-01
4.000443422845204e-06	1.417084e-01
4.000446068535612e-06	1.417084e-01
4.000450857089804e-06	1.417084e-01
4.000458100000000e-06	1.417084e-01
4.000460666220146e-06	1.417084e-01
4.000464087847007e-06	1.417084e-01
4.000469700000000e-06	1.417084e-01
4.000474490277605e-06	1.417084e-01
4.000480800000000e-06	1.417084e-01
4.000484084761787e-06	1.417084e-01
4.000488464444169e-06	1.417084e-01
4.000497223808935e-06	1.417084e-01
4.000505000000000e-06	1.417084e-01
4.000507370000000e-06	1.417084e-01
4.000510530000000e-06	1.417084e-01
4.000512900000000e-06	1.417084e-01
4.000514795999999e-06	1.417084e-01
4.000517323999999e-06	1.417084e-01
4.000519400000000e-06	1.417084e-01
4.000535300000000e-06	1.417085e-01
4.000536658400005e-06	1.417085e-01
4.000538469600012e-06	1.417085e-01
4.000542092000027e-06	1.417086e-01
4.000549336800056e-06	1.417086e-01
4.000562100000000e-06	1.417087e-01
4.000563070000000e-06	1.417087e-01
4.000565010000000e-06	1.417088e-01
4.000568890000000e-06	1.417088e-01
4.000571800000000e-06	1.417088e-01
4.000574742857143e-06	1.417089e-01
4.000577685714286e-06	1.417089e-01
4.000580628571429e-06	1.417090e-01
4.000583571428572e-06	1.417090e-01
4.000586514285715e-06	1.417091e-01
4.000589457142857e-06	1.417091e-01
4.000592400000000e-06	1.417091e-01
4.000596124800000e-06	1.417092e-01
4.000601091200000e-06	1.417093e-01
4.000611024000000e-06	1.417095e-01
4.000612400000000e-06	1.417095e-01
4.000626305920000e-06	1.417099e-01
4.000642198400000e-06	1.417103e-01
4.000673983360000e-06	1.417114e-01
4.000737553280000e-06	1.417146e-01
4.000864693120001e-06	1.417239e-01
4.001040440320430e-06	1.417456e-01
4.001234541646335e-06	1.418027e-01
4.001454376151797e-06	1.419634e-01
4.001689947253447e-06	1.423087e-01
4.001994496429759e-06	1.430554e-01
4.002268111854880e-06	1.508719e-01
4.002417445929524e-06	1.752519e-01
4.002536193693521e-06	2.260008e-01
4.002664255388831e-06	3.251685e-01
4.002851050086734e-06	5.618532e-01
4.003163489804845e-06	1.150183e+00
4.003507625398510e-06	1.967016e+00
4.003661271703506e-06	2.344599e+00
4.003786086507828e-06	2.600767e+00
4.003962482187152e-06	2.859203e+00
4.004120214664264e-06	3.008317e+00
4.004247154984231e-06	3.076805e+00
4.004371780549062e-06	3.112630e+00
4.004511144911709e-06	3.132889e+00
4.004640568402936e-06	3.141748e+00
4.004795648718611e-06	3.146469e+00
4.005240372414261e-06	3.151206e+00
4.005614410844802e-06	3.152934e+00
4.006324808040588e-06	3.154733e+00
4.007324808040588e-06	3.155845e+00
4.008324808040588e-06	3.156132e+00
4.009324808040587e-06	3.156147e+00
4.010324808040587e-06	3.156146e+00
4.011324808040587e-06	3.156146e+00
4.012324808040586e-06	3.156146e+00
4.013324808040586e-06	3.156146e+00
4.014324808040586e-06	3.156146e+00
4.015324808040585e-06	3.156146e+00
4.016153840338872e-06	3.156146e+00
4.016940550468867e-06	3.156146e+00
4.017516633917992e-06	3.156146e+00
4.018157312192532e-06	3.156145e+00
4.019157312192532e-06	3.156139e+00
4.020157312192532e-06	3.156087e+00
4.021157312192531e-06	3.155564e+00
4.022157312192531e-06	3.154184e+00
4.022204768810188e-06	3.151738e+00
4.022299682045502e-06	3.132133e+00
4.022367495065827e-06	3.096489e+00
4.022440936904715e-06	3.029912e+00
4.022538550114258e-06	2.915211e+00
4.022634260197327e-06	2.783568e+00
4.022807707197541e-06	2.518723e+00
4.023046215145792e-06	2.137618e+00
4.023315961671323e-06	1.704330e+00
4.023566093258335e-06	1.317527e+00
4.023841324391326e-06	9.221284e-01
4.024030876270068e-06	6.758509e-01
4.024307671995255e-06	3.577670e-01
4.024433288178570e-06	2.443744e-01
4.024541066209570e-06	1.829837e-01
4.024643742517260e-06	1.543619e-01
4.024757889444829e-06	1.443672e-01
4.024839159914714e-06	1.431525e-01
4.024930962408197e-06	1.429655e-01
4.025082443046310e-06	1.426754e-01
4.025385404322538e-06	1.422566e-01
4.025898039937002e-06	1.419064e-01
4.026874030733052e-06	1.417336e-01
4.027874030733052e-06	1.417107e-01
4.028874030733052e-06	1.417066e-01
4.029874030733051e-06	1.417056e-01
4.030874030733051e-06	1.417058e-01
4.031874030733051e-06	1.417060e-01
4.032874030733050e-06	1.417061e-01
4.033874030733050e-06	1.417061e-01
4.034874030733050e-06	1.417061e-01
4.035874030733049e-06	1.417061e-01
4.036874030733049e-06	1.417061e-01
4.037874030733049e-06	1.417061e-01
4.038874030733048e-06	1.417061e-01
4.039874030733048e-06	1.417061e-01
4.040874030733047e-06	1.417061e-01
4.041874030733047e-06	1.417061e-01
4.042874030733047e-06	1.417061e-01
4.043874030733046e-06	1.417062e-01
4.044874030733046e-06	1.417062e-01
4.045874030733046e-06	1.417063e-01
4.046874030733045e-06	1.417063e-01
4.047874030733045e-06	1.417064e-01
4.048874030733045e-06	1.417066e-01
4.049874030733044e-06	1.417068e-01
4.050874030733044e-06	1.417071e-01
4.051874030733044e-06	1.417076e-01
4.052874030733043e-06	1.417082e-01
4.053874030733043e-06	1.417089e-01
4.054874030733043e-06	1.417100e-01
4.055874030733042e-06	1.417114e-01
4.056874030733042e-06	1.417134e-01
4.057874030733042e-06	1.417162e-01
4.058874030733041e-06	1.417212e-01
4.059874030733041e-06	1.417354e-01
4.060874030733040e-06	1.419100e-01
4.061874030733040e-06	1.425889e-01
4.062253898235849e-06	1.525332e-01
4.062496239190104e-06	1.872109e-01
4.062649425657081e-06	2.475147e-01
4.062820239892271e-06	3.715245e-01
4.063065077183408e-06	6.411000e-01
4.063337293097599e-06	1.070206e+00
4.063646950297241e-06	1.705621e+00
4.063825621041962e-06	2.122314e+00
4.063971213229188e-06	2.455950e+00
4.064116911425485e-06	2.742579e+00
4.064231429993759e-06	2.909136e+00
4.064356265257114e-06	3.024531e+00
4.064456055811990e-06	3.078458e+00
4.064572926705845e-06	3.113143e+00
4.064680114160403e-06	3.130205e+00
4.064810845459398e-06	3.140356e+00
4.064945168602560e-06	3.145345e+00
4.065127426711263e-06	3.148480e+00
4.065348206876536e-06	3.150474e+00
4.065704531383666e-06	3.152333e+00
4.066247352405585e-06	3.154008e+00
4.067247352405584e-06	3.155564e+00
4.068247352405584e-06	3.156089e+00
4.069247352405584e-06	3.156141e+00
4.070247352405583e-06	3.156140e+00
4.071247352405583e-06	3.156139e+00
4.072247352405583e-06	3.156138e+00
4.073247352405582e-06	3.156137e+00
4.074247352405582e-06	3.156136e+00
4.075247352405582e-06	3.156135e+00
4.076247352405581e-06	3.156133e+00
4.077247352405581e-06	3.156131e+00
4.078247352405581e-06	3.156127e+00
4.079247352405580e-06	3.156123e+00
4.080247352405580e-06	3.156116e+00
4.081247352405580e-06	3.156100e+00
4.082247352405579e-06	3.156010e+00
4.083247352405579e-06	3.155627e+00
4.083795868074810e-06	3.155012e+00
4.084103817060541e-06	3.143450e+00
4.084266222590481e-06	3.105816e+00
4.084371552787152e-06	3.040302e+00
4.084484334693217e-06	2.928319e+00
4.084621182224419e-06	2.761795e+00
4.084760895985301e-06	2.570775e+00
4.085040323507066e-06	2.164659e+00
4.085297458288352e-06	1.783831e+00
4.085495263000685e-06	1.497460e+00
4.085786261546889e-06	1.103923e+00
4.086014627445337e-06	8.220202e-01
4.086274519709648e-06	5.334211e-01
4.086528987246082e-06	2.889589e-01
4.086649345393127e-06	2.056535e-01
4.086767211690283e-06	1.617677e-01
4.086879208951343e-06	1.455781e-01
4.086974224772971e-06	1.429156e-01
4.087289876218624e-06	1.425086e-01
4.087605527664277e-06	1.421806e-01
4.087921179109930e-06	1.419316e-01
4.088236830555583e-06	1.417617e-01
4.088552482001236e-06	1.416709e-01
4.088868133446889e-06	1.416591e-01
4.089183784892542e-06	1.417263e-01
4.090183784892541e-06	1.417114e-01
4.091183784892541e-06	1.417083e-01
4.092183784892541e-06	1.417077e-01
4.093183784892540e-06	1.417075e-01
4.094183784892540e-06	1.417076e-01
4.095183784892540e-06	1.417075e-01
4.096183784892539e-06	1.417075e-01
4.097183784892539e-06	1.417075e-01
4.098183784892539e-06	1.417075e-01
4.099183784892538e-06	1.417075e-01
4.100183784892538e-06	1.417075e-01
4.101183784892538e-06	1.417075e-01
4.102183784892537e-06	1.417075e-01
4.103183784892537e-06	1.417075e-01
4.104183784892536e-06	1.417076e-01
4.105183784892536e-06	1.417076e-01
4.106183784892536e-06	1.417076e-01
4.107183784892535e-06	1.417077e-01
4.108183784892535e-06	1.417077e-01
4.109183784892535e-06	1.417078e-01
4.110183784892534e-06	1.417078e-01
4.111183784892534e-06	1.417079e-01
4.112183784892534e-06	1.417079e-01
4.113183784892533e-06	1.417080e-01
4.114183784892533e-06	1.417081e-01
4.115183784892533e-06	1.417081e-01
4.116183784892532e-06	1.417082e-01
4.117183784892532e-06	1.417082e-01
4.119183784892531e-06	1.417084e-01
4.121183784892531e-06	1.417085e-01
4.124183784892530e-06	1.417086e-01
4.126183784892529e-06	1.417087e-01
4.127183784892528e-06	1.417087e-01
4.128183784892528e-06	1.417088e-01
4.129183784892528e-06	1.417088e-01
4.130183784892527e-06	1.417088e-01
4.131183784892527e-06	1.417088e-01
4.132183784892527e-06	1.417088e-01
4.133183784892526e-06	1.417088e-01
4.134183784892526e-06	1.417088e-01
4.135183784892526e-06	1.417088e-01
4.136183784892525e-06	1.417088e-01
4.137183784892525e-06	1.417088e-01
4.138183784892525e-06	1.417088e-01
4.139183784892524e-06	1.417087e-01
4.140183784892524e-06	1.417087e-01
4.141183784892524e-06	1.417087e-01
4.142183784892523e-06	1.417087e-01
4.143183784892523e-06	1.417086e-01
4.144183784892523e-06	1.417086e-01
4.145183784892522e-06	1.417086e-01
4.146183784892522e-06	1.417086e-01
4.147183784892521e-06	1.417085e-01
4.148183784892521e-06	1.417085e-01
4.149183784892521e-06	1.417085e-01
4.150183784892520e-06	1.417085e-01
4.151183784892520e-06	1.417085e-01
4.152183784892520e-06	1.417084e-01
4.153183784892519e-06	1.417084e-01
4.154183784892519e-06	1.417084e-01
4.156183784892518e-06	1.417084e-01
4.157183784892518e-06	1.417084e-01
4.158183784892518e-06	1.417084e-01
4.159183784892517e-06	1.417083e-01
4.160183784892517e-06	1.417083e-01
4.161183784892517e-06	1.417083e-01
4.162183784892516e-06	1.417083e-01
4.163183784892516e-06	1.417083e-01
4.164183784892516e-06	1.417083e-01
4.165183784892515e-06	1.417083e-01
4.166183784892515e-06	1.417083e-01
4.167183784892515e-06	1.417083e-01
4.168183784892514e-06	1.417083e-01
4.169183784892514e-06	1.417083e-01
4.170183784892513e-06	1.417083e-01
4.171183784892513e-06	1.417083e-01
4.172183784892513e-06	1.417083e-01
4.173183784892512e-06	1.417083e-01
4.174183784892512e-06	1.417083e-01
4.175183784892512e-06	1.417083e-01
4.176183784892511e-06	1.417084e-01
4.177183784892511e-06	1.417084e-01
4.178183784892511e-06	1.417084e-01
4.179183784892510e-06	1.417084e-01
4.180183784892510e-06	1.417084e-01
4.181183784892510e-06	1.417084e-01
4.182183784892509e-06	1.417084e-01
4.184183784892509e-06	1.417084e-01
4.186183784892508e-06	1.417084e-01
4.192183784892506e-06	1.417084e-01
4.194183784892505e-06	1.417084e-01
4.195183784892505e-06	1.417084e-01
4.196183784892504e-06	1.417084e-01
4.197183784892504e-06	1.417084e-01
4.198183784892504e-06	1.417084e-01
4.199183784892503e-06	1.417084e-01
4.200183784892503e-06	1.417084e-01
4.201183784892503e-06	1.417084e-01
4.202183784892502e-06	1.417084e-01
4.203183784892502e-06	1.417084e-01
4.204183784892502e-06	1.417084e-01
4.205183784892501e-06	1.417084e-01
4.206183784892501e-06	1.417084e-01
4.207183784892501e-06	1.417084e-01
4.208183784892500e-06	1.417084e-01
4.209183784892500e-06	1.417084e-01
4.210183784892500e-06	1.417084e-01
4.212183784892499e-06	1.417084e-01
4.214183784892498e-06	1.417084e-01
4.216183784892497e-06	1.417084e-01
4.219183784892496e-06	1.417084e-01
4.220326642035353e-06	1.417084e-01
4.221469499178210e-06	1.417084e-01
4.222612356321067e-06	1.417084e-01
4.223755213463924e-06	1.417084e-01
4.224898070606780e-06	1.417084e-01
4.226040927749637e-06	1.417084e-01
4.227183784892494e-06	1.417084e-01
4.229183784892493e-06	1.417084e-01
4.231183784892492e-06	1.417084e-01
4.233183784892492e-06	1.417084e-01
4.235183784892491e-06	1.417084e-01
4.237183784892490e-06	1.417084e-01
4.239183784892489e-06	1.417084e-01
4.241183784892489e-06	1.417084e-01
4.244183784892488e-06	1.417084e-01
4.247183784892487e-06	1.417084e-01
4.248755213463915e-06	1.417084e-01
4.250326642035343e-06	1.417084e-01
4.251898070606771e-06	1.417084e-01
4.253469499178198e-06	1.417084e-01
4.255040927749627e-06	1.417084e-01
4.256612356321055e-06	1.417084e-01
4.258183784892483e-06	1.417084e-01
4.261612356321053e-06	1.417084e-01
4.265040927749623e-06	1.417084e-01
4.268469499178193e-06	1.417084e-01
4.271898070606764e-06	1.417084e-01
4.275326642035334e-06	1.417084e-01
4.278755213463904e-06	1.417084e-01
4.282183784892474e-06	1.417084e-01
4.284898070606760e-06	1.417084e-01
4.287612356321044e-06	1.417084e-01
4.290326642035329e-06	1.417084e-01
4.293040927749613e-06	1.417084e-01
4.295755213463898e-06	1.417084e-01
4.298469499178183e-06	1.417084e-01
4.301183784892468e-06	1.417084e-01
4.304755213463895e-06	1.417084e-01
4.308326642035323e-06	1.417084e-01
4.311898070606750e-06	1.417084e-01
4.315469499178177e-06	1.417084e-01
4.319040927749604e-06	1.417084e-01
4.322612356321032e-06	1.417084e-01
4.326183784892459e-06	1.417084e-01
4.332040927749600e-06	1.417084e-01
4.337898070606741e-06	1.417084e-01
4.343755213463882e-06	1.417084e-01
4.349612356321022e-06	1.417084e-01
4.355469499178163e-06	1.417084e-01
4.361326642035304e-06	1.417084e-01
4.367183784892445e-06	1.417084e-01
4.411183784892430e-06	1.417084e-01
4.499183784892399e-06	1.417084e-01
4.500000000000000e-06	1.417084e-01
