time	V(compout)
0.000000000000000e+00	1.417084e-01
2.811600000000000e-09	1.417084e-01
2.812780427433185e-09	1.417084e-01
2.815141282299554e-09	1.417084e-01
2.816687033443727e-09	1.417084e-01
2.818142879929711e-09	1.417084e-01
2.821054572901679e-09	1.417084e-01
2.826877958845616e-09	1.417084e-01
2.831600000000000e-09	1.417084e-01
2.832520076826177e-09	1.417084e-01
2.834360230478530e-09	1.417084e-01
2.838040537783237e-09	1.417084e-01
2.845401152392651e-09	1.417084e-01
2.860122381611479e-09	1.417084e-01
2.861300000000000e-09	1.417084e-01
2.862870000000000e-09	1.417084e-01
2.866010000000000e-09	1.417084e-01
2.872290000000000e-09	1.417084e-01
2.877000000000000e-09	1.417084e-01
2.880768000000000e-09	1.417084e-01
2.885792000000000e-09	1.417084e-01
2.892600000000000e-09	1.417084e-01
2.895614400000000e-09	1.417084e-01
2.899633600000000e-09	1.417085e-01
2.903400000000000e-09	1.417085e-01
2.905811520000000e-09	1.417085e-01
2.909026880000000e-09	1.417085e-01
2.915457600000000e-09	1.417085e-01
2.917100000000000e-09	1.417085e-01
2.917580000000000e-09	1.417085e-01
2.918540000000000e-09	1.417085e-01
2.920460000000000e-09	1.417085e-01
2.921900000000000e-09	1.417085e-01
2.923052000000000e-09	1.417086e-01
2.924588000000000e-09	1.417086e-01
2.927660000000000e-09	1.417086e-01
2.933804000000000e-09	1.417086e-01
2.937300000000000e-09	1.417086e-01
2.938528800000000e-09	1.417087e-01
2.940986400000000e-09	1.417087e-01
2.945901600000000e-09	1.417087e-01
2.955731999999999e-09	1.417088e-01
2.957300000000000e-09	1.417089e-01
2.971062560000000e-09	1.417091e-01
2.986791199999999e-09	1.417094e-01
3.018248479999998e-09	1.417102e-01
3.081163039999995e-09	1.417126e-01
3.206992159999991e-09	1.417204e-01
3.374761871880131e-09	1.417374e-01
3.565112200232035e-09	1.417775e-01
3.782494972949313e-09	1.418973e-01
4.023530967058913e-09	1.421942e-01
4.321661262286455e-09	1.432214e-01
4.694300892741204e-09	1.563572e-01
4.849334664873417e-09	1.889112e-01
4.980366214615688e-09	2.576813e-01
5.118305190440825e-09	3.824306e-01
5.314762471686743e-09	6.615618e-01
5.625778038024855e-09	1.285266e+00
5.917840921246795e-09	1.994458e+00
6.066887438965566e-09	2.359979e+00
6.195255889174476e-09	2.619613e+00
6.370180958357473e-09	2.869845e+00
6.534926545792140e-09	3.019478e+00
6.658515220725744e-09	3.082667e+00
6.780189923948714e-09	3.115229e+00
6.917054103894624e-09	3.133814e+00
7.048065408668650e-09	3.142230e+00
7.205083595387132e-09	3.146746e+00
7.661393190602210e-09	3.151358e+00
8.049147306942580e-09	3.153074e+00
8.785576099396582e-09	3.154904e+00
9.621966368520802e-09	3.155846e+00
1.062196636852080e-08	3.156129e+00
1.162196636852080e-08	3.156148e+00
1.262196636852080e-08	3.156146e+00
1.362196636852081e-08	3.156146e+00
1.462196636852081e-08	3.156146e+00
1.562196636852081e-08	3.156146e+00
1.662196636852081e-08	3.156146e+00
1.762196636852080e-08	3.156146e+00
1.862196636852080e-08	3.156146e+00
1.937028468013191e-08	3.156146e+00
1.998924274787793e-08	3.156145e+00
2.065410240924511e-08	3.156145e+00
2.165410240924511e-08	3.156139e+00
2.265410240924511e-08	3.156085e+00
2.365410240924511e-08	3.155564e+00
2.465410240924511e-08	3.105992e+00
2.493490150334449e-08	2.987206e+00
2.512611642754207e-08	2.784982e+00
2.531757834139275e-08	2.504340e+00
2.553271462338430e-08	2.163599e+00
2.575560986596318e-08	1.806056e+00
2.597200866674213e-08	1.467255e+00
2.625556185705072e-08	1.050004e+00
2.647027644644452e-08	7.619699e-01
2.675170346500217e-08	4.273542e-01
2.692619029300704e-08	2.592897e-01
2.703696310884986e-08	1.898141e-01
2.715010445095048e-08	1.550367e-01
2.724782003587115e-08	1.448083e-01
2.732418546471434e-08	1.433423e-01
2.741656652478966e-08	1.430312e-01
2.755108975634466e-08	1.427401e-01
2.781219039466449e-08	1.423262e-01
2.816211364384376e-08	1.419929e-01
2.879550861749775e-08	1.417770e-01
2.977826094685657e-08	1.417180e-01
3.077826094685658e-08	1.417086e-01
3.177826094685658e-08	1.417067e-01
3.277826094685658e-08	1.417066e-01
3.377826094685658e-08	1.417064e-01
3.477826094685659e-08	1.417066e-01
3.577826094685659e-08	1.417065e-01
3.677826094685659e-08	1.417066e-01
3.777826094685659e-08	1.417064e-01
3.877826094685660e-08	1.417065e-01
3.977826094685660e-08	1.417064e-01
4.077826094685660e-08	1.417065e-01
4.177826094685660e-08	1.417064e-01
4.277826094685661e-08	1.417065e-01
4.377826094685661e-08	1.417065e-01
4.477826094685661e-08	1.417064e-01
4.577826094685661e-08	1.417062e-01
4.677826094685661e-08	1.417061e-01
4.777826094685662e-08	1.417061e-01
4.877826094685662e-08	1.417062e-01
4.977826094685662e-08	1.417063e-01
5.077826094685662e-08	1.417065e-01
5.177826094685663e-08	1.417066e-01
5.277826094685663e-08	1.417070e-01
5.371943445569545e-08	1.417075e-01
5.471943445569545e-08	1.417081e-01
5.571943445569545e-08	1.417086e-01
5.671943445569545e-08	1.417094e-01
5.771943445569546e-08	1.417104e-01
5.871943445569546e-08	1.417116e-01
5.971943445569546e-08	1.417133e-01
6.071943445569546e-08	1.417155e-01
6.171943445569545e-08	1.417187e-01
6.271943445569545e-08	1.417237e-01
6.371943445569544e-08	1.417382e-01
6.471943445569544e-08	1.419026e-01
6.571943445569543e-08	1.425492e-01
6.609801389556279e-08	1.510523e-01
6.634014921786056e-08	1.813814e-01
6.649037449406266e-08	2.348701e-01
6.666098700639978e-08	3.483356e-01
6.689535594331850e-08	5.888803e-01
6.719308716832539e-08	1.031595e+00
6.750749013279277e-08	1.652504e+00
6.775581318323725e-08	2.219789e+00
6.789415633549672e-08	2.529480e+00
6.802093227368971e-08	2.769717e+00
6.813237035240407e-08	2.924646e+00
6.825197246568267e-08	3.030808e+00
6.834955192838695e-08	3.081503e+00
6.846330316723953e-08	3.114156e+00
6.857052078947450e-08	3.130712e+00
6.870016298165171e-08	3.140523e+00
6.883613069958844e-08	3.145439e+00
6.924319891989239e-08	3.150488e+00
6.959862167888149e-08	3.152323e+00
7.013503701320105e-08	3.154027e+00
7.090783894614481e-08	3.155362e+00
7.190783894614481e-08	3.156018e+00
7.290783894614480e-08	3.156137e+00
7.390783894614480e-08	3.156138e+00
7.490783894614479e-08	3.156137e+00
7.590783894614479e-08	3.156136e+00
7.690783894614479e-08	3.156135e+00
7.790783894614478e-08	3.156133e+00
7.890783894614478e-08	3.156131e+00
7.990783894614477e-08	3.156128e+00
8.090783894614477e-08	3.156125e+00
8.190783894614476e-08	3.156119e+00
8.290783894614476e-08	3.156111e+00
8.390783894614476e-08	3.156086e+00
8.490783894614475e-08	3.155899e+00
8.590783894614475e-08	3.155261e+00
8.628786925109707e-08	3.150007e+00
8.653004780746323e-08	3.121436e+00
8.665379228640887e-08	3.063659e+00
8.677707879797022e-08	2.952980e+00
8.691175294301106e-08	2.796397e+00
8.703689228496488e-08	2.629997e+00
8.728494453350595e-08	2.274932e+00
8.753358019468431e-08	1.909212e+00
8.773617244603569e-08	1.612055e+00
8.797004613122878e-08	1.285812e+00
8.822729792843213e-08	9.549047e-01
8.840823117656585e-08	7.410611e-01
8.866074445405903e-08	4.677567e-01
8.884956189424210e-08	2.902529e-01
8.896057907997973e-08	2.142050e-01
8.908886851550189e-08	1.637174e-01
8.919604457432160e-08	1.461779e-01
8.929301567149591e-08	1.430446e-01
8.938575560610310e-08	1.428891e-01
8.996719657672209e-08	1.423696e-01
9.054863754734109e-08	1.419671e-01
9.113007851796008e-08	1.416815e-01
9.171151948857907e-08	1.415128e-01
9.229296045919806e-08	1.414610e-01
9.287440142981706e-08	1.415262e-01
9.345584240043605e-08	1.417083e-01
9.445584240043605e-08	1.417076e-01
9.545584240043604e-08	1.417075e-01
9.645584240043604e-08	1.417076e-01
9.745584240043604e-08	1.417076e-01
9.845584240043603e-08	1.417076e-01
9.945584240043603e-08	1.417075e-01
1.004558424004360e-07	1.417075e-01
1.014558424004360e-07	1.417075e-01
1.024558424004360e-07	1.417075e-01
1.034558424004360e-07	1.417075e-01
1.044558424004360e-07	1.417075e-01
1.054558424004360e-07	1.417076e-01
1.064558424004360e-07	1.417076e-01
1.074558424004360e-07	1.417076e-01
1.084558424004360e-07	1.417077e-01
1.094558424004360e-07	1.417077e-01
1.104558424004360e-07	1.417077e-01
1.114558424004360e-07	1.417078e-01
1.124558424004360e-07	1.417078e-01
1.134558424004360e-07	1.417079e-01
1.144558424004360e-07	1.417079e-01
1.154558424004360e-07	1.417080e-01
1.164558424004360e-07	1.417080e-01
1.174558424004359e-07	1.417081e-01
1.184558424004359e-07	1.417082e-01
1.194558424004360e-07	1.417082e-01
1.214558424004359e-07	1.417084e-01
1.234558424004359e-07	1.417085e-01
1.264558424004359e-07	1.417086e-01
1.284558424004359e-07	1.417087e-01
1.294558424004359e-07	1.417087e-01
1.304558424004359e-07	1.417087e-01
1.314558424004359e-07	1.417088e-01
1.324558424004359e-07	1.417088e-01
1.334558424004359e-07	1.417088e-01
1.344558424004359e-07	1.417088e-01
1.354558424004359e-07	1.417088e-01
1.364558424004359e-07	1.417088e-01
1.374558424004359e-07	1.417088e-01
1.384558424004359e-07	1.417088e-01
1.394558424004359e-07	1.417088e-01
1.404558424004359e-07	1.417087e-01
1.414558424004359e-07	1.417087e-01
1.424558424004359e-07	1.417087e-01
1.434558424004359e-07	1.417087e-01
1.444558424004358e-07	1.417087e-01
1.454558424004358e-07	1.417086e-01
1.464558424004358e-07	1.417086e-01
1.474558424004358e-07	1.417086e-01
1.484558424004358e-07	1.417086e-01
1.494558424004358e-07	1.417085e-01
1.504558424004358e-07	1.417085e-01
1.514558424004358e-07	1.417085e-01
1.524558424004358e-07	1.417085e-01
1.534558424004358e-07	1.417085e-01
1.544558424004358e-07	1.417084e-01
1.554558424004358e-07	1.417084e-01
1.564558424004358e-07	1.417084e-01
1.574558424004358e-07	1.417084e-01
1.604558424004358e-07	1.417084e-01
1.614558424004358e-07	1.417083e-01
1.624558424004358e-07	1.417083e-01
1.634558424004358e-07	1.417083e-01
1.644558424004358e-07	1.417083e-01
1.654558424004358e-07	1.417083e-01
1.664558424004358e-07	1.417083e-01
1.674558424004357e-07	1.417083e-01
1.684558424004357e-07	1.417083e-01
1.694558424004357e-07	1.417083e-01
1.704558424004357e-07	1.417083e-01
1.714558424004357e-07	1.417083e-01
1.724558424004357e-07	1.417083e-01
1.734558424004357e-07	1.417083e-01
1.744558424004357e-07	1.417083e-01
1.754558424004357e-07	1.417083e-01
1.764558424004357e-07	1.417083e-01
1.774558424004357e-07	1.417084e-01
1.784558424004357e-07	1.417084e-01
1.794558424004357e-07	1.417084e-01
1.804558424004357e-07	1.417084e-01
1.814558424004357e-07	1.417084e-01
1.824558424004357e-07	1.417084e-01
1.834558424004357e-07	1.417084e-01
1.844558424004357e-07	1.417084e-01
1.864558424004357e-07	1.417084e-01
1.884558424004357e-07	1.417084e-01
1.914558424004356e-07	1.417084e-01
1.923129852575785e-07	1.417084e-01
1.931701281147214e-07	1.417084e-01
1.940272709718642e-07	1.417084e-01
1.948844138290071e-07	1.417084e-01
1.957415566861499e-07	1.417084e-01
1.965986995432928e-07	1.417084e-01
1.974558424004356e-07	1.417084e-01
1.984558424004356e-07	1.417084e-01
1.994558424004356e-07	1.417084e-01
2.004558424004356e-07	1.417084e-01
2.014558424004356e-07	1.417084e-01
2.024558424004356e-07	1.417084e-01
2.034558424004356e-07	1.417084e-01
2.044558424004356e-07	1.417084e-01
2.054558424004356e-07	1.417084e-01
2.064558424004356e-07	1.417084e-01
2.074558424004356e-07	1.417084e-01
2.084558424004356e-07	1.417084e-01
2.094558424004356e-07	1.417084e-01
2.104558424004356e-07	1.417084e-01
2.114558424004356e-07	1.417084e-01
2.124558424004356e-07	1.417084e-01
2.144558424004355e-07	1.417084e-01
2.164558424004355e-07	1.417084e-01
2.184558424004355e-07	1.417084e-01
2.214558424004355e-07	1.417084e-01
2.294558424004355e-07	1.417084e-01
2.324558424004355e-07	1.417084e-01
2.344558424004355e-07	1.417084e-01
2.364558424004355e-07	1.417084e-01
2.384558424004354e-07	1.417084e-01
2.404558424004355e-07	1.417084e-01
2.424558424004355e-07	1.417084e-01
2.454558424004356e-07	1.417084e-01
2.484558424004357e-07	1.417084e-01
2.514558424004357e-07	1.417084e-01
2.531701281147215e-07	1.417084e-01
2.548844138290072e-07	1.417084e-01
2.565986995432930e-07	1.417084e-01
2.583129852575788e-07	1.417084e-01
2.600272709718645e-07	1.417084e-01
2.617415566861503e-07	1.417084e-01
2.634558424004360e-07	1.417084e-01
2.664558424004361e-07	1.417084e-01
2.694558424004361e-07	1.417084e-01
2.724558424004362e-07	1.417084e-01
2.754558424004363e-07	1.417084e-01
2.784558424004363e-07	1.417084e-01
2.814558424004364e-07	1.417084e-01
2.844558424004365e-07	1.417084e-01
2.871701281147222e-07	1.417084e-01
2.898844138290080e-07	1.417084e-01
2.925986995432938e-07	1.417084e-01
2.953129852575796e-07	1.417084e-01
2.980272709718654e-07	1.417084e-01
3.007415566861511e-07	1.417084e-01
3.034558424004369e-07	1.417084e-01
3.071701281147227e-07	1.417084e-01
3.108844138290085e-07	1.417084e-01
3.145986995432943e-07	1.417084e-01
3.183129852575801e-07	1.417084e-01
3.220272709718659e-07	1.417084e-01
3.257415566861517e-07	1.417084e-01
3.294558424004375e-07	1.417084e-01
3.355986995432947e-07	1.417084e-01
3.417415566861520e-07	1.417084e-01
3.478844138290093e-07	1.417084e-01
3.540272709718666e-07	1.417084e-01
3.601701281147239e-07	1.417084e-01
3.663129852575812e-07	1.417084e-01
3.724558424004384e-07	1.417084e-01
4.453129852575798e-07	1.417084e-01
5.181701281147213e-07	1.417084e-01
5.910272709718627e-07	1.417084e-01
6.638844138290041e-07	1.417084e-01
7.367415566861455e-07	1.417084e-01
8.095986995432870e-07	1.417084e-01
8.824558424004283e-07	1.417084e-01
8.834558424004283e-07	1.417084e-01
1.002994700000000e-06	1.417084e-01
1.002996700000000e-06	1.417084e-01
1.003000700000000e-06	1.417084e-01
1.003003527556214e-06	1.417084e-01
1.003006296177135e-06	1.417084e-01
1.003011833418979e-06	1.417084e-01
1.003014700000000e-06	1.417084e-01
1.003018022345106e-06	1.417084e-01
1.003022452138580e-06	1.417084e-01
1.003031311725530e-06	1.417084e-01
1.003033100000000e-06	1.417084e-01
1.003034871917390e-06	1.417084e-01
1.003038415752169e-06	1.417084e-01
1.003045503421729e-06	1.417084e-01
1.003059678760847e-06	1.417084e-01
1.003088029439085e-06	1.417084e-01
1.003101500000000e-06	1.417085e-01
1.003103500000000e-06	1.417085e-01
1.003107500000000e-06	1.417085e-01
1.003115500000000e-06	1.417085e-01
1.003121500000000e-06	1.417086e-01
1.003131141697078e-06	1.417087e-01
1.003142160779453e-06	1.417088e-01
1.003164198944203e-06	1.417091e-01
1.003208275273703e-06	1.417102e-01
1.003296427932704e-06	1.417140e-01
1.003464076891238e-06	1.417261e-01
1.003625240744953e-06	1.417481e-01
1.003841595635344e-06	1.418206e-01
1.004055857818012e-06	1.420041e-01
1.004346441506674e-06	1.424924e-01
1.004657053234618e-06	1.433111e-01
1.004826717904969e-06	1.460900e-01
1.004935820433399e-06	1.561534e-01
1.005026912143416e-06	1.809963e-01
1.005136955046143e-06	2.390770e-01
1.005276446525902e-06	3.586515e-01
1.005463584946364e-06	6.115693e-01
1.005756451168401e-06	1.184181e+00
1.006086001014641e-06	1.977427e+00
1.006243242422993e-06	2.361631e+00
1.006371049248310e-06	2.618801e+00
1.006544253074254e-06	2.866274e+00
1.006697027315085e-06	3.008171e+00
1.006821057880728e-06	3.075168e+00
1.006944096944491e-06	3.111153e+00
1.007087049957419e-06	3.132483e+00
1.007215814426295e-06	3.141558e+00
1.007371395778709e-06	3.146393e+00
1.007813056540044e-06	3.151161e+00
1.008182640774348e-06	3.152894e+00
1.008863971502441e-06	3.154660e+00
1.009863971502441e-06	3.155821e+00
1.010863971502441e-06	3.156130e+00
1.011863971502441e-06	3.156147e+00
1.012863971502441e-06	3.156146e+00
1.013863971502441e-06	3.156146e+00
1.014863971502441e-06	3.156146e+00
1.015863971502441e-06	3.156146e+00
1.016863971502441e-06	3.156146e+00
1.017863971502441e-06	3.156146e+00
1.018863971502441e-06	3.156146e+00
1.019544411940002e-06	3.156146e+00
1.020169036457604e-06	3.156145e+00
1.020822416286892e-06	3.156144e+00
1.021822416286892e-06	3.156139e+00
1.022822416286892e-06	3.156101e+00
1.023822416286892e-06	3.155663e+00
1.024822416286892e-06	3.135245e+00
1.025114922209067e-06	3.065135e+00
1.025286243875496e-06	2.928661e+00
1.025444484868423e-06	2.719978e+00
1.025593630117424e-06	2.491337e+00
1.025748884440476e-06	2.242667e+00
1.026031558902641e-06	1.786632e+00
1.026296844749498e-06	1.372030e+00
1.026584106511335e-06	9.525942e-01
1.026784070570360e-06	6.893869e-01
1.027076278720707e-06	3.519454e-01
1.027204601314723e-06	2.373119e-01
1.027311625275180e-06	1.786865e-01
1.027411185309640e-06	1.528430e-01
1.027519901894992e-06	1.443146e-01
1.027601121190864e-06	1.432360e-01
1.027691332585620e-06	1.430096e-01
1.027860639725375e-06	1.426766e-01
1.028189829880455e-06	1.422237e-01
1.028685060944793e-06	1.418959e-01
1.029675523073470e-06	1.417323e-01
1.030675523073470e-06	1.417104e-01
1.031675523073470e-06	1.417067e-01
1.032675523073470e-06	1.417059e-01
1.033675523073470e-06	1.417061e-01
1.034675523073470e-06	1.417062e-01
1.035675523073470e-06	1.417063e-01
1.036675523073470e-06	1.417063e-01
1.037675523073470e-06	1.417064e-01
1.038675523073470e-06	1.417063e-01
1.039675523073470e-06	1.417063e-01
1.040675523073470e-06	1.417063e-01
1.041675523073471e-06	1.417063e-01
1.042675523073471e-06	1.417063e-01
1.043675523073471e-06	1.417063e-01
1.044675523073471e-06	1.417064e-01
1.045675523073471e-06	1.417064e-01
1.046675523073471e-06	1.417064e-01
1.047675523073471e-06	1.417065e-01
1.048675523073471e-06	1.417065e-01
1.049675523073471e-06	1.417066e-01
1.050675523073471e-06	1.417066e-01
1.051675523073471e-06	1.417067e-01
1.052675523073471e-06	1.417070e-01
1.053663820624300e-06	1.417073e-01
1.054637781993860e-06	1.417077e-01
1.055637781993860e-06	1.417082e-01
1.056637781993860e-06	1.417087e-01
1.057637781993860e-06	1.417094e-01
1.058637781993860e-06	1.417103e-01
1.059637781993860e-06	1.417112e-01
1.060637781993860e-06	1.417124e-01
1.061637781993860e-06	1.417139e-01
1.062637781993860e-06	1.417156e-01
1.063637781993860e-06	1.417176e-01
1.064637781993860e-06	1.417201e-01
1.065637781993860e-06	1.417232e-01
1.066637781993860e-06	1.417273e-01
1.067637781993860e-06	1.417332e-01
1.068637781993861e-06	1.417462e-01
1.069637781993861e-06	1.418479e-01
1.070637781993861e-06	1.422622e-01
1.071087793215814e-06	1.446185e-01
1.071364713366561e-06	1.581451e-01
1.071529400121952e-06	1.918230e-01
1.071710583519014e-06	2.714109e-01
1.071899284226968e-06	4.051354e-01
1.072153622441533e-06	6.672730e-01
1.072422203555253e-06	1.057201e+00
1.072765018808961e-06	1.706888e+00
1.073000781565330e-06	2.219337e+00
1.073144353638619e-06	2.528399e+00
1.073276106388342e-06	2.772901e+00
1.073388215665234e-06	2.927534e+00
1.073517995471480e-06	3.041856e+00
1.073607786236194e-06	3.087753e+00
1.073699553609893e-06	3.113265e+00
1.073806399527613e-06	3.129827e+00
1.073929618322478e-06	3.139701e+00
1.074069365724168e-06	3.145030e+00
1.074465157951718e-06	3.150135e+00
1.075349192603879e-06	3.153677e+00
1.076349192603879e-06	3.155378e+00
1.077349192603879e-06	3.156025e+00
1.078349192603879e-06	3.156127e+00
1.079349192603879e-06	3.156128e+00
1.080349192603879e-06	3.156124e+00
1.081349192603879e-06	3.156119e+00
1.082349192603880e-06	3.156112e+00
1.083349192603880e-06	3.156095e+00
1.084349192603880e-06	3.155993e+00
1.085349192603880e-06	3.155608e+00
1.085804306729603e-06	3.155118e+00
1.086083101663717e-06	3.152341e+00
1.086244349114088e-06	3.137337e+00
1.086341664637916e-06	3.100442e+00
1.086446112514128e-06	3.021407e+00
1.086553868901590e-06	2.910476e+00
1.086671705787368e-06	2.765495e+00
1.086884067690060e-06	2.473377e+00
1.087154424705851e-06	2.081763e+00
1.087465495762296e-06	1.626752e+00
1.087700853971225e-06	1.297716e+00
1.087965778222494e-06	9.569227e-01
1.088137557772071e-06	7.540582e-01
1.088392432462039e-06	4.787599e-01
1.088596421441881e-06	2.874133e-01
1.088708405210371e-06	2.113044e-01
1.088834701869707e-06	1.630007e-01
1.088944819884250e-06	1.458470e-01
1.089041125176434e-06	1.429628e-01
1.089135160341450e-06	1.428717e-01
1.089528999237093e-06	1.424030e-01
1.089922838132736e-06	1.420355e-01
1.090316677028378e-06	1.417691e-01
1.090710515924021e-06	1.416038e-01
1.091104354819663e-06	1.415396e-01
1.091498193715306e-06	1.415765e-01
1.091892032610948e-06	1.417146e-01
1.093892032610948e-06	1.417082e-01
1.094892032610949e-06	1.417080e-01
1.095892032610949e-06	1.417080e-01
1.096892032610949e-06	1.417079e-01
1.097892032610949e-06	1.417079e-01
1.098892032610949e-06	1.417078e-01
1.099892032610949e-06	1.417078e-01
1.100892032610949e-06	1.417078e-01
1.101892032610949e-06	1.417078e-01
1.102892032610949e-06	1.417077e-01
1.103892032610949e-06	1.417078e-01
1.104892032610949e-06	1.417078e-01
1.105892032610949e-06	1.417078e-01
1.106892032610949e-06	1.417078e-01
1.107892032610950e-06	1.417078e-01
1.108892032610950e-06	1.417079e-01
1.109892032610950e-06	1.417079e-01
1.110892032610950e-06	1.417079e-01
1.111892032610950e-06	1.417080e-01
1.112892032610950e-06	1.417080e-01
1.113892032610950e-06	1.417081e-01
1.114892032610950e-06	1.417081e-01
1.115892032610950e-06	1.417082e-01
1.116892032610950e-06	1.417082e-01
1.117892032610950e-06	1.417082e-01
1.118892032610950e-06	1.417082e-01
1.119892032610950e-06	1.417083e-01
1.121892032610951e-06	1.417085e-01
1.123892032610951e-06	1.417086e-01
1.126892032610951e-06	1.417087e-01
1.128892032610951e-06	1.417088e-01
1.129892032610951e-06	1.417088e-01
1.130892032610951e-06	1.417088e-01
1.131892032610951e-06	1.417088e-01
1.132892032610951e-06	1.417088e-01
1.133892032610951e-06	1.417088e-01
1.134892032610952e-06	1.417089e-01
1.135892032610952e-06	1.417089e-01
1.136892032610952e-06	1.417088e-01
1.137892032610952e-06	1.417088e-01
1.138892032610952e-06	1.417088e-01
1.139892032610952e-06	1.417088e-01
1.140892032610952e-06	1.417088e-01
1.141892032610952e-06	1.417088e-01
1.142892032610952e-06	1.417088e-01
1.143892032610952e-06	1.417088e-01
1.144892032610952e-06	1.417087e-01
1.145892032610952e-06	1.417087e-01
1.146892032610952e-06	1.417087e-01
1.147892032610953e-06	1.417086e-01
1.148892032610953e-06	1.417085e-01
1.149892032610953e-06	1.417085e-01
1.150892032610953e-06	1.417085e-01
1.151892032610953e-06	1.417086e-01
1.152892032610953e-06	1.417086e-01
1.153892032610953e-06	1.417086e-01
1.154892032610953e-06	1.417086e-01
1.155892032610953e-06	1.417085e-01
1.156892032610953e-06	1.417085e-01
1.157892032610953e-06	1.417085e-01
1.160892032610954e-06	1.417085e-01
1.162892032610954e-06	1.417085e-01
1.163892032610954e-06	1.417085e-01
1.164892032610954e-06	1.417084e-01
1.165892032610954e-06	1.417084e-01
1.166892032610954e-06	1.417084e-01
1.167892032610954e-06	1.417084e-01
1.168892032610954e-06	1.417084e-01
1.169892032610954e-06	1.417084e-01
1.170892032610954e-06	1.417084e-01
1.171892032610954e-06	1.417084e-01
1.172892032610954e-06	1.417084e-01
1.173892032610954e-06	1.417084e-01
1.174892032610955e-06	1.417084e-01
1.175892032610955e-06	1.417085e-01
1.176892032610955e-06	1.417085e-01
1.177892032610955e-06	1.417085e-01
1.178892032610955e-06	1.417085e-01
1.179892032610955e-06	1.417085e-01
1.180892032610955e-06	1.417085e-01
1.181892032610955e-06	1.417085e-01
1.182892032610955e-06	1.417085e-01
1.183892032610955e-06	1.417085e-01
1.185892032610955e-06	1.417085e-01
1.187892032610956e-06	1.417085e-01
1.190892032610956e-06	1.417085e-01
1.191892032610956e-06	1.417085e-01
1.192892032610956e-06	1.417085e-01
1.193892032610956e-06	1.417084e-01
1.194892032610956e-06	1.417085e-01
1.195892032610956e-06	1.417085e-01
1.196892032610956e-06	1.417085e-01
1.197892032610956e-06	1.417085e-01
1.198892032610956e-06	1.417085e-01
1.199892032610956e-06	1.417085e-01
1.200892032610957e-06	1.417085e-01
1.201892032610957e-06	1.417085e-01
1.202892032610957e-06	1.417085e-01
1.203892032610957e-06	1.417085e-01
1.204892032610957e-06	1.417085e-01
1.205892032610957e-06	1.417085e-01
1.206892032610957e-06	1.417085e-01
1.207892032610957e-06	1.417085e-01
1.208892032610957e-06	1.417085e-01
1.209892032610957e-06	1.417085e-01
1.210892032610957e-06	1.417085e-01
1.211892032610957e-06	1.417085e-01
1.213892032610957e-06	1.417085e-01
1.215892032610958e-06	1.417085e-01
1.217892032610958e-06	1.417085e-01
1.220892032610958e-06	1.417085e-01
1.222177746896672e-06	1.417085e-01
1.223463461182387e-06	1.417085e-01
1.224749175468101e-06	1.417085e-01
1.226034889753816e-06	1.417085e-01
1.227320604039530e-06	1.417085e-01
1.228606318325244e-06	1.417085e-01
1.229892032610959e-06	1.417085e-01
1.232892032610959e-06	1.417085e-01
1.234892032610959e-06	1.417085e-01
1.236892032610959e-06	1.417085e-01
1.238892032610959e-06	1.417085e-01
1.240892032610960e-06	1.417085e-01
1.243892032610960e-06	1.417085e-01
1.246892032610960e-06	1.417085e-01
1.249892032610960e-06	1.417085e-01
1.251606318325246e-06	1.417085e-01
1.253320604039532e-06	1.417085e-01
1.255034889753818e-06	1.417085e-01
1.256749175468104e-06	1.417085e-01
1.258463461182390e-06	1.417085e-01
1.260177746896675e-06	1.417085e-01
1.261892032610961e-06	1.417085e-01
1.265320604039533e-06	1.417085e-01
1.268749175468105e-06	1.417085e-01
1.272177746896676e-06	1.417085e-01
1.275606318325248e-06	1.417085e-01
1.279034889753819e-06	1.417085e-01
1.282463461182391e-06	1.417085e-01
1.285892032610963e-06	1.417085e-01
1.289034889753820e-06	1.417085e-01
1.292177746896678e-06	1.417085e-01
1.295320604039535e-06	1.417085e-01
1.298463461182393e-06	1.417085e-01
1.301606318325250e-06	1.417085e-01
1.304749175468107e-06	1.417085e-01
1.307892032610965e-06	1.417085e-01
1.311892032610965e-06	1.417085e-01
1.315892032610965e-06	1.417085e-01
1.319892032610965e-06	1.417085e-01
1.323892032610966e-06	1.417085e-01
1.327892032610966e-06	1.417085e-01
1.331892032610966e-06	1.417085e-01
1.335892032610967e-06	1.417085e-01
1.342606318325253e-06	1.417085e-01
1.349320604039539e-06	1.417085e-01
1.356034889753825e-06	1.417085e-01
1.362749175468112e-06	1.417085e-01
1.369463461182398e-06	1.417085e-01
1.376177746896684e-06	1.417085e-01
1.382892032610970e-06	1.417085e-01
1.443034889753832e-06	1.417085e-01
1.503177746896693e-06	1.417084e-01
1.563320604039555e-06	1.417084e-01
1.623463461182417e-06	1.417084e-01
1.683606318325279e-06	1.417084e-01
1.743749175468140e-06	1.417084e-01
1.803892032611002e-06	1.417084e-01
1.804892032611002e-06	1.417084e-01
2.002560900000000e-06	1.417082e-01
2.002562241734881e-06	1.417083e-01
2.002564925204641e-06	1.417084e-01
2.002566853078902e-06	1.417084e-01
2.002568749024440e-06	1.417084e-01
2.002572540915515e-06	1.417084e-01
2.002580124697665e-06	1.417084e-01
2.002580900000000e-06	1.417084e-01
2.002581200000000e-06	1.417084e-01
2.002582485714286e-06	1.417084e-01
2.002583771428571e-06	1.417084e-01
2.002585057142857e-06	1.417084e-01
2.002586342857143e-06	1.417084e-01
2.002587628571429e-06	1.417084e-01
2.002588914285714e-06	1.417084e-01
2.002590200000000e-06	1.417084e-01
2.002591700000000e-06	1.417084e-01
2.002593700000000e-06	1.417084e-01
2.002595200000000e-06	1.417084e-01
2.002598000000000e-06	1.417084e-01
2.002601200000000e-06	1.417084e-01
2.002605800000000e-06	1.417084e-01
2.002606300000000e-06	1.417084e-01
2.002608100000000e-06	1.417084e-01
2.002609700000000e-06	1.417084e-01
2.002610042857143e-06	1.417084e-01
2.002610385714286e-06	1.417084e-01
2.002610728571429e-06	1.417084e-01
2.002611071428571e-06	1.417084e-01
2.002611414285714e-06	1.417084e-01
2.002611757142857e-06	1.417084e-01
2.002612100000000e-06	1.417084e-01
2.002612600000000e-06	1.417084e-01
2.002613100000000e-06	1.417084e-01
2.002613600000000e-06	1.417084e-01
2.002614100000000e-06	1.417084e-01
2.002614600000000e-06	1.417084e-01
2.002615100000000e-06	1.417084e-01
2.002615600000000e-06	1.417084e-01
2.002616800000000e-06	1.417084e-01
2.002618000000000e-06	1.417084e-01
2.002619200000000e-06	1.417084e-01
2.002620400000000e-06	1.417084e-01
2.002621600000000e-06	1.417084e-01
2.002622800000000e-06	1.417084e-01
2.002624000000000e-06	1.417084e-01
2.002625900000000e-06	1.417084e-01
2.002628100000000e-06	1.417084e-01
2.002629000000000e-06	1.417084e-01
2.002630306285715e-06	1.417084e-01
2.002631612571430e-06	1.417084e-01
2.002632918857144e-06	1.417084e-01
2.002634225142859e-06	1.417084e-01
2.002635531428574e-06	1.417084e-01
2.002636837714289e-06	1.417084e-01
2.002638144000003e-06	1.417084e-01
2.002642900000000e-06	1.417084e-01
2.002651400000000e-06	1.417085e-01
2.002652800000000e-06	1.417085e-01
2.002653360000000e-06	1.417085e-01
2.002653600000000e-06	1.417085e-01
2.002654071428571e-06	1.417085e-01
2.002654542857143e-06	1.417085e-01
2.002655014285714e-06	1.417085e-01
2.002655485714286e-06	1.417085e-01
2.002655957142857e-06	1.417085e-01
2.002656428571429e-06	1.417085e-01
2.002656900000000e-06	1.417085e-01
2.002657110000000e-06	1.417085e-01
2.002657390000001e-06	1.417085e-01
2.002657600000000e-06	1.417085e-01
2.002658104000000e-06	1.417085e-01
2.002658608000000e-06	1.417085e-01
2.002659112000000e-06	1.417085e-01
2.002659616000000e-06	1.417085e-01
2.002660120000001e-06	1.417085e-01
2.002660624000000e-06	1.417085e-01
2.002661128000000e-06	1.417085e-01
2.002664712000000e-06	1.417085e-01
2.002665700000000e-06	1.417085e-01
2.002666960000000e-06	1.417085e-01
2.002668640000000e-06	1.417086e-01
2.002669900000000e-06	1.417086e-01
2.002670908000000e-06	1.417086e-01
2.002672252000000e-06	1.417086e-01
2.002674940000000e-06	1.417086e-01
2.002680316000000e-06	1.417086e-01
2.002681500000000e-06	1.417086e-01
2.002682160000000e-06	1.417086e-01
2.002683700000000e-06	1.417087e-01
2.002684932000000e-06	1.417087e-01
2.002686340000000e-06	1.417087e-01
2.002689156000000e-06	1.417087e-01
2.002694788000000e-06	1.417088e-01
2.002696200000000e-06	1.417088e-01
2.002697040000000e-06	1.417088e-01
2.002698160000000e-06	1.417088e-01
2.002699000000000e-06	1.417088e-01
2.002700900000000e-06	1.417089e-01
2.002701900000000e-06	1.417089e-01
2.002703171428572e-06	1.417089e-01
2.002704442857143e-06	1.417089e-01
2.002705714285714e-06	1.417089e-01
2.002706985714286e-06	1.417089e-01
2.002708257142857e-06	1.417090e-01
2.002709528571428e-06	1.417090e-01
2.002710800000000e-06	1.417090e-01
2.002714384000000e-06	1.417090e-01
2.002718900000000e-06	1.417091e-01
2.002721357599999e-06	1.417092e-01
2.002724634399999e-06	1.417092e-01
2.002731187999997e-06	1.417093e-01
2.002738900000000e-06	1.417095e-01
2.002750696479998e-06	1.417098e-01
2.002762492959996e-06	1.417101e-01
2.002774289439994e-06	1.417104e-01
2.002786085919991e-06	1.417108e-01
2.002797882399989e-06	1.417113e-01
2.002809678879987e-06	1.417117e-01
2.002821475359985e-06	1.417123e-01
2.002905361439969e-06	1.417171e-01
2.003073133599938e-06	1.417319e-01
2.003241857479164e-06	1.417602e-01
2.003459283349578e-06	1.418479e-01
2.003655033066704e-06	1.420352e-01
2.003917165767669e-06	1.424980e-01
2.004221497407058e-06	1.433069e-01
2.004382059068459e-06	1.460537e-01
2.004489494261338e-06	1.562274e-01
2.004580953994084e-06	1.812972e-01
2.004689945916483e-06	2.385804e-01
2.004830722048611e-06	3.586049e-01
2.005023045884556e-06	6.168309e-01
2.005318719861784e-06	1.191260e+00
2.005641317090786e-06	1.966180e+00
2.005794031642071e-06	2.342142e+00
2.005920302387252e-06	2.601407e+00
2.006096829957494e-06	2.860449e+00
2.006253815361788e-06	3.008747e+00
2.006380927435984e-06	3.077127e+00
2.006505732193174e-06	3.112882e+00
2.006644388372895e-06	3.132949e+00
2.006774080994314e-06	3.141786e+00
2.006928622670399e-06	3.146480e+00
2.007109432870908e-06	3.149138e+00
2.007373055949101e-06	3.151206e+00
2.007751410968890e-06	3.152953e+00
2.008443442957250e-06	3.154712e+00
2.009443442957250e-06	3.155838e+00
2.010443442957250e-06	3.156131e+00
2.011443442957250e-06	3.156147e+00
2.012443442957250e-06	3.156146e+00
2.013443442957250e-06	3.156146e+00
2.014443442957250e-06	3.156146e+00
2.015443442957250e-06	3.156146e+00
2.016443442957250e-06	3.156146e+00
2.017443442957250e-06	3.156146e+00
2.018082537894384e-06	3.156146e+00
2.018907951661434e-06	3.156146e+00
2.019413357173609e-06	3.156146e+00
2.020049092177173e-06	3.156145e+00
2.021049092177173e-06	3.156141e+00
2.022049092177173e-06	3.156094e+00
2.023049092177173e-06	3.155587e+00
2.024049092177173e-06	3.118788e+00
2.024330166805767e-06	3.023319e+00
2.024503667518583e-06	2.859850e+00
2.024679614302982e-06	2.612662e+00
2.024853922167200e-06	2.339418e+00
2.025041688627683e-06	2.036358e+00
2.025286074846228e-06	1.644087e+00
2.025573162159260e-06	1.204616e+00
2.025853454080397e-06	8.099851e-01
2.026069103195191e-06	5.436407e-01
2.026344202832288e-06	2.629520e-01
2.026455408357384e-06	1.885691e-01
2.026577077379623e-06	1.525619e-01
2.026658955496935e-06	1.447722e-01
2.026738594422269e-06	1.434902e-01
2.026826972783376e-06	1.431029e-01
2.026992236719524e-06	1.427335e-01
2.027322764591821e-06	1.422819e-01
2.027983820336414e-06	1.418790e-01
2.028983820336414e-06	1.417262e-01
2.029983820336414e-06	1.417098e-01
2.030983820336414e-06	1.417067e-01
2.031983820336414e-06	1.417060e-01
2.032983820336414e-06	1.417060e-01
2.033983820336414e-06	1.417061e-01
2.034983820336414e-06	1.417061e-01
2.035983820336414e-06	1.417061e-01
2.036983820336414e-06	1.417061e-01
2.037983820336414e-06	1.417061e-01
2.038983820336414e-06	1.417061e-01
2.039983820336415e-06	1.417061e-01
2.040983820336415e-06	1.417061e-01
2.041983820336415e-06	1.417061e-01
2.042983820336415e-06	1.417061e-01
2.043983820336415e-06	1.417061e-01
2.044983820336415e-06	1.417061e-01
2.045983820336415e-06	1.417061e-01
2.046983820336415e-06	1.417062e-01
2.047983820336415e-06	1.417062e-01
2.048983820336415e-06	1.417063e-01
2.049983820336415e-06	1.417064e-01
2.050983820336415e-06	1.417066e-01
2.051983820336415e-06	1.417068e-01
2.052983820336415e-06	1.417072e-01
2.053983820336416e-06	1.417078e-01
2.054983820336416e-06	1.417085e-01
2.055983820336416e-06	1.417095e-01
2.056983820336416e-06	1.417110e-01
2.057983820336416e-06	1.417132e-01
2.058983820336416e-06	1.417169e-01
2.059983820336416e-06	1.417259e-01
2.060983820336416e-06	1.418057e-01
2.061983820336416e-06	1.421878e-01
2.062450644453330e-06	1.429640e-01
2.062735364713739e-06	1.521284e-01
2.062900693332520e-06	1.805176e-01
2.063047912131277e-06	2.412130e-01
2.063200099386580e-06	3.476859e-01
2.063411063200295e-06	5.695459e-01
2.063678625668675e-06	9.733109e-01
2.063989941835822e-06	1.597358e+00
2.064251270880474e-06	2.205613e+00
2.064390020547974e-06	2.523091e+00
2.064512691139165e-06	2.759905e+00
2.064621971083493e-06	2.914975e+00
2.064736614963786e-06	3.019243e+00
2.064852237984510e-06	3.081285e+00
2.064958631451468e-06	3.112930e+00
2.065075694273558e-06	3.131064e+00
2.065196557608399e-06	3.140390e+00
2.065341235677527e-06	3.145603e+00
2.065748526328438e-06	3.150624e+00
2.066087999089488e-06	3.152382e+00
2.066666787004066e-06	3.154122e+00
2.067666787004066e-06	3.155620e+00
2.068666787004066e-06	3.156101e+00
2.069666787004066e-06	3.156143e+00
2.070666787004066e-06	3.156142e+00
2.071666787004067e-06	3.156141e+00
2.072666787004067e-06	3.156141e+00
2.073666787004067e-06	3.156140e+00
2.074666787004067e-06	3.156139e+00
2.075666787004067e-06	3.156138e+00
2.076666787004067e-06	3.156137e+00
2.077666787004067e-06	3.156136e+00
2.078666787004067e-06	3.156134e+00
2.079666787004067e-06	3.156131e+00
2.080666787004067e-06	3.156128e+00
2.081666787004067e-06	3.156123e+00
2.082666787004067e-06	3.156115e+00
2.083666787004067e-06	3.156095e+00
2.084666787004067e-06	3.155944e+00
2.085666787004068e-06	3.155417e+00
2.086047227079939e-06	3.154905e+00
2.086289572626334e-06	3.149177e+00
2.086428890429079e-06	3.127778e+00
2.086515677692221e-06	3.086244e+00
2.086615603092928e-06	3.001753e+00
2.086728167370037e-06	2.878653e+00
2.086844953196828e-06	2.728765e+00
2.087078524850408e-06	2.397645e+00
2.087336000497477e-06	2.017201e+00
2.087597817871520e-06	1.628892e+00
2.087839986464013e-06	1.285754e+00
2.088105548144280e-06	9.383126e-01
2.088281828935051e-06	7.268648e-01
2.088545052049131e-06	4.387135e-01
2.088709664880617e-06	2.846262e-01
2.088820424435333e-06	2.118844e-01
2.088964753664613e-06	1.607081e-01
2.089084580243176e-06	1.446448e-01
2.089167048297438e-06	1.428571e-01
2.089382474638929e-06	1.426588e-01
2.090445766179902e-06	1.418008e-01
2.091372526557875e-06	1.417243e-01
2.092372526557875e-06	1.417104e-01
2.093372526557875e-06	1.417074e-01
2.094372526557875e-06	1.417071e-01
2.095372526557875e-06	1.417072e-01
2.096372526557875e-06	1.417074e-01
2.097372526557875e-06	1.417074e-01
2.098372526557875e-06	1.417074e-01
2.099372526557875e-06	1.417073e-01
2.100372526557875e-06	1.417074e-01
2.101372526557875e-06	1.417073e-01
2.102372526557875e-06	1.417074e-01
2.103372526557876e-06	1.417074e-01
2.104372526557876e-06	1.417074e-01
2.105372526557876e-06	1.417074e-01
2.106372526557876e-06	1.417075e-01
2.107372526557876e-06	1.417075e-01
2.108372526557876e-06	1.417075e-01
2.109372526557876e-06	1.417076e-01
2.110372526557876e-06	1.417076e-01
2.111372526557876e-06	1.417077e-01
2.112372526557876e-06	1.417077e-01
2.113372526557876e-06	1.417078e-01
2.114372526557876e-06	1.417079e-01
2.115372526557876e-06	1.417080e-01
2.116372526557876e-06	1.417080e-01
2.117372526557877e-06	1.417081e-01
2.118372526557877e-06	1.417082e-01
2.119372526557877e-06	1.417082e-01
2.121372526557877e-06	1.417084e-01
2.123372526557877e-06	1.417085e-01
2.125372526557877e-06	1.417086e-01
2.127372526557877e-06	1.417087e-01
2.128372526557877e-06	1.417088e-01
2.129372526557877e-06	1.417088e-01
2.130372526557878e-06	1.417088e-01
2.131372526557878e-06	1.417089e-01
2.132372526557878e-06	1.417089e-01
2.133372526557878e-06	1.417089e-01
2.134372526557878e-06	1.417089e-01
2.135372526557878e-06	1.417089e-01
2.136372526557878e-06	1.417089e-01
2.137372526557878e-06	1.417089e-01
2.138372526557878e-06	1.417088e-01
2.139372526557878e-06	1.417088e-01
2.140372526557878e-06	1.417088e-01
2.141372526557878e-06	1.417088e-01
2.142372526557878e-06	1.417087e-01
2.143372526557879e-06	1.417087e-01
2.144372526557879e-06	1.417087e-01
2.145372526557879e-06	1.417086e-01
2.146372526557879e-06	1.417086e-01
2.147372526557879e-06	1.417086e-01
2.148372526557879e-06	1.417086e-01
2.149372526557879e-06	1.417085e-01
2.150372526557879e-06	1.417085e-01
2.151372526557879e-06	1.417085e-01
2.152372526557879e-06	1.417085e-01
2.153372526557879e-06	1.417084e-01
2.154372526557879e-06	1.417084e-01
2.155372526557879e-06	1.417084e-01
2.157372526557880e-06	1.417084e-01
2.159372526557880e-06	1.417083e-01
2.160372526557880e-06	1.417083e-01
2.161372526557880e-06	1.417083e-01
2.162372526557880e-06	1.417083e-01
2.163372526557880e-06	1.417083e-01
2.164372526557880e-06	1.417083e-01
2.165372526557880e-06	1.417083e-01
2.166372526557880e-06	1.417083e-01
2.167372526557880e-06	1.417083e-01
2.168372526557880e-06	1.417083e-01
2.169372526557880e-06	1.417083e-01
2.170372526557881e-06	1.417083e-01
2.171372526557881e-06	1.417083e-01
2.172372526557881e-06	1.417083e-01
2.173372526557881e-06	1.417083e-01
2.174372526557881e-06	1.417083e-01
2.175372526557881e-06	1.417083e-01
2.176372526557881e-06	1.417083e-01
2.177372526557881e-06	1.417083e-01
2.178372526557881e-06	1.417083e-01
2.179372526557881e-06	1.417083e-01
2.180372526557881e-06	1.417083e-01
2.181372526557881e-06	1.417084e-01
2.182372526557881e-06	1.417084e-01
2.183372526557882e-06	1.417084e-01
2.185372526557882e-06	1.417084e-01
2.187372526557882e-06	1.417084e-01
2.190372526557882e-06	1.417084e-01
2.191229669415025e-06	1.417084e-01
2.192086812272168e-06	1.417084e-01
2.192943955129311e-06	1.417084e-01
2.193801097986454e-06	1.417084e-01
2.194658240843597e-06	1.417084e-01
2.195515383700740e-06	1.417084e-01
2.196372526557882e-06	1.417084e-01
2.197372526557883e-06	1.417084e-01
2.198372526557883e-06	1.417084e-01
2.199372526557883e-06	1.417084e-01
2.200372526557883e-06	1.417084e-01
2.201372526557883e-06	1.417084e-01
2.202372526557883e-06	1.417084e-01
2.203372526557883e-06	1.417084e-01
2.204372526557883e-06	1.417084e-01
2.205372526557883e-06	1.417084e-01
2.206372526557883e-06	1.417084e-01
2.207372526557883e-06	1.417084e-01
2.208372526557883e-06	1.417084e-01
2.209372526557883e-06	1.417084e-01
2.210372526557884e-06	1.417084e-01
2.211372526557884e-06	1.417084e-01
2.212372526557884e-06	1.417084e-01
2.214372526557884e-06	1.417084e-01
2.216372526557884e-06	1.417084e-01
2.218372526557884e-06	1.417084e-01
2.221372526557884e-06	1.417084e-01
2.222515383700742e-06	1.417084e-01
2.223658240843599e-06	1.417084e-01
2.224801097986456e-06	1.417084e-01
2.225943955129313e-06	1.417084e-01
2.227086812272171e-06	1.417084e-01
2.228229669415028e-06	1.417084e-01
2.229372526557885e-06	1.417084e-01
2.231372526557885e-06	1.417084e-01
2.233372526557885e-06	1.417084e-01
2.235372526557885e-06	1.417084e-01
2.237372526557886e-06	1.417084e-01
2.239372526557886e-06	1.417084e-01
2.241372526557886e-06	1.417084e-01
2.243372526557886e-06	1.417084e-01
2.245372526557886e-06	1.417084e-01
2.248372526557886e-06	1.417084e-01
2.251372526557887e-06	1.417084e-01
2.252943955129315e-06	1.417084e-01
2.254515383700744e-06	1.417084e-01
2.256086812272173e-06	1.417084e-01
2.257658240843601e-06	1.417084e-01
2.259229669415030e-06	1.417084e-01
2.260801097986459e-06	1.417084e-01
2.262372526557887e-06	1.417084e-01
2.265372526557888e-06	1.417084e-01
2.268372526557888e-06	1.417084e-01
2.271372526557888e-06	1.417084e-01
2.274372526557888e-06	1.417084e-01
2.277372526557889e-06	1.417084e-01
2.280372526557889e-06	1.417084e-01
2.283372526557889e-06	1.417084e-01
2.285943955129318e-06	1.417084e-01
2.288515383700747e-06	1.417084e-01
2.291086812272175e-06	1.417084e-01
2.293658240843604e-06	1.417084e-01
2.296229669415033e-06	1.417084e-01
2.298801097986462e-06	1.417084e-01
2.301372526557890e-06	1.417084e-01
2.304801097986462e-06	1.417084e-01
2.308229669415034e-06	1.417084e-01
2.311658240843605e-06	1.417084e-01
2.315086812272177e-06	1.417084e-01
2.318515383700749e-06	1.417084e-01
2.321943955129320e-06	1.417084e-01
2.325372526557892e-06	1.417084e-01
2.331229669415035e-06	1.417084e-01
2.337086812272179e-06	1.417084e-01
2.342943955129322e-06	1.417084e-01
2.348801097986466e-06	1.417084e-01
2.354658240843609e-06	1.417084e-01
2.360515383700752e-06	1.417084e-01
2.366372526557895e-06	1.417084e-01
2.589372526557912e-06	1.417084e-01
2.648435794192496e-06	1.417084e-01
2.707499061827080e-06	1.417084e-01
2.766562329461664e-06	1.417084e-01
2.825625597096248e-06	1.417084e-01
2.884688864730832e-06	1.417084e-01
2.943752132365416e-06	1.417084e-01
3.002815400000000e-06	1.417084e-01
3.002816427467512e-06	1.417084e-01
3.002818482402535e-06	1.417084e-01
3.002819670671380e-06	1.417084e-01
3.002820816760120e-06	1.417084e-01
3.002823108937600e-06	1.417084e-01
3.002827693292560e-06	1.417084e-01
3.002835400000000e-06	1.417084e-01
3.002836316870992e-06	1.417084e-01
3.002838150612976e-06	1.417084e-01
3.002841818096944e-06	1.417084e-01
3.002845700000000e-06	1.417084e-01
3.002847400000000e-06	1.417084e-01
3.002848433600000e-06	1.417084e-01
3.002849467200000e-06	1.417084e-01
3.002850500800000e-06	1.417084e-01
3.002851534400000e-06	1.417084e-01
3.002852568000000e-06	1.417084e-01
3.002853601600000e-06	1.417084e-01
3.002854635200000e-06	1.417084e-01
3.002857246400001e-06	1.417084e-01
3.002860728000001e-06	1.417084e-01
3.002862700000000e-06	1.417084e-01
3.002864320000000e-06	1.417084e-01
3.002866480000000e-06	1.417084e-01
3.002868100000000e-06	1.417084e-01
3.002869900000000e-06	1.417084e-01
3.002872900000000e-06	1.417084e-01
3.002879400000000e-06	1.417084e-01
3.002880885714286e-06	1.417084e-01
3.002882371428571e-06	1.417084e-01
3.002883857142857e-06	1.417084e-01
3.002885342857143e-06	1.417084e-01
3.002886828571428e-06	1.417084e-01
3.002888314285714e-06	1.417084e-01
3.002889800000000e-06	1.417084e-01
3.002893928768000e-06	1.417084e-01
3.002898647360001e-06	1.417084e-01
3.002908084544002e-06	1.417085e-01
3.002926958912004e-06	1.417085e-01
3.002939500000000e-06	1.417086e-01
3.002942870000000e-06	1.417086e-01
3.002949610000000e-06	1.417087e-01
3.002963090000000e-06	1.417089e-01
3.002973200000000e-06	1.417090e-01
3.002976650000000e-06	1.417090e-01
3.002981250000000e-06	1.417091e-01
3.002984700000000e-06	1.417092e-01
3.002991140000000e-06	1.417093e-01
3.002998200000000e-06	1.417094e-01
3.003000408000000e-06	1.417095e-01
3.003003352000000e-06	1.417095e-01
3.003009240000000e-06	1.417097e-01
3.003018200000000e-06	1.417099e-01
3.003039565028572e-06	1.417105e-01
3.003060930057144e-06	1.417112e-01
3.003082295085716e-06	1.417121e-01
3.003103660114287e-06	1.417131e-01
3.003125025142859e-06	1.417143e-01
3.003146390171431e-06	1.417155e-01
3.003167755200003e-06	1.417169e-01
3.003318488000006e-06	1.417300e-01
3.003489759711611e-06	1.417557e-01
3.003676837097301e-06	1.418196e-01
3.003863009278764e-06	1.419688e-01
3.004082226602348e-06	1.422933e-01
3.004345070530913e-06	1.429337e-01
3.004660518363914e-06	1.511360e-01
3.004810699351801e-06	1.750808e-01
3.004929992317879e-06	2.259432e-01
3.005060065522990e-06	3.267659e-01
3.005246268367269e-06	5.626670e-01
3.005554886272662e-06	1.143674e+00
3.005900305803585e-06	1.963481e+00
3.006054300265756e-06	2.342083e+00
3.006179156882318e-06	2.598746e+00
3.006355848086036e-06	2.858269e+00
3.006513176044307e-06	3.007488e+00
3.006640415772991e-06	3.076397e+00
3.006765303631407e-06	3.112466e+00
3.006904794796398e-06	3.132830e+00
3.007034143456290e-06	3.141718e+00
3.007189064904771e-06	3.146452e+00
3.007368529743528e-06	3.149108e+00
3.007633129106832e-06	3.151195e+00
3.008006453571596e-06	3.152925e+00
3.008712781733605e-06	3.154721e+00
3.009712781733605e-06	3.155842e+00
3.010712781733605e-06	3.156132e+00
3.011712781733605e-06	3.156147e+00
3.012712781733605e-06	3.156146e+00
3.013712781733605e-06	3.156146e+00
3.014712781733605e-06	3.156146e+00
3.015712781733605e-06	3.156146e+00
3.016712781733605e-06	3.156146e+00
3.017712781733606e-06	3.156146e+00
3.018199753470033e-06	3.156146e+00
3.018820545373263e-06	3.156146e+00
3.019256266522188e-06	3.156146e+00
3.019817932219408e-06	3.156146e+00
3.020817932219408e-06	3.156144e+00
3.021817932219408e-06	3.156119e+00
3.022817932219409e-06	3.155734e+00
3.023817932219409e-06	3.144178e+00
3.024197573143948e-06	3.087663e+00
3.024359130485253e-06	2.979233e+00
3.024529025526114e-06	2.764694e+00
3.024672917113949e-06	2.544016e+00
3.024820429122623e-06	2.302401e+00
3.025115453139970e-06	1.812068e+00
3.025391306129920e-06	1.366398e+00
3.025697365598535e-06	9.036727e-01
3.025916461327595e-06	6.130652e-01
3.026231925218922e-06	2.697745e-01
3.026348661389072e-06	1.871881e-01
3.026465573573957e-06	1.520978e-01
3.026542858537714e-06	1.450065e-01
3.026621585602875e-06	1.437369e-01
3.026707188338931e-06	1.433014e-01
3.027121515565420e-06	1.424519e-01
3.027607759074177e-06	1.419928e-01
3.028358814321217e-06	1.417592e-01
3.029358814321217e-06	1.417151e-01
3.030358814321217e-06	1.417080e-01
3.031358814321218e-06	1.417067e-01
3.032358814321218e-06	1.417066e-01
3.033358814321218e-06	1.417066e-01
3.034358814321218e-06	1.417066e-01
3.035358814321218e-06	1.417066e-01
3.036358814321218e-06	1.417066e-01
3.037358814321218e-06	1.417066e-01
3.038358814321218e-06	1.417066e-01
3.039358814321218e-06	1.417066e-01
3.040358814321218e-06	1.417066e-01
3.041358814321218e-06	1.417065e-01
3.042358814321218e-06	1.417061e-01
3.043358814321218e-06	1.417059e-01
3.044358814321219e-06	1.417059e-01
3.045358814321219e-06	1.417059e-01
3.046358814321219e-06	1.417060e-01
3.047358814321219e-06	1.417060e-01
3.048358814321219e-06	1.417060e-01
3.049358814321219e-06	1.417061e-01
3.050358814321219e-06	1.417062e-01
3.051358814321219e-06	1.417065e-01
3.052332806165366e-06	1.417067e-01
3.053266285696079e-06	1.417074e-01
3.054266285696079e-06	1.417084e-01
3.055266285696079e-06	1.417097e-01
3.056266285696079e-06	1.417116e-01
3.057266285696079e-06	1.417147e-01
3.058266285696079e-06	1.417236e-01
3.059266285696079e-06	1.418220e-01
3.060266285696080e-06	1.422627e-01
3.060667705866683e-06	1.428152e-01
3.060921453026853e-06	1.490736e-01
3.061067289642912e-06	1.695554e-01
3.061196116729877e-06	2.151856e-01
3.061333620993601e-06	2.999513e-01
3.061518254015388e-06	4.857015e-01
3.061887520058962e-06	1.049541e+00
3.062223570648245e-06	1.742342e+00
3.062463549873642e-06	2.310457e+00
3.062592745190867e-06	2.596624e+00
3.062718817493689e-06	2.810957e+00
3.062886567476711e-06	2.997597e+00
3.063013260661821e-06	3.078195e+00
3.063107042162246e-06	3.108617e+00
3.063223601084273e-06	3.128483e+00
3.063341775266586e-06	3.138939e+00
3.063488659304879e-06	3.145025e+00
3.063878140853290e-06	3.150393e+00
3.064181854123509e-06	3.152110e+00
3.064739699190417e-06	3.153993e+00
3.065492006976798e-06	3.155364e+00
3.066492006976798e-06	3.156029e+00
3.067492006976798e-06	3.156142e+00
3.068492006976798e-06	3.156144e+00
3.069492006976798e-06	3.156143e+00
3.070492006976798e-06	3.156142e+00
3.071492006976798e-06	3.156142e+00
3.072492006976798e-06	3.156142e+00
3.073492006976798e-06	3.156142e+00
3.074492006976798e-06	3.156141e+00
3.075492006976798e-06	3.156140e+00
3.076492006976799e-06	3.156139e+00
3.077492006976799e-06	3.156138e+00
3.078492006976799e-06	3.156137e+00
3.079492006976799e-06	3.156135e+00
3.080492006976799e-06	3.156132e+00
3.081492006976799e-06	3.156128e+00
3.082492006976799e-06	3.156121e+00
3.083492006976799e-06	3.156110e+00
3.084492006976799e-06	3.156057e+00
3.085492006976799e-06	3.155648e+00
3.086492006976799e-06	3.123733e+00
3.086773364030553e-06	3.040065e+00
3.086950392937894e-06	2.893926e+00
3.087130444122834e-06	2.670787e+00
3.087314738062787e-06	2.412676e+00
3.087513342027586e-06	2.122300e+00
3.087782534782788e-06	1.723758e+00
3.087990051433344e-06	1.426777e+00
3.088244802593259e-06	1.089155e+00
3.088431968736439e-06	8.625403e-01
3.088685796573909e-06	5.798475e-01
3.088922227455265e-06	3.418735e-01
3.089048918437013e-06	2.406575e-01
3.089163263091120e-06	1.814897e-01
3.089273087044452e-06	1.534262e-01
3.089395908917019e-06	1.437908e-01
3.089481467544776e-06	1.427934e-01
3.089579724168109e-06	1.426975e-01
3.089738877681887e-06	1.424560e-01
3.090558982921915e-06	1.418429e-01
3.091513127889774e-06	1.417288e-01
3.092513127889775e-06	1.417111e-01
3.093513127889775e-06	1.417078e-01
3.094513127889775e-06	1.417071e-01
3.095513127889775e-06	1.417071e-01
3.096513127889775e-06	1.417073e-01
3.097513127889775e-06	1.417072e-01
3.098513127889775e-06	1.417073e-01
3.099513127889775e-06	1.417072e-01
3.100513127889775e-06	1.417072e-01
3.101513127889775e-06	1.417072e-01
3.102513127889775e-06	1.417072e-01
3.103513127889775e-06	1.417073e-01
3.104513127889775e-06	1.417073e-01
3.105513127889776e-06	1.417073e-01
3.106513127889776e-06	1.417074e-01
3.107513127889776e-06	1.417074e-01
3.108513127889776e-06	1.417075e-01
3.109513127889776e-06	1.417075e-01
3.110513127889776e-06	1.417076e-01
3.111513127889776e-06	1.417076e-01
3.112513127889776e-06	1.417077e-01
3.113513127889776e-06	1.417078e-01
3.114513127889776e-06	1.417079e-01
3.115513127889776e-06	1.417079e-01
3.116513127889776e-06	1.417080e-01
3.117513127889776e-06	1.417081e-01
3.118513127889777e-06	1.417082e-01
3.120513127889777e-06	1.417084e-01
3.122513127889777e-06	1.417085e-01
3.124513127889777e-06	1.417087e-01
3.126513127889777e-06	1.417088e-01
3.127513127889777e-06	1.417089e-01
3.128513127889777e-06	1.417089e-01
3.129513127889777e-06	1.417089e-01
3.130513127889777e-06	1.417090e-01
3.131513127889777e-06	1.417090e-01
3.132513127889778e-06	1.417090e-01
3.133513127889778e-06	1.417090e-01
3.134513127889778e-06	1.417090e-01
3.135513127889778e-06	1.417090e-01
3.136513127889778e-06	1.417090e-01
3.137513127889778e-06	1.417090e-01
3.138513127889778e-06	1.417089e-01
3.139513127889778e-06	1.417089e-01
3.140513127889778e-06	1.417089e-01
3.141513127889778e-06	1.417088e-01
3.142513127889778e-06	1.417088e-01
3.143513127889778e-06	1.417088e-01
3.144513127889778e-06	1.417087e-01
3.145513127889779e-06	1.417087e-01
3.146513127889779e-06	1.417086e-01
3.147513127889779e-06	1.417086e-01
3.148513127889779e-06	1.417086e-01
3.149513127889779e-06	1.417086e-01
3.150513127889779e-06	1.417085e-01
3.151513127889779e-06	1.417085e-01
3.152513127889779e-06	1.417085e-01
3.153513127889779e-06	1.417084e-01
3.154513127889779e-06	1.417084e-01
3.156513127889779e-06	1.417084e-01
3.159513127889780e-06	1.417083e-01
3.160513127889780e-06	1.417083e-01
3.161513127889780e-06	1.417083e-01
3.162513127889780e-06	1.417083e-01
3.163513127889780e-06	1.417083e-01
3.164513127889780e-06	1.417083e-01
3.165513127889780e-06	1.417083e-01
3.166513127889780e-06	1.417083e-01
3.167513127889780e-06	1.417083e-01
3.168513127889780e-06	1.417083e-01
3.169513127889780e-06	1.417083e-01
3.170513127889780e-06	1.417083e-01
3.171513127889780e-06	1.417083e-01
3.172513127889781e-06	1.417083e-01
3.173513127889781e-06	1.417083e-01
3.174513127889781e-06	1.417083e-01
3.175513127889781e-06	1.417083e-01
3.176513127889781e-06	1.417083e-01
3.177513127889781e-06	1.417083e-01
3.178513127889781e-06	1.417083e-01
3.179513127889781e-06	1.417084e-01
3.180513127889781e-06	1.417084e-01
3.181513127889781e-06	1.417084e-01
3.182513127889781e-06	1.417084e-01
3.183513127889781e-06	1.417084e-01
3.185513127889782e-06	1.417084e-01
3.187513127889782e-06	1.417084e-01
3.190513127889782e-06	1.417084e-01
3.193513127889782e-06	1.417084e-01
3.195513127889782e-06	1.417084e-01
3.196513127889782e-06	1.417084e-01
3.197513127889782e-06	1.417085e-01
3.198513127889783e-06	1.417085e-01
3.199513127889783e-06	1.417085e-01
3.200513127889783e-06	1.417085e-01
3.201513127889783e-06	1.417085e-01
3.202513127889783e-06	1.417085e-01
3.203513127889783e-06	1.417085e-01
3.204513127889783e-06	1.417085e-01
3.205513127889783e-06	1.417084e-01
3.206513127889783e-06	1.417084e-01
3.207513127889783e-06	1.417084e-01
3.208513127889783e-06	1.417084e-01
3.209513127889783e-06	1.417084e-01
3.210513127889783e-06	1.417084e-01
3.211513127889783e-06	1.417084e-01
3.212513127889784e-06	1.417084e-01
3.213513127889784e-06	1.417084e-01
3.215513127889784e-06	1.417084e-01
3.217513127889784e-06	1.417084e-01
3.219513127889784e-06	1.417084e-01
3.222513127889784e-06	1.417084e-01
3.223655985032642e-06	1.417084e-01
3.224798842175499e-06	1.417084e-01
3.225941699318356e-06	1.417084e-01
3.227084556461213e-06	1.417084e-01
3.228227413604071e-06	1.417084e-01
3.229370270746928e-06	1.417084e-01
3.230513127889785e-06	1.417084e-01
3.232513127889785e-06	1.417084e-01
3.234513127889785e-06	1.417084e-01
3.236513127889785e-06	1.417084e-01
3.238513127889786e-06	1.417084e-01
3.240513127889786e-06	1.417084e-01
3.242513127889786e-06	1.417084e-01
3.244513127889786e-06	1.417084e-01
3.246513127889786e-06	1.417084e-01
3.249513127889786e-06	1.417084e-01
3.252513127889787e-06	1.417084e-01
3.254084556461215e-06	1.417084e-01
3.255655985032644e-06	1.417084e-01
3.257227413604073e-06	1.417084e-01
3.258798842175501e-06	1.417084e-01
3.260370270746930e-06	1.417084e-01
3.261941699318359e-06	1.417084e-01
3.263513127889787e-06	1.417084e-01
3.266513127889788e-06	1.417084e-01
3.269513127889788e-06	1.417084e-01
3.272513127889788e-06	1.417084e-01
3.275513127889788e-06	1.417084e-01
3.277655985032646e-06	1.417084e-01
3.279798842175503e-06	1.417084e-01
3.281941699318360e-06	1.417084e-01
3.284084556461217e-06	1.417084e-01
3.286227413604075e-06	1.417084e-01
3.288370270746932e-06	1.417084e-01
3.290513127889789e-06	1.417084e-01
3.294798842175504e-06	1.417084e-01
3.299084556461219e-06	1.417084e-01
3.303370270746933e-06	1.417084e-01
3.307655985032648e-06	1.417084e-01
3.311941699318363e-06	1.417084e-01
3.316227413604077e-06	1.417084e-01
3.320513127889792e-06	1.417084e-01
3.326513127889792e-06	1.417084e-01
3.332513127889793e-06	1.417084e-01
3.338513127889793e-06	1.417084e-01
3.344513127889793e-06	1.417084e-01
3.350513127889794e-06	1.417084e-01
3.356513127889794e-06	1.417084e-01
3.362513127889795e-06	1.417084e-01
3.372084556461224e-06	1.417084e-01
3.381655985032654e-06	1.417084e-01
3.391227413604083e-06	1.417084e-01
3.400798842175512e-06	1.417084e-01
3.410370270746941e-06	1.417084e-01
3.419941699318371e-06	1.417084e-01
3.429513127889800e-06	1.417084e-01
3.463513127889802e-06	1.417084e-01
3.609655985032630e-06	1.417084e-01
3.755798842175457e-06	1.417084e-01
3.901941699318285e-06	1.417084e-01
4.048084556461113e-06	1.417084e-01
4.194227413603940e-06	1.417084e-01
4.340370270746768e-06	1.417084e-01
4.486513127889595e-06	1.417084e-01
4.487513127889594e-06	1.417084e-01
4.499513127889590e-06	1.417084e-01
4.500000000000000e-06	1.417084e-01
