-0.0000000000200 0.0000000000000
0.0000000000000 0.0000000000000
0.0000000000200 0.0000000000000
0.0000000040546 0.0000000000000
0.0000000040746 0.0005856446068
0.0000000041746 0.0065150613045
0.0000000042746 0.0118775106562
0.0000000043746 0.0172414833487
0.0000000044746 0.0221062310474
0.0000000045746 0.0266749224610
0.0000000046746 0.0302945844477
0.0000000047746 0.0323835514806
0.0000000048746 0.0325840399320
0.0000000049746 0.0308623180213
0.0000000050746 0.0275179527982
0.0000000051746 0.0230986649398
0.0000000052746 0.0182540072700
0.0000000053746 0.0135814310499
0.0000000054746 0.0076311017223
0.0000000055746 0.0032606256884
0.0000000056746 0.0007980523920
0.0000000057746 0.0000000000000
0.0000000057946 0.0000000000000
