-0.0000000000200 0.0000000000000
0.0000000000000 0.0000000000000
0.0000000000200 0.0000000000000
0.0000000003238 0.0000000000000
0.0000000003438 0.0010058331960
0.0000000004438 0.0045153052204
0.0000000005438 0.0064528950432
0.0000000006438 0.0086676747372
0.0000000007438 0.0109427534608
0.0000000008438 0.0129844053914
0.0000000009438 0.0144805266998
0.0000000010438 0.0151778012810
0.0000000011438 0.0149517122763
0.0000000012438 0.0138428627260
0.0000000013438 0.0120450652488
0.0000000014438 0.0098499954440
0.0000000015438 0.0075701052277
0.0000000016438 0.0054676692277
0.0000000017438 0.0033465646494
0.0000000018438 0.0000000000000
0.0000000019438 0.0000000000000
0.0000000019638 0.0000000000000
