-0.0000000000200 0.0000000000000
0.0000000000000 0.0006182801881
0.0000000000500 0.0007799019608
0.0000000001500 0.0217651910608
0.0000000002500 0.0334599095197
0.0000000003500 0.0444584639070
0.0000000004500 0.0555556353571
0.0000000005500 0.0652912981105
0.0000000006500 0.0721680686995
0.0000000007500 0.0750250019642
0.0000000008500 0.0733577643034
0.0000000009500 0.0674640900611
0.0000000010500 0.0583569332770
0.0000000011500 0.0474800829197
0.0000000012500 0.0363358182452
0.0000000013500 0.0261557612113
0.0000000014500 0.0116675860481
0.0000000015500 0.0021652528167
0.0000000016500 0.0000000000000
0.0000000016700 0.0000000000000
