-0.0000000000200 0.0000000000000
0.0000000000000 0.0000000000000
0.0000000000200 0.0000000000000
0.0000000038486 0.0000000000000
0.0000000038686 0.0005228394065
0.0000000039686 0.0029054907390
0.0000000040686 0.0058459448355
0.0000000041686 0.0093214227604
0.0000000042686 0.0123582341545
0.0000000043686 0.0154150253535
0.0000000044686 0.0180912170664
0.0000000045686 0.0199778283341
0.0000000046686 0.0207589740238
0.0000000047686 0.0202982926763
0.0000000048686 0.0186778376192
0.0000000049686 0.0161742050570
0.0000000050686 0.0131814306322
0.0000000051686 0.0101101459560
0.0000000052686 0.0072982289682
0.0000000053686 0.0029758519036
0.0000000054686 0.0009553298290
0.0000000055686 0.0000000000000
0.0000000055886 0.0000000000000
