0.0000000000000 0.0000000000000
0.0000000000000 0.0000000000000
0.0000000007696 0.0000000000000
0.0000000007796 0.0635496951583
0.0000000007896 0.0000000000000
0.0000000007904 0.0000000000000
0.0000000008004 0.0562096433633
0.0000000008104 0.0000000000000
0.0000010004874 0.0000000000000
0.0000010004974 0.0397243673642
0.0000010005021 0.0000000000000
0.0000010005025 0.0000000000000
0.0000010005074 0.0000000000000
0.0000010005121 0.0446212600162
0.0000010005125 0.0365640739615
0.0000010005221 0.0000000000000
0.0000010005225 0.0000000000000
0.0000010005318 0.0000000000000
0.0000010005330 0.0000000000000
0.0000010005338 0.0000000000000
0.0000010005391 0.0000000000000
0.0000010005418 0.0605078026086
0.0000010005430 0.0176699253993
0.0000010005438 0.0387177197876
0.0000010005491 0.0545102146118
0.0000010005518 0.0000000000000
0.0000010005530 0.0000000000000
0.0000010005538 0.0000000000000
0.0000010005591 0.0000000000000
0.0000010005592 0.0000000000000
0.0000010005692 0.0160869748888
0.0000010005792 0.0000000000000
0.0000010005879 0.0000000000000
0.0000010005966 0.0000000000000
0.0000010005979 0.0686028000317
0.0000010005991 0.0000000000000
0.0000010006064 0.0000000000000
0.0000010006066 0.0391680916383
0.0000010006079 0.0000000000000
0.0000010006091 0.0576495195007
0.0000010006164 0.0548774334954
0.0000010006166 0.0000000000000
0.0000010006191 0.0000000000000
0.0000010006217 0.0000000000000
0.0000010006264 0.0000000000000
0.0000010006317 0.0300544303139
0.0000010006417 0.0000000000000
0.0000020005718 0.0000000000000
0.0000020005818 0.0264536985556
0.0000020005918 0.0000000000000
0.0000020006515 0.0000000000000
0.0000020006555 0.0000000000000
0.0000020006609 0.0000000000000
0.0000020006615 0.0278746690087
0.0000020006655 0.0763789643054
0.0000020006709 0.0317854219449
0.0000020006715 0.0000000000000
0.0000020006755 0.0000000000000
0.0000020006793 0.0000000000000
0.0000020006809 0.0000000000000
0.0000020006893 0.0897423991409
0.0000020006966 0.0000000000000
0.0000020006993 0.0000000000000
0.0000020007066 0.0418389200805
0.0000020007166 0.0000000000000
0.0000030006968 0.0000000000000
0.0000030007068 0.0424825144328
0.0000030007122 0.0000000000000
0.0000030007168 0.0000000000000
0.0000030007222 0.0623523885627
0.0000030007322 0.0000000000000
0.0000030007395 0.0000000000000
0.0000030007495 0.0419935301253
0.0000030007537 0.0000000000000
0.0000030007595 0.0000000000000
0.0000030007637 0.0495924936637
0.0000030007692 0.0000000000000
0.0000030007734 0.0000000000000
0.0000030007737 0.0000000000000
0.0000030007792 0.0382694307665
0.0000030007834 0.0678992842734
0.0000030007892 0.0000000000000
0.0000030007934 0.0000000000000
0.0000040005228 0.0000000000000
0.0000040005328 0.0507193044876
0.0000040005376 0.0000000000000
0.0000040005428 0.0000000000000
0.0000040005476 0.0407496001898
0.0000040005487 0.0000000000000
0.0000040005495 0.0000000000000
0.0000040005576 0.0000000000000
0.0000040005587 0.0431536662231
0.0000040005595 0.0710892179438
0.0000040005632 0.0000000000000
0.0000040005687 0.0000000000000
0.0000040005695 0.0000000000000
0.0000040005732 0.0418698420895
0.0000040005832 0.0000000000000
0.0000040005974 0.0000000000000
0.0000040006074 0.0394654556208
0.0000040006090 0.0000000000000
0.0000040006174 0.0000000000000
0.0000040006190 0.0509146098188
0.0000040006225 0.0000000000000
0.0000040006290 0.0000000000000
0.0000040006325 0.0332970755953
0.0000040006388 0.0000000000000
0.0000040006418 0.0000000000000
0.0000040006425 0.0000000000000
0.0000040006454 0.0000000000000
0.0000040006488 0.0222463827252
0.0000040006508 0.0000000000000
0.0000040006518 0.0536559340327
0.0000040006554 0.0425805676425
0.0000040006588 0.0000000000000
0.0000040006608 0.0413068372217
0.0000040006618 0.0000000000000
0.0000040006629 0.0000000000000
0.0000040006654 0.0000000000000
0.0000040006708 0.0000000000000
0.0000040006729 0.0323931275407
0.0000040006829 0.0000000000000
0.0000050005040 0.0000000000000
0.0000050005061 0.0000000000000
0.0000050005140 0.0623064060934
0.0000050005161 0.0570799457087
0.0000050005240 0.0000000000000
0.0000050005261 0.0000000000000
0.0000050005487 0.0000000000000
0.0000050005587 0.0447771518023
0.0000050005589 0.0000000000000
0.0000050005600 0.0000000000000
0.0000050005651 0.0000000000000
0.0000050005687 0.0000000000000
0.0000050005689 0.0555937666667
0.0000050005700 0.0500196339533
0.0000050005751 0.0254177311466
0.0000050005789 0.0000000000000
0.0000050005800 0.0000000000000
0.0000050005851 0.0000000000000
0.0000050005937 0.0000000000000
0.0000050005949 0.0000000000000
0.0000050005973 0.0000000000000
0.0000050006009 0.0000000000000
0.0000050006037 0.0819031091079
0.0000050006049 0.0464530285572
0.0000050006073 0.0301040977894
0.0000050006109 0.0233321778274
0.0000050006137 0.0000000000000
0.0000050006147 0.0000000000000
0.0000050006149 0.0000000000000
0.0000050006173 0.0000000000000
0.0000050006209 0.0000000000000
0.0000050006247 0.0549714812636
0.0000050006347 0.0000000000000
0.0000060006121 0.0000000000000
0.0000060006161 0.0000000000000
0.0000060006178 0.0000000000000
0.0000060006221 0.0282233026434
0.0000060006261 0.0737348922129
0.0000060006278 0.0631983378233
0.0000060006283 0.0000000000000
0.0000060006321 0.0000000000000
0.0000060006361 0.0000000000000
0.0000060006378 0.0000000000000
0.0000060006383 0.0533579291795
0.0000060006483 0.0000000000000
0.0000060006640 0.0000000000000
0.0000060006706 0.0000000000000
0.0000060006740 0.0548106227300
0.0000060006806 0.0558557225457
0.0000060006840 0.0000000000000
0.0000060006906 0.0000000000000
0.0000060007029 0.0000000000000
0.0000060007068 0.0000000000000
0.0000060007129 0.0493042620880
0.0000060007168 0.0796361893942
0.0000060007229 0.0000000000000
0.0000060007268 0.0000000000000
0.0000070004962 0.0000000000000
0.0000070005006 0.0000000000000
0.0000070005057 0.0000000000000
0.0000070005062 0.0870718911340
0.0000070005106 0.0712715456442
0.0000070005157 0.0427592103368
0.0000070005162 0.0000000000000
0.0000070005206 0.0000000000000
0.0000070005213 0.0000000000000
0.0000070005242 0.0000000000000
0.0000070005257 0.0000000000000
0.0000070005293 0.0000000000000
0.0000070005313 0.0793061410084
0.0000070005342 0.0474825872597
0.0000070005393 0.0543802780871
0.0000070005413 0.0000000000000
0.0000070005442 0.0000000000000
0.0000070005482 0.0000000000000
0.0000070005493 0.0000000000000
0.0000070005564 0.0000000000000
0.0000070005582 0.0271184416394
0.0000070005643 0.0000000000000
0.0000070005664 0.0206587859025
0.0000070005682 0.0000000000000
0.0000070005743 0.0263444301094
0.0000070005764 0.0000000000000
0.0000070005768 0.0000000000000
0.0000070005778 0.0000000000000
0.0000070005843 0.0000000000000
0.0000070005859 0.0000000000000
0.0000070005868 0.0396495457156
0.0000070005878 0.0193379514888
0.0000070005959 0.0163476490265
0.0000070005968 0.0000000000000
0.0000070005978 0.0000000000000
0.0000070006004 0.0000000000000
0.0000070006037 0.0000000000000
0.0000070006059 0.0000000000000
0.0000070006090 0.0000000000000
0.0000070006104 0.0393313534369
0.0000070006137 0.0516780469830
0.0000070006142 0.0000000000000
0.0000070006171 0.0000000000000
0.0000070006190 0.0587399609150
0.0000070006204 0.0000000000000
0.0000070006237 0.0000000000000
0.0000070006242 0.0269979579568
0.0000070006271 0.0403835028298
0.0000070006290 0.0000000000000
0.0000070006342 0.0000000000000
0.0000070006371 0.0000000000000
0.0000080005949 0.0000000000000
0.0000080005970 0.0000000000000
0.0000080006049 0.0389500353989
0.0000080006057 0.0000000000000
0.0000080006070 0.0401447785119
0.0000080006149 0.0000000000000
0.0000080006157 0.0650120017685
0.0000080006170 0.0000000000000
0.0000080006257 0.0000000000000
0.0000080006260 0.0000000000000
0.0000080006357 0.0000000000000
0.0000080006360 0.0639327755905
0.0000080006428 0.0000000000000
0.0000080006457 0.0505204743678
0.0000080006460 0.0000000000000
0.0000080006528 0.0369054978014
0.0000080006541 0.0000000000000
0.0000080006549 0.0000000000000
0.0000080006557 0.0000000000000
0.0000080006592 0.0000000000000
0.0000080006601 0.0000000000000
0.0000080006605 0.0000000000000
0.0000080006628 0.0000000000000
0.0000080006641 0.0349359420701
0.0000080006649 0.0355627135678
0.0000080006692 0.0679499130549
0.0000080006701 0.0553172309804
0.0000080006703 0.0000000000000
0.0000080006705 0.0390381551136
0.0000080006741 0.0000000000000
0.0000080006749 0.0000000000000
0.0000080006792 0.0000000000000
0.0000080006801 0.0000000000000
0.0000080006803 0.0592464089478
0.0000080006805 0.0000000000000
0.0000080006903 0.0000000000000
0.0000080006927 0.0000000000000
0.0000080007027 0.0318687351297
0.0000080007127 0.0000000000000
0.0000090005316 0.0000000000000
0.0000090005416 0.0766732841523
0.0000090005516 0.0000000000000
0.0000090005607 0.0000000000000
0.0000090005707 0.0257546688919
0.0000090005777 0.0000000000000
0.0000090005807 0.0000000000000
0.0000090005816 0.0000000000000
0.0000090005877 0.0690863369386
0.0000090005916 0.0211692393769
0.0000090005977 0.0000000000000
0.0000090006016 0.0000000000000
0.0000090006186 0.0000000000000
0.0000090006285 0.0000000000000
0.0000090006286 0.0539209340473
0.0000090006293 0.0000000000000
0.0000090006385 0.0267404881724
0.0000090006386 0.0000000000000
0.0000090006393 0.0380984785201
0.0000090006485 0.0000000000000
0.0000090006493 0.0000000000000
0.0000100005315 0.0000000000000
0.0000100005331 0.0000000000000
0.0000100005415 0.0547372430403
0.0000100005431 0.0243151131899
0.0000100005515 0.0000000000000
0.0000100005531 0.0000000000000
0.0000100005577 0.0000000000000
0.0000100005582 0.0000000000000
0.0000100005677 0.0373582729170
0.0000100005682 0.0520829170174
0.0000100005777 0.0000000000000
0.0000100005782 0.0000000000000
0.0000100005875 0.0000000000000
0.0000100005888 0.0000000000000
0.0000100005904 0.0000000000000
0.0000100005971 0.0000000000000
0.0000100005975 0.0570017594892
0.0000100005988 0.0521037453136
0.0000100005996 0.0000000000000
0.0000100006004 0.0396352863436
0.0000100006071 0.0817582723406
0.0000100006075 0.0000000000000
0.0000100006088 0.0000000000000
0.0000100006096 0.0230078972775
0.0000100006104 0.0000000000000
0.0000100006168 0.0000000000000
0.0000100006171 0.0000000000000
0.0000100006196 0.0000000000000
0.0000100006199 0.0000000000000
0.0000100006268 0.0645603481765
0.0000100006299 0.0301438317698
0.0000100006329 0.0000000000000
0.0000100006342 0.0000000000000
0.0000100006368 0.0000000000000
0.0000100006399 0.0000000000000
0.0000100006429 0.0247515461039
0.0000100006442 0.0438900266022
0.0000100006449 0.0000000000000
0.0000100006468 0.0000000000000
0.0000100006529 0.0000000000000
0.0000100006542 0.0000000000000
0.0000100006549 0.0641607653250
0.0000100006568 0.0178013038829
0.0000100006649 0.0000000000000
0.0000100006668 0.0000000000000
0.0000100006678 0.0000000000000
0.0000100006689 0.0000000000000
0.0000100006778 0.0366659723952
0.0000100006789 0.0151796622633
0.0000100006878 0.0000000000000
0.0000100006889 0.0000000000000
0.0000110004911 0.0000000000000
0.0000110005011 0.0656350882599
0.0000110005041 0.0000000000000
0.0000110005111 0.0000000000000
0.0000110005141 0.0202076129635
0.0000110005241 0.0000000000000
0.0000110005314 0.0000000000000
0.0000110005414 0.0364676229284
0.0000110005420 0.0000000000000
0.0000110005480 0.0000000000000
0.0000110005514 0.0000000000000
0.0000110005520 0.0563705018969
0.0000110005553 0.0000000000000
0.0000110005571 0.0000000000000
0.0000110005580 0.0591416265962
0.0000110005597 0.0000000000000
0.0000110005620 0.0000000000000
0.0000110005653 0.0499259066204
0.0000110005671 0.0453907854515
0.0000110005680 0.0000000000000
0.0000110005697 0.0302920331081
0.0000110005753 0.0000000000000
0.0000110005771 0.0000000000000
0.0000110005797 0.0000000000000
0.0000110005797 0.0000000000000
0.0000110005819 0.0000000000000
0.0000110005897 0.0335103253048
0.0000110005919 0.0486329500800
0.0000110005930 0.0000000000000
0.0000110005997 0.0000000000000
0.0000110006019 0.0000000000000
0.0000110006030 0.0521668710728
0.0000110006043 0.0000000000000
0.0000110006123 0.0000000000000
0.0000110006130 0.0000000000000
0.0000110006143 0.0633870742304
0.0000110006147 0.0000000000000
0.0000110006206 0.0000000000000
0.0000110006223 0.0624812035638
0.0000110006243 0.0000000000000
0.0000110006247 0.0436424903129
0.0000110006306 0.0480494373514
0.0000110006323 0.0000000000000
0.0000110006347 0.0000000000000
0.0000110006406 0.0000000000000
0.0000120006946 0.0000000000000
0.0000120007046 0.0491759277399
0.0000120007103 0.0000000000000
0.0000120007119 0.0000000000000
0.0000120007146 0.0000000000000
0.0000120007203 0.0333621239665
0.0000120007219 0.0713164065899
0.0000120007285 0.0000000000000
0.0000120007303 0.0000000000000
0.0000120007319 0.0000000000000
0.0000120007335 0.0000000000000
0.0000120007385 0.0454316409556
0.0000120007421 0.0000000000000
0.0000120007435 0.0518385850813
0.0000120007485 0.0000000000000
0.0000120007521 0.0469258308807
0.0000120007535 0.0000000000000
0.0000120007621 0.0000000000000
0.0000120007641 0.0000000000000
0.0000120007716 0.0000000000000
0.0000120007741 0.0616296466849
0.0000120007790 0.0000000000000
0.0000120007816 0.0184996926760
0.0000120007841 0.0000000000000
0.0000120007890 0.0358664862568
0.0000120007916 0.0000000000000
0.0000120007990 0.0000000000000
0.0000130004156 0.0000000000000
0.0000130004195 0.0000000000000
0.0000130004215 0.0000000000000
0.0000130004256 0.0462078955328
0.0000130004258 0.0000000000000
0.0000130004270 0.0000000000000
0.0000130004293 0.0000000000000
0.0000130004295 0.0957529647683
0.0000130004315 0.0000000000000
0.0000130004315 0.0471535001799
0.0000130004329 0.0000000000000
0.0000130004356 0.0000000000000
0.0000130004358 0.0384166707988
0.0000130004370 0.0155822892504
0.0000130004393 0.0090404418524
0.0000130004395 0.0000000000000
0.0000130004403 0.0000000000000
0.0000130004415 0.0653175368518
0.0000130004415 0.0000000000000
0.0000130004429 0.0658273494555
0.0000130004447 0.0000000000000
0.0000130004458 0.0000000000000
0.0000130004459 0.0000000000000
0.0000130004470 0.0000000000000
0.0000130004493 0.0000000000000
0.0000130004503 0.0381992554301
0.0000130004515 0.0000000000000
0.0000130004529 0.0000000000000
0.0000130004547 0.0274749259396
0.0000130004559 0.0290014798326
0.0000130004603 0.0000000000000
0.0000130004621 0.0000000000000
0.0000130004647 0.0000000000000
0.0000130004659 0.0000000000000
0.0000130004669 0.0000000000000
0.0000130004686 0.0000000000000
0.0000130004721 0.0706515032884
0.0000130004761 0.0000000000000
0.0000130004769 0.0222758627752
0.0000130004786 0.0250181482951
0.0000130004821 0.0000000000000
0.0000130004841 0.0000000000000
0.0000130004848 0.0000000000000
0.0000130004861 0.0513279713893
0.0000130004869 0.0000000000000
0.0000130004886 0.0000000000000
0.0000130004916 0.0000000000000
0.0000130004941 0.0468220098351
0.0000130004948 0.0208629032052
0.0000130004961 0.0000000000000
0.0000130005016 0.0321428675511
0.0000130005041 0.0000000000000
0.0000130005048 0.0000000000000
0.0000130005053 0.0000000000000
0.0000130005116 0.0000000000000
0.0000130005131 0.0000000000000
0.0000130005153 0.0417246848868
0.0000130005231 0.0426651625686
0.0000130005253 0.0000000000000
0.0000130005331 0.0000000000000
0.0000140005334 0.0000000000000
0.0000140005434 0.0645641934004
0.0000140005534 0.0000000000000
0.0000140006013 0.0000000000000
0.0000140006106 0.0000000000000
0.0000140006113 0.0122286131285
0.0000140006206 0.0174366484820
0.0000140006213 0.0000000000000
0.0000140006226 0.0000000000000
0.0000140006306 0.0000000000000
0.0000140006326 0.0438616680759
0.0000140006348 0.0000000000000
0.0000140006398 0.0000000000000
0.0000140006426 0.0000000000000
0.0000140006448 0.0524224182453
0.0000140006498 0.0199235470470
0.0000140006548 0.0000000000000
0.0000140006598 0.0000000000000
0.0000150003282 0.0000000000000
0.0000150003382 0.0762104153239
0.0000150003482 0.0000000000000
0.0000150003599 0.0000000000000
0.0000150003632 0.0000000000000
0.0000150003642 0.0000000000000
0.0000150003654 0.0000000000000
0.0000150003699 0.0574607830936
0.0000150003704 0.0000000000000
0.0000150003732 0.0340661203777
0.0000150003738 0.0000000000000
0.0000150003742 0.0554282618208
0.0000150003747 0.0000000000000
0.0000150003754 0.0298325288506
0.0000150003790 0.0000000000000
0.0000150003795 0.0000000000000
0.0000150003799 0.0000000000000
0.0000150003804 0.0383782185597
0.0000150003821 0.0000000000000
0.0000150003832 0.0000000000000
0.0000150003838 0.0532766988244
0.0000150003842 0.0000000000000
0.0000150003843 0.0000000000000
0.0000150003847 0.0354298931252
0.0000150003854 0.0000000000000
0.0000150003868 0.0000000000000
0.0000150003890 0.0718935106120
0.0000150003895 0.0326571662493
0.0000150003904 0.0000000000000
0.0000150003921 0.0163128817937
0.0000150003932 0.0000000000000
0.0000150003938 0.0000000000000
0.0000150003943 0.0329830489758
0.0000150003947 0.0000000000000
0.0000150003968 0.0492411363288
0.0000150003990 0.0000000000000
0.0000150003995 0.0000000000000
0.0000150004004 0.0000000000000
0.0000150004021 0.0000000000000
0.0000150004032 0.0602296647456
0.0000150004037 0.0000000000000
0.0000150004043 0.0000000000000
0.0000150004049 0.0000000000000
0.0000150004056 0.0000000000000
0.0000150004068 0.0000000000000
0.0000150004104 0.0262350014456
0.0000150004121 0.0000000000000
0.0000150004132 0.0000000000000
0.0000150004137 0.0696177789268
0.0000150004149 0.0648157351313
0.0000150004156 0.0332401983249
0.0000150004161 0.0000000000000
0.0000150004204 0.0000000000000
0.0000150004219 0.0000000000000
0.0000150004221 0.0118678029514
0.0000150004237 0.0000000000000
0.0000150004246 0.0000000000000
0.0000150004249 0.0000000000000
0.0000150004250 0.0000000000000
0.0000150004256 0.0000000000000
0.0000150004261 0.0334979885447
0.0000150004310 0.0000000000000
0.0000150004319 0.0263359385733
0.0000150004321 0.0000000000000
0.0000150004336 0.0000000000000
0.0000150004346 0.0324131547485
0.0000150004350 0.0569899033821
0.0000150004361 0.0000000000000
0.0000150004378 0.0000000000000
0.0000150004410 0.0502782252614
0.0000150004419 0.0000000000000
0.0000150004436 0.0261321417060
0.0000150004446 0.0000000000000
0.0000150004450 0.0000000000000
0.0000150004478 0.0359936990813
0.0000150004486 0.0000000000000
0.0000150004510 0.0000000000000
0.0000150004536 0.0000000000000
0.0000150004545 0.0000000000000
0.0000150004578 0.0000000000000
0.0000150004586 0.0495791955977
0.0000150004645 0.0303173474988
0.0000150004686 0.0000000000000
0.0000150004745 0.0000000000000
0.0000150004757 0.0000000000000
0.0000150004857 0.0450270913565
0.0000150004957 0.0000000000000
0.0000160005331 0.0000000000000
0.0000160005416 0.0000000000000
0.0000160005431 0.0599768412734
0.0000160005516 0.0212472653787
0.0000160005531 0.0000000000000
0.0000160005574 0.0000000000000
0.0000160005616 0.0000000000000
0.0000160005674 0.0211330301850
0.0000160005696 0.0000000000000
0.0000160005700 0.0000000000000
0.0000160005715 0.0000000000000
0.0000160005774 0.0000000000000
0.0000160005791 0.0000000000000
0.0000160005796 0.0535779080308
0.0000160005800 0.0133108834420
0.0000160005815 0.0302364375790
0.0000160005891 0.0283453885026
0.0000160005896 0.0000000000000
0.0000160005900 0.0000000000000
0.0000160005915 0.0000000000000
0.0000160005991 0.0000000000000
0.0000160006011 0.0000000000000
0.0000160006091 0.0000000000000
0.0000160006111 0.0458706373522
0.0000160006118 0.0000000000000
0.0000160006191 0.0486659549186
0.0000160006211 0.0000000000000
0.0000160006218 0.0475793587281
0.0000160006286 0.0000000000000
0.0000160006291 0.0000000000000
0.0000160006318 0.0000000000000
0.0000160006341 0.0000000000000
0.0000160006386 0.0532079654470
0.0000160006418 0.0000000000000
0.0000160006441 0.0187816757628
0.0000160006486 0.0000000000000
0.0000160006518 0.0215069782105
0.0000160006541 0.0000000000000
0.0000160006618 0.0000000000000
0.0000170005568 0.0000000000000
0.0000170005580 0.0000000000000
0.0000170005631 0.0000000000000
0.0000170005636 0.0000000000000
0.0000170005668 0.0625794169912
0.0000170005680 0.0472642105850
0.0000170005716 0.0000000000000
0.0000170005731 0.0531669497252
0.0000170005732 0.0000000000000
0.0000170005736 0.0283585263510
0.0000170005761 0.0000000000000
0.0000170005768 0.0000000000000
0.0000170005780 0.0000000000000
0.0000170005816 0.0290178220342
0.0000170005831 0.0000000000000
0.0000170005832 0.0300243093932
0.0000170005836 0.0000000000000
0.0000170005861 0.0459480224835
0.0000170005867 0.0000000000000
0.0000170005890 0.0000000000000
0.0000170005916 0.0000000000000
0.0000170005932 0.0000000000000
0.0000170005961 0.0000000000000
0.0000170005967 0.0245655333971
0.0000170005990 0.0457873241675
0.0000170006067 0.0000000000000
0.0000170006090 0.0000000000000
0.0000170006168 0.0000000000000
0.0000170006208 0.0000000000000
0.0000170006230 0.0000000000000
0.0000170006268 0.0598560371555
0.0000170006308 0.0254935141012
0.0000170006330 0.0653606354032
0.0000170006368 0.0000000000000
0.0000170006408 0.0000000000000
0.0000170006430 0.0000000000000
0.0000180005535 0.0000000000000
0.0000180005617 0.0000000000000
0.0000180005635 0.0478509276669
0.0000180005651 0.0000000000000
0.0000180005659 0.0000000000000
0.0000180005717 0.0473185243728
0.0000180005735 0.0000000000000
0.0000180005743 0.0000000000000
0.0000180005751 0.0599411127345
0.0000180005759 0.0766505332441
0.0000180005817 0.0000000000000
0.0000180005820 0.0000000000000
0.0000180005843 0.0169909229435
0.0000180005851 0.0000000000000
0.0000180005859 0.0000000000000
0.0000180005885 0.0000000000000
0.0000180005920 0.0464629620523
0.0000180005943 0.0000000000000
0.0000180005985 0.0388870698574
0.0000180006020 0.0000000000000
0.0000180006085 0.0000000000000
0.0000180006143 0.0000000000000
0.0000180006161 0.0000000000000
0.0000180006203 0.0000000000000
0.0000180006243 0.0502013207831
0.0000180006261 0.0530515930079
0.0000180006303 0.0492372911048
0.0000180006343 0.0000000000000
0.0000180006361 0.0000000000000
0.0000180006397 0.0000000000000
0.0000180006403 0.0000000000000
0.0000180006417 0.0000000000000
0.0000180006497 0.0418180917843
0.0000180006517 0.0338570363275
0.0000180006597 0.0000000000000
0.0000180006617 0.0000000000000
0.0000180006689 0.0000000000000
0.0000180006789 0.0257306362425
0.0000180006889 0.0000000000000
0.0000190003561 0.0000000000000
0.0000190003573 0.0000000000000
0.0000190003661 0.0525762272018
0.0000190003673 0.0331895695434
0.0000190003761 0.0000000000000
0.0000190003773 0.0000000000000
0.0000190003827 0.0000000000000
0.0000190003921 0.0000000000000
0.0000190003927 0.0624659828858
0.0000190003989 0.0000000000000
0.0000190004008 0.0000000000000
0.0000190004021 0.0280446599492
0.0000190004027 0.0000000000000
0.0000190004047 0.0000000000000
0.0000190004089 0.0475719887156
0.0000190004103 0.0000000000000
0.0000190004108 0.0728395959120
0.0000190004121 0.0000000000000
0.0000190004141 0.0000000000000
0.0000190004147 0.0391081702323
0.0000190004160 0.0000000000000
0.0000190004169 0.0000000000000
0.0000190004185 0.0000000000000
0.0000190004189 0.0000000000000
0.0000190004199 0.0000000000000
0.0000190004203 0.0356194306205
0.0000190004208 0.0000000000000
0.0000190004241 0.0873088530576
0.0000190004247 0.0000000000000
0.0000190004259 0.0000000000000
0.0000190004260 0.0567936367449
0.0000190004269 0.0363968067214
0.0000190004285 0.0504669616684
0.0000190004299 0.0416397695254
0.0000190004303 0.0000000000000
0.0000190004341 0.0000000000000
0.0000190004359 0.0209633596799
0.0000190004360 0.0000000000000
0.0000190004369 0.0000000000000
0.0000190004376 0.0000000000000
0.0000190004385 0.0000000000000
0.0000190004399 0.0000000000000
0.0000190004445 0.0000000000000
0.0000190004459 0.0000000000000
0.0000190004470 0.0000000000000
0.0000190004476 0.0443987176822
0.0000190004545 0.0227384111683
0.0000190004550 0.0000000000000
0.0000190004570 0.0275734598023
0.0000190004571 0.0000000000000
0.0000190004576 0.0000000000000
0.0000190004584 0.0000000000000
0.0000190004645 0.0000000000000
0.0000190004648 0.0000000000000
0.0000190004650 0.0224700465828
0.0000190004670 0.0000000000000
0.0000190004671 0.0286240070186
0.0000190004684 0.0433183699806
0.0000190004692 0.0000000000000
0.0000190004748 0.0245512740251
0.0000190004750 0.0000000000000
0.0000190004755 0.0000000000000
0.0000190004771 0.0000000000000
0.0000190004784 0.0000000000000
0.0000190004792 0.0526813299887
0.0000190004848 0.0000000000000
0.0000190004855 0.0417669823498
0.0000190004892 0.0000000000000
0.0000190004955 0.0000000000000
0.0000200003941 0.0000000000000
0.0000200004041 0.0334835689550
0.0000200004087 0.0000000000000
0.0000200004141 0.0000000000000
0.0000200004187 0.0572129263690
0.0000200004224 0.0000000000000
0.0000200004287 0.0000000000000
0.0000200004324 0.0360649959413
0.0000200004325 0.0000000000000
0.0000200004331 0.0000000000000
0.0000200004411 0.0000000000000
0.0000200004424 0.0000000000000
0.0000200004425 0.0770445084775
0.0000200004431 0.0577086398183
0.0000200004453 0.0000000000000
0.0000200004511 0.0530056105386
0.0000200004513 0.0000000000000
0.0000200004525 0.0000000000000
0.0000200004531 0.0000000000000
0.0000200004553 0.0600367626794
0.0000200004611 0.0000000000000
0.0000200004613 0.0501606254967
0.0000200004653 0.0000000000000
0.0000200004661 0.0000000000000
0.0000200004710 0.0000000000000
0.0000200004713 0.0000000000000
0.0000200004761 0.0371552771380
0.0000200004810 0.0320629189372
0.0000200004857 0.0000000000000
0.0000200004861 0.0000000000000
0.0000200004870 0.0000000000000
0.0000200004909 0.0000000000000
0.0000200004910 0.0000000000000
0.0000200004919 0.0000000000000
0.0000200004957 0.0292932361969
0.0000200004959 0.0000000000000
0.0000200004970 0.0410639472446
0.0000200005009 0.0345171330991
0.0000200005019 0.0681759801774
0.0000200005055 0.0000000000000
0.0000200005057 0.0000000000000
0.0000200005059 0.0618954477878
0.0000200005070 0.0000000000000
0.0000200005084 0.0000000000000
0.0000200005109 0.0000000000000
0.0000200005119 0.0000000000000
0.0000200005155 0.0706915577042
0.0000200005158 0.0000000000000
0.0000200005159 0.0000000000000
0.0000200005184 0.0540491081777
0.0000200005255 0.0000000000000
0.0000200005258 0.0404799538629
0.0000200005284 0.0000000000000
0.0000200005358 0.0000000000000
0.0000200005365 0.0000000000000
0.0000200005465 0.0395755251553
0.0000200005545 0.0000000000000
0.0000200005547 0.0000000000000
0.0000200005565 0.0000000000000
0.0000200005645 0.0881639347250
0.0000200005647 0.0544861819624
0.0000200005693 0.0000000000000
0.0000200005745 0.0000000000000
0.0000200005747 0.0000000000000
0.0000200005793 0.0361845183179
0.0000200005893 0.0000000000000
0.0000210006695 0.0000000000000
0.0000210006795 0.0308295633674
0.0000210006883 0.0000000000000
0.0000210006895 0.0000000000000
0.0000210006983 0.0672749160407
0.0000210006986 0.0000000000000
0.0000210007083 0.0000000000000
0.0000210007086 0.0192770687768
0.0000210007133 0.0000000000000
0.0000210007185 0.0000000000000
0.0000210007186 0.0000000000000
0.0000210007233 0.0846679853183
0.0000210007285 0.0345916343124
0.0000210007333 0.0000000000000
0.0000210007385 0.0000000000000
0.0000210007438 0.0000000000000
0.0000210007538 0.0667431536172
0.0000210007638 0.0000000000000
0.0000220005242 0.0000000000000
0.0000220005342 0.0360657970296
0.0000220005391 0.0000000000000
0.0000220005442 0.0000000000000
0.0000220005491 0.0615235825920
0.0000220005571 0.0000000000000
0.0000220005591 0.0000000000000
0.0000220005671 0.0383216617247
0.0000220005725 0.0000000000000
0.0000220005771 0.0000000000000
0.0000220005771 0.0000000000000
0.0000220005825 0.0924487959043
0.0000220005871 0.0473294191738
0.0000220005910 0.0000000000000
0.0000220005925 0.0000000000000
0.0000220005971 0.0000000000000
0.0000220006010 0.0730566908454
0.0000220006026 0.0000000000000
0.0000220006029 0.0000000000000
0.0000220006091 0.0000000000000
0.0000220006110 0.0000000000000
0.0000220006126 0.0554737636371
0.0000220006129 0.0514950784118
0.0000220006191 0.0308976558742
0.0000220006207 0.0000000000000
0.0000220006226 0.0000000000000
0.0000220006229 0.0000000000000
0.0000220006291 0.0000000000000
0.0000220006307 0.0377458394438
0.0000220006407 0.0000000000000
0.0000220006796 0.0000000000000
0.0000220006896 0.0526683523580
0.0000220006996 0.0000000000000
0.0000230003952 0.0000000000000
0.0000230004049 0.0000000000000
0.0000230004052 0.0389913715560
0.0000230004071 0.0000000000000
0.0000230004106 0.0000000000000
0.0000230004139 0.0000000000000
0.0000230004149 0.0432217587298
0.0000230004152 0.0000000000000
0.0000230004171 0.0387061841159
0.0000230004184 0.0000000000000
0.0000230004206 0.0663919564999
0.0000230004236 0.0000000000000
0.0000230004239 0.0451522213513
0.0000230004249 0.0000000000000
0.0000230004271 0.0000000000000
0.0000230004284 0.0674864033559
0.0000230004306 0.0000000000000
0.0000230004333 0.0000000000000
0.0000230004336 0.0362502075597
0.0000230004339 0.0000000000000
0.0000230004384 0.0000000000000
0.0000230004433 0.0546292563354
0.0000230004434 0.0000000000000
0.0000230004436 0.0000000000000
0.0000230004442 0.0000000000000
0.0000230004449 0.0000000000000
0.0000230004533 0.0000000000000
0.0000230004534 0.0352333060527
0.0000230004542 0.0545594014344
0.0000230004549 0.0504019132972
0.0000230004597 0.0000000000000
0.0000230004634 0.0000000000000
0.0000230004642 0.0000000000000
0.0000230004649 0.0000000000000
0.0000230004697 0.0163644718812
0.0000230004797 0.0000000000000
0.0000230004862 0.0000000000000
0.0000230004913 0.0000000000000
0.0000230004939 0.0000000000000
0.0000230004962 0.0332227345997
0.0000230005013 0.0513047398282
0.0000230005039 0.0156391665208
0.0000230005062 0.0000000000000
0.0000230005101 0.0000000000000
0.0000230005113 0.0000000000000
0.0000230005139 0.0000000000000
0.0000230005201 0.0376399355686
0.0000230005301 0.0000000000000
0.0000230005309 0.0000000000000
0.0000230005409 0.0667444353585
0.0000230005509 0.0000000000000
0.0000240003932 0.0000000000000
0.0000240004032 0.0436341589944
0.0000240004056 0.0000000000000
0.0000240004069 0.0000000000000
0.0000240004132 0.0000000000000
0.0000240004134 0.0000000000000
0.0000240004135 0.0000000000000
0.0000240004156 0.0538656589536
0.0000240004169 0.0622798099614
0.0000240004180 0.0000000000000
0.0000240004187 0.0000000000000
0.0000240004234 0.0344765980303
0.0000240004235 0.0684286434320
0.0000240004256 0.0000000000000
0.0000240004269 0.0000000000000
0.0000240004280 0.0393742917706
0.0000240004287 0.0766840187357
0.0000240004325 0.0000000000000
0.0000240004334 0.0000000000000
0.0000240004335 0.0000000000000
0.0000240004380 0.0000000000000
0.0000240004387 0.0000000000000
0.0000240004425 0.0191195748141
0.0000240004435 0.0000000000000
0.0000240004458 0.0000000000000
0.0000240004525 0.0000000000000
0.0000240004529 0.0000000000000
0.0000240004535 0.0503064235700
0.0000240004539 0.0000000000000
0.0000240004558 0.0407864502522
0.0000240004629 0.0620660795989
0.0000240004635 0.0000000000000
0.0000240004639 0.0558760701889
0.0000240004658 0.0000000000000
0.0000240004669 0.0000000000000
0.0000240004670 0.0000000000000
0.0000240004688 0.0000000000000
0.0000240004725 0.0000000000000
0.0000240004729 0.0000000000000
0.0000240004733 0.0000000000000
0.0000240004739 0.0000000000000
0.0000240004769 0.0596868473034
0.0000240004770 0.0710451580864
0.0000240004788 0.0290242307408
0.0000240004790 0.0000000000000
0.0000240004809 0.0000000000000
0.0000240004825 0.0452845611410
0.0000240004833 0.0278424652585
0.0000240004869 0.0000000000000
0.0000240004870 0.0000000000000
0.0000240004887 0.0000000000000
0.0000240004888 0.0000000000000
0.0000240004890 0.0023273217727
0.0000240004903 0.0000000000000
0.0000240004909 0.0561413906388
0.0000240004925 0.0000000000000
0.0000240004933 0.0000000000000
0.0000240004987 0.0000000000000
0.0000240004987 0.0265903642221
0.0000240004990 0.0000000000000
0.0000240004999 0.0000000000000
0.0000240005003 0.0574434795860
0.0000240005006 0.0000000000000
0.0000240005009 0.0000000000000
0.0000240005087 0.0669407019957
0.0000240005087 0.0000000000000
0.0000240005099 0.0423424841953
0.0000240005103 0.0000000000000
0.0000240005106 0.0405070306480
0.0000240005118 0.0000000000000
0.0000240005151 0.0000000000000
0.0000240005170 0.0000000000000
0.0000240005187 0.0000000000000
0.0000240005199 0.0000000000000
0.0000240005206 0.0000000000000
0.0000240005209 0.0000000000000
0.0000240005218 0.0315534267689
0.0000240005251 0.0621176696864
0.0000240005270 0.0362740799915
0.0000240005309 0.0520593650209
0.0000240005318 0.0000000000000
0.0000240005339 0.0000000000000
0.0000240005351 0.0000000000000
0.0000240005356 0.0000000000000
0.0000240005370 0.0000000000000
0.0000240005409 0.0000000000000
0.0000240005439 0.0425719158887
0.0000240005456 0.0549798125821
0.0000240005539 0.0000000000000
0.0000240005556 0.0000000000000
0.0000250005027 0.0000000000000
0.0000250005127 0.0153871441369
0.0000250005227 0.0000000000000
0.0000250005799 0.0000000000000
0.0000250005899 0.0564704777186
0.0000250005953 0.0000000000000
0.0000250005999 0.0000000000000
0.0000250006016 0.0000000000000
0.0000250006025 0.0000000000000
0.0000250006053 0.0534168892795
0.0000250006116 0.0362937867641
0.0000250006119 0.0000000000000
0.0000250006125 0.0649871680307
0.0000250006153 0.0000000000000
0.0000250006216 0.0000000000000
0.0000250006219 0.0506736424536
0.0000250006225 0.0000000000000
0.0000250006267 0.0000000000000
0.0000250006280 0.0000000000000
0.0000250006295 0.0000000000000
0.0000250006319 0.0000000000000
0.0000250006337 0.0000000000000
0.0000250006367 0.0845406122762
0.0000250006380 0.0524868257458
0.0000250006395 0.0216377158235
0.0000250006437 0.0197556389362
0.0000250006467 0.0000000000000
0.0000250006480 0.0000000000000
0.0000250006495 0.0000000000000
0.0000250006537 0.0000000000000
0.0000250006609 0.0000000000000
0.0000250006709 0.0757451432305
0.0000250006809 0.0000000000000
0.0000260005438 0.0000000000000
0.0000260005504 0.0000000000000
0.0000260005538 0.0258464736128
0.0000260005591 0.0000000000000
0.0000260005604 0.0261548926141
0.0000260005638 0.0000000000000
0.0000260005691 0.0536182828819
0.0000260005704 0.0000000000000
0.0000260005736 0.0000000000000
0.0000260005791 0.0000000000000
0.0000260005836 0.0424100960491
0.0000260005882 0.0000000000000
0.0000260005936 0.0000000000000
0.0000260005943 0.0000000000000
0.0000260005982 0.0414181884975
0.0000260006043 0.0463649088426
0.0000260006082 0.0000000000000
0.0000260006110 0.0000000000000
0.0000260006122 0.0000000000000
0.0000260006143 0.0000000000000
0.0000260006176 0.0000000000000
0.0000260006210 0.0435404316616
0.0000260006222 0.0621729447801
0.0000260006276 0.0421390077633
0.0000260006310 0.0000000000000
0.0000260006322 0.0000000000000
0.0000260006376 0.0000000000000
0.0000260006429 0.0000000000000
0.0000260006500 0.0000000000000
0.0000260006529 0.0518677446960
0.0000260006600 0.0780889674226
0.0000260006629 0.0000000000000
0.0000260006700 0.0000000000000
0.0000270005867 0.0000000000000
0.0000270005967 0.0690243327030
0.0000270005979 0.0000000000000
0.0000270006067 0.0000000000000
0.0000270006079 0.0415808094254
0.0000270006096 0.0000000000000
0.0000270006179 0.0000000000000
0.0000270006187 0.0000000000000
0.0000270006196 0.0449657279916
0.0000270006227 0.0000000000000
0.0000270006287 0.0447869250797
0.0000270006296 0.0000000000000
0.0000270006327 0.0305743366303
0.0000270006387 0.0000000000000
0.0000270006427 0.0000000000000
0.0000270006483 0.0000000000000
0.0000270006533 0.0000000000000
0.0000270006558 0.0000000000000
0.0000270006583 0.0882848990606
0.0000270006633 0.0516472851917
0.0000270006658 0.0309288983185
0.0000270006683 0.0000000000000
0.0000270006708 0.0000000000000
0.0000270006733 0.0000000000000
0.0000270006758 0.0000000000000
0.0000270006808 0.0383910359727
0.0000270006908 0.0000000000000
0.0000280007199 0.0000000000000
0.0000280007299 0.0291238861272
0.0000280007399 0.0000000000000
0.0000290003723 0.0000000000000
0.0000290003739 0.0000000000000
0.0000290003823 0.0915333121779
0.0000290003839 0.0483421550217
0.0000290003882 0.0000000000000
0.0000290003919 0.0000000000000
0.0000290003923 0.0000000000000
0.0000290003939 0.0000000000000
0.0000290003956 0.0000000000000
0.0000290003977 0.0000000000000
0.0000290003982 0.0591534827032
0.0000290004019 0.0089989454777
0.0000290004056 0.0302409236736
0.0000290004073 0.0000000000000
0.0000290004077 0.0176180148765
0.0000290004082 0.0000000000000
0.0000290004119 0.0000000000000
0.0000290004156 0.0000000000000
0.0000290004173 0.0388330765050
0.0000290004177 0.0000000000000
0.0000290004256 0.0000000000000
0.0000290004273 0.0000000000000
0.0000290004303 0.0000000000000
0.0000290004316 0.0000000000000
0.0000290004356 0.0671295986204
0.0000290004368 0.0000000000000
0.0000290004403 0.0470589717587
0.0000290004416 0.0740615760277
0.0000290004425 0.0000000000000
0.0000290004456 0.0000000000000
0.0000290004468 0.0344099474825
0.0000290004503 0.0000000000000
0.0000290004516 0.0000000000000
0.0000290004525 0.0725089066556
0.0000290004568 0.0000000000000
0.0000290004589 0.0000000000000
0.0000290004599 0.0000000000000
0.0000290004625 0.0000000000000
0.0000290004689 0.0282357996211
0.0000290004699 0.0203207266336
0.0000290004748 0.0000000000000
0.0000290004789 0.0000000000000
0.0000290004799 0.0000000000000
0.0000290004808 0.0000000000000
0.0000290004848 0.0321611323646
0.0000290004908 0.0576743532384
0.0000290004914 0.0000000000000
0.0000290004948 0.0000000000000
0.0000290005008 0.0000000000000
0.0000290005014 0.0152847650502
0.0000290005077 0.0000000000000
0.0000290005114 0.0000000000000
0.0000290005177 0.0368047208914
0.0000290005277 0.0000000000000
0.0000300004564 0.0000000000000
0.0000300004664 0.0307102012085
0.0000300004764 0.0000000000000
0.0000300004787 0.0000000000000
0.0000300004830 0.0000000000000
0.0000300004887 0.0583219530323
0.0000300004930 0.0440173996443
0.0000300004964 0.0000000000000
0.0000300004987 0.0000000000000
0.0000300005030 0.0000000000000
0.0000300005064 0.0513141926703
0.0000300005091 0.0000000000000
0.0000300005164 0.0000000000000
0.0000300005172 0.0000000000000
0.0000300005191 0.0688722861408
0.0000300005192 0.0000000000000
0.0000300005272 0.0446382430884
0.0000300005283 0.0000000000000
0.0000300005291 0.0000000000000
0.0000300005292 0.0221126009766
0.0000300005372 0.0000000000000
0.0000300005383 0.0468535727147
0.0000300005392 0.0000000000000
0.0000300005407 0.0000000000000
0.0000300005472 0.0000000000000
0.0000300005483 0.0000000000000
0.0000300005493 0.0000000000000
0.0000300005507 0.0712202759921
0.0000300005572 0.0465727111515
0.0000300005593 0.0113302726920
0.0000300005607 0.0000000000000
0.0000300005621 0.0000000000000
0.0000300005672 0.0000000000000
0.0000300005676 0.0000000000000
0.0000300005693 0.0000000000000
0.0000300005697 0.0000000000000
0.0000300005721 0.0442782339997
0.0000300005776 0.0675942298431
0.0000300005797 0.0382867342741
0.0000300005821 0.0000000000000
0.0000300005876 0.0000000000000
0.0000300005897 0.0000000000000
0.0000300005978 0.0000000000000
0.0000300006078 0.1080565597631
0.0000300006178 0.0000000000000
0.0000300006325 0.0000000000000
0.0000300006425 0.0291669846785
0.0000300006525 0.0000000000000
0.0000310005256 0.0000000000000
0.0000310005356 0.0312536595214
0.0000310005408 0.0000000000000
0.0000310005414 0.0000000000000
0.0000310005419 0.0000000000000
0.0000310005456 0.0000000000000
0.0000310005508 0.0304706758023
0.0000310005514 0.0135943084879
0.0000310005519 0.0498714326150
0.0000310005574 0.0000000000000
0.0000310005608 0.0000000000000
0.0000310005614 0.0000000000000
0.0000310005619 0.0000000000000
0.0000310005641 0.0000000000000
0.0000310005674 0.0392554102646
0.0000310005719 0.0000000000000
0.0000310005726 0.0000000000000
0.0000310005741 0.0539097188109
0.0000310005774 0.0000000000000
0.0000310005819 0.0306419484841
0.0000310005826 0.0174002790725
0.0000310005841 0.0000000000000
0.0000310005844 0.0000000000000
0.0000310005883 0.0000000000000
0.0000310005919 0.0000000000000
0.0000310005926 0.0000000000000
0.0000310005944 0.0216444449653
0.0000310005983 0.0576328568637
0.0000310006044 0.0000000000000
0.0000310006083 0.0000000000000
0.0000310006742 0.0000000000000
0.0000310006842 0.0544704806314
0.0000310006942 0.0000000000000
0.0000320006531 0.0000000000000
0.0000320006542 0.0000000000000
0.0000320006631 0.0475934578825
0.0000320006642 0.0410719581277
0.0000320006731 0.0000000000000
0.0000320006742 0.0000000000000
0.0000320007582 0.0000000000000
0.0000320007682 0.0596576876887
0.0000320007782 0.0000000000000
0.0000330004993 0.0000000000000
0.0000330005037 0.0000000000000
0.0000330005093 0.0283072566988
0.0000330005137 0.0304746812439
0.0000330005183 0.0000000000000
0.0000330005193 0.0000000000000
0.0000330005237 0.0000000000000
0.0000330005238 0.0000000000000
0.0000330005260 0.0000000000000
0.0000330005283 0.0260973744731
0.0000330005310 0.0000000000000
0.0000330005338 0.0300073263209
0.0000330005342 0.0000000000000
0.0000330005349 0.0000000000000
0.0000330005357 0.0000000000000
0.0000330005360 0.0374542432972
0.0000330005383 0.0000000000000
0.0000330005410 0.0418914714740
0.0000330005438 0.0000000000000
0.0000330005442 0.0461474934739
0.0000330005449 0.0411839502741
0.0000330005457 0.0526531316800
0.0000330005460 0.0000000000000
0.0000330005481 0.0000000000000
0.0000330005510 0.0000000000000
0.0000330005542 0.0000000000000
0.0000330005549 0.0000000000000
0.0000330005557 0.0000000000000
0.0000330005565 0.0000000000000
0.0000330005579 0.0000000000000
0.0000330005581 0.0576914965284
0.0000330005618 0.0000000000000
0.0000330005665 0.0426579527738
0.0000330005679 0.0798612952107
0.0000330005681 0.0000000000000
0.0000330005712 0.0000000000000
0.0000330005718 0.0371559180087
0.0000330005738 0.0000000000000
0.0000330005765 0.0000000000000
0.0000330005768 0.0000000000000
0.0000330005779 0.0000000000000
0.0000330005786 0.0000000000000
0.0000330005812 0.0371724204280
0.0000330005818 0.0000000000000
0.0000330005838 0.0557137696963
0.0000330005848 0.0000000000000
0.0000330005868 0.0334718730656
0.0000330005886 0.0521766443502
0.0000330005912 0.0000000000000
0.0000330005938 0.0000000000000
0.0000330005948 0.0339754371805
0.0000330005967 0.0000000000000
0.0000330005968 0.0000000000000
0.0000330005986 0.0000000000000
0.0000330006036 0.0000000000000
0.0000330006048 0.0000000000000
0.0000330006067 0.0488409126066
0.0000330006125 0.0000000000000
0.0000330006136 0.0166366816906
0.0000330006167 0.0000000000000
0.0000330006185 0.0000000000000
0.0000330006191 0.0000000000000
0.0000330006225 0.0514465324600
0.0000330006236 0.0000000000000
0.0000330006278 0.0000000000000
0.0000330006285 0.0302859448369
0.0000330006291 0.0294601830018
0.0000330006325 0.0000000000000
0.0000330006378 0.0227222291843
0.0000330006385 0.0000000000000
0.0000330006391 0.0000000000000
0.0000330006478 0.0000000000000
0.0000340004962 0.0000000000000
0.0000340005062 0.0428617496411
0.0000340005133 0.0000000000000
0.0000340005142 0.0000000000000
0.0000340005162 0.0000000000000
0.0000340005221 0.0000000000000
0.0000340005233 0.0215878881303
0.0000340005242 0.0507957283128
0.0000340005306 0.0000000000000
0.0000340005321 0.0671054057533
0.0000340005333 0.0000000000000
0.0000340005342 0.0000000000000
0.0000340005406 0.0320278312690
0.0000340005421 0.0000000000000
0.0000340005437 0.0000000000000
0.0000340005506 0.0000000000000
0.0000340005537 0.0463503290352
0.0000340005637 0.0000000000000
0.0000340005694 0.0000000000000
0.0000340005763 0.0000000000000
0.0000340005776 0.0000000000000
0.0000340005779 0.0000000000000
0.0000340005794 0.0367702740938
0.0000340005863 0.0677384257398
0.0000340005876 0.0365717644094
0.0000340005879 0.0447499147995
0.0000340005894 0.0000000000000
0.0000340005963 0.0000000000000
0.0000340005976 0.0000000000000
0.0000340005979 0.0000000000000
0.0000350006555 0.0000000000000
0.0000350006655 0.0296380246077
0.0000350006755 0.0000000000000
0.0000350006949 0.0000000000000
0.0000350007032 0.0000000000000
0.0000350007049 0.0456628350433
0.0000350007132 0.0374846846531
0.0000350007138 0.0000000000000
0.0000350007149 0.0000000000000
0.0000350007232 0.0000000000000
0.0000350007238 0.0442918525010
0.0000350007239 0.0000000000000
0.0000350007247 0.0000000000000
0.0000350007247 0.0000000000000
0.0000350007326 0.0000000000000
0.0000350007338 0.0000000000000
0.0000350007339 0.0317317490278
0.0000350007347 0.0251187649875
0.0000350007347 0.0467199511838
0.0000350007426 0.0229542243603
0.0000350007439 0.0000000000000
0.0000350007447 0.0000000000000
0.0000350007447 0.0000000000000
0.0000350007526 0.0000000000000
0.0000360004735 0.0000000000000
0.0000360004756 0.0000000000000
0.0000360004835 0.0481141652872
0.0000360004856 0.0642511280869
0.0000360004935 0.0000000000000
0.0000360004955 0.0000000000000
0.0000360004956 0.0000000000000
0.0000360005055 0.0517918015237
0.0000360005103 0.0000000000000
0.0000360005122 0.0000000000000
0.0000360005155 0.0000000000000
0.0000360005203 0.0410477652606
0.0000360005222 0.0441675235945
0.0000360005303 0.0000000000000
0.0000360005322 0.0000000000000
0.0000360005538 0.0000000000000
0.0000360005550 0.0000000000000
0.0000360005624 0.0000000000000
0.0000360005638 0.0617541358091
0.0000360005650 0.0226365127346
0.0000360005710 0.0000000000000
0.0000360005724 0.0394632125735
0.0000360005738 0.0000000000000
0.0000360005749 0.0000000000000
0.0000360005750 0.0000000000000
0.0000360005810 0.0872939528149
0.0000360005824 0.0000000000000
0.0000360005849 0.0486782916786
0.0000360005905 0.0000000000000
0.0000360005910 0.0000000000000
0.0000360005949 0.0000000000000
0.0000360006005 0.0503485608154
0.0000360006044 0.0000000000000
0.0000360006054 0.0000000000000
0.0000360006105 0.0000000000000
0.0000360006144 0.0638707713550
0.0000360006154 0.0645339122621
0.0000360006244 0.0000000000000
0.0000360006254 0.0000000000000
0.0000370005215 0.0000000000000
0.0000370005262 0.0000000000000
0.0000370005315 0.0306501195849
0.0000370005362 0.0238128308164
0.0000370005415 0.0000000000000
0.0000370005433 0.0000000000000
0.0000370005456 0.0000000000000
0.0000370005462 0.0000000000000
0.0000370005517 0.0000000000000
0.0000370005533 0.0404102591795
0.0000370005556 0.0296804822884
0.0000370005617 0.0373675655415
0.0000370005633 0.0000000000000
0.0000370005656 0.0000000000000
0.0000370005695 0.0000000000000
0.0000370005717 0.0000000000000
0.0000370005795 0.0423480918135
0.0000370005895 0.0000000000000
0.0000370005964 0.0000000000000
0.0000370006064 0.0439648482508
0.0000370006112 0.0000000000000
0.0000370006164 0.0000000000000
0.0000370006212 0.0547821039859
0.0000370006312 0.0000000000000
0.0000370006318 0.0000000000000
0.0000370006418 0.0425204860189
0.0000370006518 0.0000000000000
0.0000380004331 0.0000000000000
0.0000380004393 0.0000000000000
0.0000380004431 0.0444666499714
0.0000380004493 0.0772346868434
0.0000380004531 0.0000000000000
0.0000380004593 0.0000000000000
0.0000380004649 0.0000000000000
0.0000380004724 0.0000000000000
0.0000380004742 0.0000000000000
0.0000380004749 0.0232640853206
0.0000380004778 0.0000000000000
0.0000380004824 0.0681522679633
0.0000380004842 0.0459518677074
0.0000380004849 0.0000000000000
0.0000380004878 0.0435793645537
0.0000380004924 0.0000000000000
0.0000380004942 0.0000000000000
0.0000380004978 0.0000000000000
0.0000380005080 0.0000000000000
0.0000380005117 0.0000000000000
0.0000380005148 0.0000000000000
0.0000380005180 0.0540454231715
0.0000380005217 0.0201589067940
0.0000380005248 0.0000000000000
0.0000380005248 0.0554769679904
0.0000380005256 0.0000000000000
0.0000380005278 0.0000000000000
0.0000380005280 0.0000000000000
0.0000380005285 0.0000000000000
0.0000380005303 0.0000000000000
0.0000380005317 0.0000000000000
0.0000380005325 0.0000000000000
0.0000380005348 0.0379291284503
0.0000380005348 0.0000000000000
0.0000380005356 0.0568806349359
0.0000380005378 0.0435684697526
0.0000380005384 0.0000000000000
0.0000380005385 0.0443697182852
0.0000380005403 0.0456330345580
0.0000380005425 0.0470315745383
0.0000380005448 0.0000000000000
0.0000380005456 0.0000000000000
0.0000380005463 0.0000000000000
0.0000380005478 0.0000000000000
0.0000380005484 0.0250769481774
0.0000380005485 0.0000000000000
0.0000380005503 0.0000000000000
0.0000380005525 0.0000000000000
0.0000380005563 0.0172698618948
0.0000380005584 0.0000000000000
0.0000380005663 0.0000000000000
0.0000390003816 0.0000000000000
0.0000390003916 0.0372222481211
0.0000390004006 0.0000000000000
0.0000390004016 0.0000000000000
0.0000390004106 0.0261500860842
0.0000390004138 0.0000000000000
0.0000390004141 0.0000000000000
0.0000390004150 0.0000000000000
0.0000390004190 0.0000000000000
0.0000390004206 0.0000000000000
0.0000390004236 0.0000000000000
0.0000390004238 0.0497471037085
0.0000390004241 0.0523219617706
0.0000390004250 0.0297421660887
0.0000390004290 0.0190684653796
0.0000390004336 0.0595849488697
0.0000390004338 0.0000000000000
0.0000390004341 0.0000000000000
0.0000390004350 0.0000000000000
0.0000390004353 0.0000000000000
0.0000390004390 0.0000000000000
0.0000390004393 0.0000000000000
0.0000390004436 0.0000000000000
0.0000390004453 0.0115372739126
0.0000390004453 0.0000000000000
0.0000390004455 0.0000000000000
0.0000390004466 0.0000000000000
0.0000390004493 0.0422159122415
0.0000390004497 0.0000000000000
0.0000390004526 0.0000000000000
0.0000390004553 0.0000000000000
0.0000390004553 0.0414635300961
0.0000390004555 0.0511448426005
0.0000390004566 0.0561540478342
0.0000390004593 0.0000000000000
0.0000390004597 0.0443304649578
0.0000390004626 0.0905466918091
0.0000390004653 0.0000000000000
0.0000390004655 0.0000000000000
0.0000390004656 0.0000000000000
0.0000390004666 0.0000000000000
0.0000390004680 0.0000000000000
0.0000390004697 0.0000000000000
0.0000390004726 0.0000000000000
0.0000390004756 0.0398760934911
0.0000390004780 0.0299289798837
0.0000390004792 0.0000000000000
0.0000390004824 0.0000000000000
0.0000390004830 0.0000000000000
0.0000390004856 0.0000000000000
0.0000390004872 0.0000000000000
0.0000390004880 0.0000000000000
0.0000390004892 0.0539404806022
0.0000390004894 0.0000000000000
0.0000390004909 0.0000000000000
0.0000390004924 0.0758481631878
0.0000390004930 0.0476955165338
0.0000390004947 0.0000000000000
0.0000390004957 0.0000000000000
0.0000390004972 0.0671517086579
0.0000390004992 0.0000000000000
0.0000390004994 0.0539632315104
0.0000390005009 0.0321460719043
0.0000390005024 0.0000000000000
0.0000390005030 0.0000000000000
0.0000390005047 0.0555500272447
0.0000390005057 0.0631182289918
0.0000390005072 0.0000000000000
0.0000390005094 0.0000000000000
0.0000390005109 0.0000000000000
0.0000390005147 0.0000000000000
0.0000390005153 0.0000000000000
0.0000390005157 0.0000000000000
0.0000390005253 0.0486944736626
0.0000390005353 0.0000000000000
0.0000400004003 0.0000000000000
0.0000400004061 0.0000000000000
0.0000400004103 0.0279752857011
0.0000400004161 0.0665087551762
0.0000400004203 0.0000000000000
0.0000400004258 0.0000000000000
0.0000400004261 0.0000000000000
0.0000400004336 0.0000000000000
0.0000400004358 0.0202902852776
0.0000400004436 0.0522001963467
0.0000400004458 0.0000000000000
0.0000400004480 0.0000000000000
0.0000400004494 0.0000000000000
0.0000400004536 0.0000000000000
0.0000400004580 0.0511592621902
0.0000400004594 0.0288455880465
0.0000400004657 0.0000000000000
0.0000400004676 0.0000000000000
0.0000400004680 0.0000000000000
0.0000400004694 0.0000000000000
0.0000400004743 0.0000000000000
0.0000400004757 0.0326403433947
0.0000400004776 0.0469208641332
0.0000400004843 0.0598529930199
0.0000400004857 0.0000000000000
0.0000400004876 0.0000000000000
0.0000400004940 0.0000000000000
0.0000400004943 0.0000000000000
0.0000400004985 0.0000000000000
0.0000400005003 0.0000000000000
0.0000400005009 0.0000000000000
0.0000400005040 0.0556770798515
0.0000400005059 0.0000000000000
0.0000400005067 0.0000000000000
0.0000400005085 0.0327140435197
0.0000400005103 0.0804856634434
0.0000400005109 0.0231511318682
0.0000400005140 0.0000000000000
0.0000400005159 0.0696583139955
0.0000400005167 0.0482873605809
0.0000400005185 0.0000000000000
0.0000400005203 0.0000000000000
0.0000400005209 0.0000000000000
0.0000400005259 0.0000000000000
0.0000400005267 0.0000000000000
0.0000400005354 0.0000000000000
0.0000400005454 0.0183349889184
0.0000400005554 0.0000000000000
0.0000410004478 0.0000000000000
0.0000410004578 0.0799944360886
0.0000410004597 0.0000000000000
0.0000410004630 0.0000000000000
0.0000410004678 0.0000000000000
0.0000410004687 0.0000000000000
0.0000410004697 0.0248853278525
0.0000410004730 0.0332254583000
0.0000410004787 0.0211295053964
0.0000410004797 0.0000000000000
0.0000410004830 0.0000000000000
0.0000410004887 0.0000000000000
0.0000410005049 0.0000000000000
0.0000410005083 0.0000000000000
0.0000410005149 0.0175369447390
0.0000410005183 0.0511756043918
0.0000410005249 0.0000000000000
0.0000410005283 0.0000000000000
0.0000410005289 0.0000000000000
0.0000410005334 0.0000000000000
0.0000410005360 0.0000000000000
0.0000410005363 0.0000000000000
0.0000410005389 0.0237553126753
0.0000410005434 0.0402753559073
0.0000410005454 0.0000000000000
0.0000410005455 0.0000000000000
0.0000410005460 0.0692540848317
0.0000410005461 0.0000000000000
0.0000410005463 0.0343110931844
0.0000410005489 0.0000000000000
0.0000410005514 0.0000000000000
0.0000410005534 0.0000000000000
0.0000410005554 0.0338769033177
0.0000410005555 0.0285046448597
0.0000410005560 0.0000000000000
0.0000410005561 0.0521016624840
0.0000410005563 0.0000000000000
0.0000410005598 0.0000000000000
0.0000410005614 0.0141651640212
0.0000410005651 0.0000000000000
0.0000410005654 0.0000000000000
0.0000410005655 0.0000000000000
0.0000410005658 0.0000000000000
0.0000410005661 0.0000000000000
0.0000410005698 0.0329380278125
0.0000410005714 0.0000000000000
0.0000410005751 0.0702628152380
0.0000410005758 0.0354053798227
0.0000410005798 0.0000000000000
0.0000410005849 0.0000000000000
0.0000410005851 0.0000000000000
0.0000410005858 0.0000000000000
0.0000410005949 0.0275414162697
0.0000410006049 0.0000000000000
0.0000420005537 0.0000000000000
0.0000420005637 0.0662532080038
0.0000420005737 0.0000000000000
0.0000420006147 0.0000000000000
0.0000420006210 0.0000000000000
0.0000420006214 0.0000000000000
0.0000420006247 0.0322072750516
0.0000420006310 0.0704268781249
0.0000420006314 0.0382138352375
0.0000420006347 0.0000000000000
0.0000420006410 0.0000000000000
0.0000420006414 0.0000000000000
0.0000430005046 0.0000000000000
0.0000430005146 0.0290197446462
0.0000430005188 0.0000000000000
0.0000430005206 0.0000000000000
0.0000430005246 0.0000000000000
0.0000430005283 0.0000000000000
0.0000430005288 0.0294412773176
0.0000430005306 0.0000000000000
0.0000430005306 0.0568939330020
0.0000430005362 0.0000000000000
0.0000430005383 0.0383798207363
0.0000430005387 0.0000000000000
0.0000430005388 0.0000000000000
0.0000430005406 0.0432291287423
0.0000430005406 0.0000000000000
0.0000430005462 0.0451052775761
0.0000430005483 0.0000000000000
0.0000430005487 0.0353036416067
0.0000430005506 0.0000000000000
0.0000430005562 0.0000000000000
0.0000430005563 0.0000000000000
0.0000430005587 0.0000000000000
0.0000430005632 0.0000000000000
0.0000430005663 0.0416352834308
0.0000430005732 0.0559159643870
0.0000430005763 0.0000000000000
0.0000430005798 0.0000000000000
0.0000430005832 0.0000000000000
0.0000430005852 0.0000000000000
0.0000430005898 0.0624121497510
0.0000430005952 0.0463309426980
0.0000430005959 0.0000000000000
0.0000430005998 0.0000000000000
0.0000430006052 0.0000000000000
0.0000430006059 0.0244282268599
0.0000430006159 0.0000000000000
0.0000430006412 0.0000000000000
0.0000430006512 0.0582855836228
0.0000430006612 0.0000000000000
0.0000440005254 0.0000000000000
0.0000440005354 0.0683177728092
0.0000440005454 0.0000000000000
0.0000440005905 0.0000000000000
0.0000440005974 0.0000000000000
0.0000440006005 0.0568574033748
0.0000440006059 0.0000000000000
0.0000440006074 0.0484241864651
0.0000440006105 0.0000000000000
0.0000440006159 0.0439744613106
0.0000440006174 0.0000000000000
0.0000440006259 0.0000000000000
0.0000440006339 0.0000000000000
0.0000440006365 0.0000000000000
0.0000440006439 0.0333909631458
0.0000440006465 0.0353151772785
0.0000440006520 0.0000000000000
0.0000440006539 0.0000000000000
0.0000440006565 0.0000000000000
0.0000440006620 0.0407943009177
0.0000440006720 0.0000000000000
0.0000450003584 0.0000000000000
0.0000450003661 0.0000000000000
0.0000450003684 0.0241505696500
0.0000450003759 0.0000000000000
0.0000450003761 0.0415003801586
0.0000450003784 0.0000000000000
0.0000450003859 0.0384429464955
0.0000450003860 0.0000000000000
0.0000450003861 0.0000000000000
0.0000450003895 0.0000000000000
0.0000450003956 0.0000000000000
0.0000450003959 0.0000000000000
0.0000450003960 0.0250335291908
0.0000450003968 0.0000000000000
0.0000450003995 0.0235487921077
0.0000450004032 0.0000000000000
0.0000450004043 0.0000000000000
0.0000450004056 0.0486379168276
0.0000450004060 0.0000000000000
0.0000450004068 0.0366231942792
0.0000450004095 0.0000000000000
0.0000450004119 0.0000000000000
0.0000450004132 0.0369574083242
0.0000450004143 0.0233493211173
0.0000450004156 0.0000000000000
0.0000450004168 0.0000000000000
0.0000450004219 0.0409274417957
0.0000450004232 0.0000000000000
0.0000450004243 0.0000000000000
0.0000450004256 0.0000000000000
0.0000450004303 0.0000000000000
0.0000450004319 0.0000000000000
0.0000450004337 0.0000000000000
0.0000450004356 0.0520271612707
0.0000450004403 0.0715006569023
0.0000450004437 0.0261182027693
0.0000450004456 0.0000000000000
0.0000450004461 0.0000000000000
0.0000450004468 0.0000000000000
0.0000450004503 0.0000000000000
0.0000450004511 0.0000000000000
0.0000450004537 0.0000000000000
0.0000450004546 0.0000000000000
0.0000450004561 0.0737007658507
0.0000450004568 0.0388500595772
0.0000450004611 0.0996010725982
0.0000450004646 0.0501255378285
0.0000450004652 0.0000000000000
0.0000450004659 0.0000000000000
0.0000450004661 0.0000000000000
0.0000450004668 0.0000000000000
0.0000450004711 0.0000000000000
0.0000450004746 0.0000000000000
0.0000450004752 0.0364911749249
0.0000450004759 0.0309607816334
0.0000450004823 0.0000000000000
0.0000450004844 0.0000000000000
0.0000450004852 0.0000000000000
0.0000450004859 0.0000000000000
0.0000450004923 0.0342067914858
0.0000450004944 0.0294646690964
0.0000450005005 0.0000000000000
0.0000450005023 0.0000000000000
0.0000450005044 0.0000000000000
0.0000450005105 0.0395372331338
0.0000450005117 0.0000000000000
0.0000450005176 0.0000000000000
0.0000450005205 0.0000000000000
0.0000450005217 0.0628501848416
0.0000450005276 0.0730574919337
0.0000450005317 0.0000000000000
0.0000450005325 0.0000000000000
0.0000450005376 0.0000000000000
0.0000450005425 0.0296212017531
0.0000450005525 0.0000000000000
0.0000460005276 0.0000000000000
0.0000460005300 0.0000000000000
0.0000460005376 0.0448438023501
0.0000460005400 0.0393718885056
0.0000460005476 0.0000000000000
0.0000460005500 0.0000000000000
0.0000460005815 0.0000000000000
0.0000460005915 0.0436654014387
0.0000460005915 0.0000000000000
0.0000460005920 0.0000000000000
0.0000460006006 0.0000000000000
0.0000460006015 0.0000000000000
0.0000460006015 0.0306741522343
0.0000460006020 0.0233903368390
0.0000460006106 0.0423423239776
0.0000460006115 0.0000000000000
0.0000460006120 0.0000000000000
0.0000460006206 0.0000000000000
0.0000460006321 0.0000000000000
0.0000460006421 0.0236752038438
0.0000460006521 0.0000000000000
0.0000470003741 0.0000000000000
0.0000470003791 0.0000000000000
0.0000470003841 0.0343580369597
0.0000470003883 0.0000000000000
0.0000470003891 0.0681128544182
0.0000470003941 0.0000000000000
0.0000470003983 0.0380327892783
0.0000470003991 0.0000000000000
0.0000470004039 0.0000000000000
0.0000470004083 0.0000000000000
0.0000470004096 0.0000000000000
0.0000470004117 0.0000000000000
0.0000470004139 0.0426140531341
0.0000470004175 0.0000000000000
0.0000470004196 0.0268181937389
0.0000470004217 0.0518751147085
0.0000470004239 0.0000000000000
0.0000470004275 0.0221617877991
0.0000470004296 0.0000000000000
0.0000470004317 0.0000000000000
0.0000470004375 0.0000000000000
0.0000470004383 0.0000000000000
0.0000470004414 0.0000000000000
0.0000470004483 0.0150095111052
0.0000470004484 0.0000000000000
0.0000470004514 0.0663249855168
0.0000470004583 0.0000000000000
0.0000470004584 0.0464565533458
0.0000470004605 0.0000000000000
0.0000470004614 0.0000000000000
0.0000470004684 0.0000000000000
0.0000470004705 0.0527069648148
0.0000470004784 0.0000000000000
0.0000470004805 0.0000000000000
0.0000470004884 0.0355833816463
0.0000470004984 0.0000000000000
0.0000480004761 0.0000000000000
0.0000480004861 0.0262580727891
0.0000480004961 0.0000000000000
0.0000480005033 0.0000000000000
0.0000480005127 0.0000000000000
0.0000480005133 0.0644100640086
0.0000480005147 0.0000000000000
0.0000480005227 0.0516657102229
0.0000480005233 0.0000000000000
0.0000480005247 0.0347037866765
0.0000480005272 0.0000000000000
0.0000480005327 0.0000000000000
0.0000480005347 0.0000000000000
0.0000480005372 0.0504789779931
0.0000480005376 0.0000000000000
0.0000480005472 0.0000000000000
0.0000480005476 0.0689511132310
0.0000480005576 0.0000000000000
0.0000480005669 0.0000000000000
0.0000480005769 0.0604744773347
0.0000480005869 0.0000000000000
0.0000480005890 0.0000000000000
0.0000480005990 0.0456932763993
0.0000480006090 0.0000000000000
0.0000480006221 0.0000000000000
0.0000480006321 0.0477290020254
0.0000480006421 0.0000000000000
0.0000490005244 0.0000000000000
0.0000490005282 0.0000000000000
0.0000490005344 0.0503637814934
0.0000490005382 0.0763105513633
0.0000490005444 0.0000000000000
0.0000490005482 0.0000000000000
0.0000490005930 0.0000000000000
0.0000490006030 0.0267372838191
0.0000490006049 0.0000000000000
0.0000490006099 0.0000000000000
0.0000490006130 0.0000000000000
0.0000490006149 0.0504353987888
0.0000490006199 0.0450727533905
0.0000490006245 0.0000000000000
0.0000490006249 0.0000000000000
0.0000490006263 0.0000000000000
0.0000490006299 0.0000000000000
0.0000490006345 0.0218708325231
0.0000490006363 0.0350072389302
0.0000490006445 0.0000000000000
0.0000490006463 0.0000000000000
