0.0000000000000 0.0000000000000
0.0000000000000 0.0000000000000
0.0000000025712 0.0000000000000
0.0000000025803 0.0000000000000
0.0000000025812 0.0433491317719
0.0000000025886 0.0000000000000
0.0000000025901 0.0000000000000
0.0000000025903 0.0515907283567
0.0000000025912 0.0000000000000
0.0000000025962 0.0000000000000
0.0000000025972 0.0000000000000
0.0000000025986 0.0349929795582
0.0000000026001 0.1022042891867
0.0000000026003 0.0000000000000
0.0000000026012 0.0000000000000
0.0000000026055 0.0000000000000
0.0000000026062 0.0680478060470
0.0000000026068 0.0000000000000
0.0000000026072 0.0407951020060
0.0000000026086 0.0000000000000
0.0000000026101 0.0000000000000
0.0000000026108 0.0000000000000
0.0000000026112 0.0312828191361
0.0000000026155 0.0257915189544
0.0000000026162 0.0000000000000
0.0000000026168 0.0801025830111
0.0000000026172 0.0000000000000
0.0000000026197 0.0000000000000
0.0000000026208 0.0480955800383
0.0000000026212 0.0000000000000
0.0000000026231 0.0000000000000
0.0000000026239 0.0000000000000
0.0000000026255 0.0000000000000
0.0000000026263 0.0000000000000
0.0000000026268 0.0000000000000
0.0000000026280 0.0000000000000
0.0000000026291 0.0000000000000
0.0000000026297 0.0465834457349
0.0000000026305 0.0000000000000
0.0000000026308 0.0000000000000
0.0000000026331 0.0091756655600
0.0000000026336 0.0000000000000
0.0000000026339 0.0098778995769
0.0000000026360 0.0000000000000
0.0000000026363 0.0265355697814
0.0000000026370 0.0000000000000
0.0000000026378 0.0000000000000
0.0000000026380 0.0460951022981
0.0000000026391 0.0790555605834
0.0000000026397 0.0000000000000
0.0000000026405 0.0415431582746
0.0000000026430 0.0000000000000
0.0000000026431 0.0000000000000
0.0000000026436 0.0749421323036
0.0000000026439 0.0000000000000
0.0000000026460 0.0351932516369
0.0000000026463 0.0000000000000
0.0000000026470 0.0351161869410
0.0000000026478 0.0565925635778
0.0000000026480 0.0000000000000
0.0000000026491 0.0000000000000
0.0000000026505 0.0000000000000
0.0000000026530 0.0219442122128
0.0000000026536 0.0000000000000
0.0000000026545 0.0000000000000
0.0000000026560 0.0000000000000
0.0000000026564 0.0000000000000
0.0000000026570 0.0000000000000
0.0000000026578 0.0000000000000
0.0000000026625 0.0000000000000
0.0000000026630 0.0000000000000
0.0000000026634 0.0000000000000
0.0000000026645 0.0114568446458
0.0000000026664 0.0570166597318
0.0000000026725 0.0227720568775
0.0000000026734 0.0459661270794
0.0000000026735 0.0000000000000
0.0000000026745 0.0000000000000
0.0000000026764 0.0000000000000
0.0000000026825 0.0000000000000
0.0000000026826 0.0000000000000
0.0000000026834 0.0000000000000
0.0000000026835 0.0365397208768
0.0000000026863 0.0000000000000
0.0000000026874 0.0000000000000
0.0000000026926 0.0436855888642
0.0000000026935 0.0000000000000
0.0000000026963 0.0482465050769
0.0000000026974 0.0418629527299
0.0000000027026 0.0000000000000
0.0000000027063 0.0000000000000
0.0000000027074 0.0000000000000
0.0000000027151 0.0000000000000
0.0000000027251 0.0255561592075
0.0000000027351 0.0000000000000
0.0000010027804 0.0000000000000
0.0000010027844 0.0000000000000
0.0000010027904 0.0409325687609
0.0000010027926 0.0000000000000
0.0000010027944 0.0415511691577
0.0000010028004 0.0000000000000
0.0000010028026 0.0638329599865
0.0000010028030 0.0000000000000
0.0000010028044 0.0000000000000
0.0000010028062 0.0000000000000
0.0000010028126 0.0000000000000
0.0000010028130 0.0592629113671
0.0000010028156 0.0000000000000
0.0000010028158 0.0000000000000
0.0000010028162 0.0534619104428
0.0000010028221 0.0000000000000
0.0000010028230 0.0000000000000
0.0000010028248 0.0000000000000
0.0000010028256 0.0496955136210
0.0000010028258 0.0580923611212
0.0000010028262 0.0000000000000
0.0000010028321 0.0718337494237
0.0000010028348 0.0517254714112
0.0000010028356 0.0000000000000
0.0000010028358 0.0000000000000
0.0000010028361 0.0000000000000
0.0000010028379 0.0000000000000
0.0000010028421 0.0000000000000
0.0000010028448 0.0000000000000
0.0000010028461 0.0256702341835
0.0000010028479 0.0835865160931
0.0000010028561 0.0000000000000
0.0000010028579 0.0000000000000
0.0000010028584 0.0000000000000
0.0000010028663 0.0000000000000
0.0000010028675 0.0000000000000
0.0000010028684 0.0725129120972
0.0000010028691 0.0000000000000
0.0000010028763 0.0408753710552
0.0000010028775 0.0463354287926
0.0000010028784 0.0000000000000
0.0000010028791 0.0548761517541
0.0000010028863 0.0000000000000
0.0000010028875 0.0000000000000
0.0000010028891 0.0000000000000
0.0000010028968 0.0000000000000
0.0000010029068 0.0586314935572
0.0000010029168 0.0000000000000
0.0000010029295 0.0000000000000
0.0000010029330 0.0000000000000
0.0000010029395 0.0480271670962
0.0000010029404 0.0000000000000
0.0000010029430 0.0524823396512
0.0000010029495 0.0000000000000
0.0000010029504 0.0465810424700
0.0000010029530 0.0000000000000
0.0000010029604 0.0000000000000
0.0000020033562 0.0000000000000
0.0000020033662 0.0259688799074
0.0000020033762 0.0000000000000
0.0000020034059 0.0000000000000
0.0000020034159 0.0335995665431
0.0000020034259 0.0000000000000
0.0000030024192 0.0000000000000
0.0000030024224 0.0000000000000
0.0000030024237 0.0000000000000
0.0000030024292 0.0702940576823
0.0000030024317 0.0000000000000
0.0000030024323 0.0000000000000
0.0000030024324 0.0198927852557
0.0000030024328 0.0000000000000
0.0000030024336 0.0000000000000
0.0000030024337 0.0535710186713
0.0000030024354 0.0000000000000
0.0000030024373 0.0000000000000
0.0000030024381 0.0000000000000
0.0000030024392 0.0000000000000
0.0000030024400 0.0000000000000
0.0000030024401 0.0000000000000
0.0000030024417 0.0512382494981
0.0000030024423 0.0254640340512
0.0000030024424 0.0000000000000
0.0000030024428 0.0323147811035
0.0000030024436 0.0233712709371
0.0000030024437 0.0000000000000
0.0000030024443 0.0000000000000
0.0000030024451 0.0000000000000
0.0000030024454 0.0254504155499
0.0000030024462 0.0000000000000
0.0000030024464 0.0000000000000
0.0000030024469 0.0000000000000
0.0000030024473 0.0407363021237
0.0000030024477 0.0000000000000
0.0000030024481 0.0863627677575
0.0000030024500 0.0332232152527
0.0000030024501 0.0364350987428
0.0000030024506 0.0000000000000
0.0000030024508 0.0000000000000
0.0000030024511 0.0000000000000
0.0000030024513 0.0000000000000
0.0000030024517 0.0000000000000
0.0000030024523 0.0000000000000
0.0000030024528 0.0000000000000
0.0000030024528 0.0000000000000
0.0000030024533 0.0000000000000
0.0000030024536 0.0000000000000
0.0000030024543 0.0429940894307
0.0000030024551 0.0488534095843
0.0000030024552 0.0000000000000
0.0000030024554 0.0000000000000
0.0000030024559 0.0000000000000
0.0000030024562 0.0703462886404
0.0000030024564 0.0657012581547
0.0000030024569 0.0348718550049
0.0000030024573 0.0000000000000
0.0000030024577 0.0501974755592
0.0000030024581 0.0000000000000
0.0000030024596 0.0000000000000
0.0000030024600 0.0000000000000
0.0000030024601 0.0000000000000
0.0000030024606 0.0694905661023
0.0000030024608 0.0193055875208
0.0000030024611 0.0580997311337
0.0000030024613 0.0524325119581
0.0000030024616 0.0000000000000
0.0000030024628 0.0219530241843
0.0000030024633 0.0871143488147
0.0000030024636 0.0000000000000
0.0000030024643 0.0000000000000
0.0000030024648 0.0000000000000
0.0000030024651 0.0000000000000
0.0000030024652 0.0390541768799
0.0000030024656 0.0000000000000
0.0000030024659 0.0793407480236
0.0000030024662 0.0000000000000
0.0000030024664 0.0000000000000
0.0000030024669 0.0000000000000
0.0000030024676 0.0000000000000
0.0000030024677 0.0000000000000
0.0000030024688 0.0000000000000
0.0000030024691 0.0000000000000
0.0000030024693 0.0000000000000
0.0000030024695 0.0000000000000
0.0000030024696 0.0341800351361
0.0000030024706 0.0000000000000
0.0000030024707 0.0000000000000
0.0000030024708 0.0000000000000
0.0000030024711 0.0000000000000
0.0000030024713 0.0000000000000
0.0000030024716 0.0377468007498
0.0000030024723 0.0000000000000
0.0000030024728 0.0000000000000
0.0000030024733 0.0000000000000
0.0000030024736 0.0336923325699
0.0000030024748 0.0409348118082
0.0000030024750 0.0000000000000
0.0000030024752 0.0000000000000
0.0000030024756 0.0000000000000
0.0000030024756 0.0628306382868
0.0000030024757 0.0000000000000
0.0000030024759 0.0000000000000
0.0000030024761 0.0000000000000
0.0000030024776 0.0690501277468
0.0000030024779 0.0000000000000
0.0000030024786 0.0000000000000
0.0000030024788 0.0299781667063
0.0000030024791 0.0871330942812
0.0000030024793 0.0516157223121
0.0000030024793 0.0000000000000
0.0000030024795 0.0835690523678
0.0000030024796 0.0000000000000
0.0000030024801 0.0000000000000
0.0000030024806 0.0000000000000
0.0000030024807 0.0514704048917
0.0000030024808 0.0000000000000
0.0000030024816 0.0000000000000
0.0000030024823 0.0376948902270
0.0000030024832 0.0000000000000
0.0000030024836 0.0000000000000
0.0000030024843 0.0000000000000
0.0000030024847 0.0000000000000
0.0000030024848 0.0000000000000
0.0000030024850 0.0258142698626
0.0000030024856 0.0414845186099
0.0000030024856 0.0000000000000
0.0000030024857 0.0269926707739
0.0000030024858 0.0000000000000
0.0000030024861 0.0650818566696
0.0000030024864 0.0000000000000
0.0000030024865 0.0000000000000
0.0000030024875 0.0000000000000
0.0000030024876 0.0000000000000
0.0000030024879 0.0685069898692
0.0000030024879 0.0000000000000
0.0000030024886 0.0500337331076
0.0000030024888 0.0000000000000
0.0000030024891 0.0000000000000
0.0000030024892 0.0000000000000
0.0000030024893 0.0000000000000
0.0000030024893 0.0336727860150
0.0000030024895 0.0000000000000
0.0000030024901 0.0311392641100
0.0000030024906 0.0606177119254
0.0000030024907 0.0000000000000
0.0000030024908 0.0773659051094
0.0000030024923 0.0000000000000
0.0000030024925 0.0000000000000
0.0000030024932 0.0423751685986
0.0000030024938 0.0000000000000
0.0000030024943 0.0100722436022
0.0000030024947 0.0778574528995
0.0000030024950 0.0000000000000
0.0000030024956 0.0000000000000
0.0000030024957 0.0000000000000
0.0000030024958 0.0179801067948
0.0000030024961 0.0000000000000
0.0000030024964 0.0447555224177
0.0000030024965 0.0374425474078
0.0000030024971 0.0000000000000
0.0000030024975 0.0626026485523
0.0000030024979 0.0000000000000
0.0000030024979 0.0840827101954
0.0000030024986 0.0000000000000
0.0000030024992 0.0770254425756
0.0000030024993 0.0000000000000
0.0000030024999 0.0000000000000
0.0000030025001 0.0000000000000
0.0000030025001 0.0000000000000
0.0000030025006 0.0000000000000
0.0000030025007 0.0000000000000
0.0000030025008 0.0000000000000
0.0000030025025 0.0432393826728
0.0000030025028 0.0000000000000
0.0000030025032 0.0000000000000
0.0000030025036 0.0000000000000
0.0000030025038 0.0664408228871
0.0000030025041 0.0000000000000
0.0000030025043 0.0000000000000
0.0000030025047 0.0000000000000
0.0000030025047 0.0000000000000
0.0000030025058 0.0000000000000
0.0000030025064 0.0000000000000
0.0000030025065 0.0000000000000
0.0000030025068 0.0000000000000
0.0000030025071 0.0325237049360
0.0000030025075 0.0000000000000
0.0000030025079 0.0000000000000
0.0000030025083 0.0000000000000
0.0000030025092 0.0000000000000
0.0000030025096 0.0000000000000
0.0000030025099 0.0528641383422
0.0000030025101 0.0540366112000
0.0000030025107 0.0344536869045
0.0000030025125 0.0000000000000
0.0000030025128 0.0324468004578
0.0000030025136 0.0388995668351
0.0000030025138 0.0000000000000
0.0000030025140 0.0000000000000
0.0000030025141 0.0431012750473
0.0000030025147 0.0610126484647
0.0000030025157 0.0000000000000
0.0000030025164 0.0000000000000
0.0000030025168 0.0451746518242
0.0000030025168 0.0000000000000
0.0000030025171 0.0000000000000
0.0000030025182 0.0000000000000
0.0000030025183 0.0399935330381
0.0000030025187 0.0000000000000
0.0000030025194 0.0000000000000
0.0000030025196 0.0296002132392
0.0000030025197 0.0000000000000
0.0000030025199 0.0000000000000
0.0000030025201 0.0000000000000
0.0000030025203 0.0000000000000
0.0000030025207 0.0000000000000
0.0000030025215 0.0000000000000
0.0000030025218 0.0000000000000
0.0000030025224 0.0000000000000
0.0000030025228 0.0000000000000
0.0000030025236 0.0000000000000
0.0000030025240 0.0662237279538
0.0000030025241 0.0000000000000
0.0000030025247 0.0000000000000
0.0000030025257 0.0521699152084
0.0000030025258 0.0000000000000
0.0000030025264 0.0403511388619
0.0000030025268 0.0000000000000
0.0000030025268 0.0370311084492
0.0000030025271 0.0000000000000
0.0000030025282 0.0437761118438
0.0000030025283 0.0000000000000
0.0000030025287 0.0633026395220
0.0000030025294 0.0302574260929
0.0000030025296 0.0000000000000
0.0000030025297 0.0218902188604
0.0000030025300 0.0000000000000
0.0000030025303 0.0599132348612
0.0000030025315 0.0469609185489
0.0000030025318 0.0674848011792
0.0000030025324 0.0229769752685
0.0000030025340 0.0000000000000
0.0000030025355 0.0000000000000
0.0000030025357 0.0000000000000
0.0000030025358 0.0619875729440
0.0000030025364 0.0000000000000
0.0000030025368 0.0000000000000
0.0000030025371 0.0035295951159
0.0000030025382 0.0000000000000
0.0000030025387 0.0000000000000
0.0000030025392 0.0000000000000
0.0000030025394 0.0000000000000
0.0000030025397 0.0000000000000
0.0000030025400 0.0304783662502
0.0000030025403 0.0000000000000
0.0000030025415 0.0000000000000
0.0000030025417 0.0000000000000
0.0000030025418 0.0000000000000
0.0000030025424 0.0000000000000
0.0000030025455 0.0478797668462
0.0000030025458 0.0000000000000
0.0000030025470 0.0000000000000
0.0000030025471 0.0000000000000
0.0000030025472 0.0000000000000
0.0000030025480 0.0000000000000
0.0000030025492 0.0671502666989
0.0000030025500 0.0000000000000
0.0000030025517 0.0238086651571
0.0000030025530 0.0000000000000
0.0000030025555 0.0000000000000
0.0000030025562 0.0000000000000
0.0000030025570 0.0313582816553
0.0000030025572 0.0365052740792
0.0000030025580 0.0520774696168
0.0000030025586 0.0000000000000
0.0000030025592 0.0000000000000
0.0000030025606 0.0000000000000
0.0000030025617 0.0000000000000
0.0000030025630 0.0396245517602
0.0000030025662 0.0449533912316
0.0000030025664 0.0000000000000
0.0000030025670 0.0000000000000
0.0000030025672 0.0000000000000
0.0000030025680 0.0000000000000
0.0000030025686 0.0055797403316
0.0000030025693 0.0000000000000
0.0000030025706 0.0403996848138
0.0000030025730 0.0000000000000
0.0000030025762 0.0000000000000
0.0000030025764 0.0492786272619
0.0000030025786 0.0000000000000
0.0000030025793 0.0462859215347
0.0000030025806 0.0000000000000
0.0000030025829 0.0000000000000
0.0000030025864 0.0000000000000
0.0000030025893 0.0000000000000
0.0000030025922 0.0000000000000
0.0000030025929 0.0126671288721
0.0000030026022 0.0505869646980
0.0000030026029 0.0000000000000
0.0000030026122 0.0000000000000
0.0000040031003 0.0000000000000
0.0000040031103 0.0663054389619
0.0000040031203 0.0000000000000
0.0000040031665 0.0000000000000
0.0000040031765 0.0507529501968
0.0000040031800 0.0000000000000
0.0000040031865 0.0000000000000
0.0000040031900 0.0669813972821
0.0000040032000 0.0000000000000
0.0000050027520 0.0000000000000
0.0000050027620 0.0187611679020
0.0000050027718 0.0000000000000
0.0000050027720 0.0000000000000
0.0000050027749 0.0000000000000
0.0000050027785 0.0000000000000
0.0000050027818 0.0213582962192
0.0000050027831 0.0000000000000
0.0000050027834 0.0000000000000
0.0000050027849 0.0498025390199
0.0000050027885 0.0492504289532
0.0000050027907 0.0000000000000
0.0000050027918 0.0000000000000
0.0000050027931 0.0283755094233
0.0000050027934 0.0078513063577
0.0000050027949 0.0000000000000
0.0000050027985 0.0000000000000
0.0000050028007 0.0810273593620
0.0000050028031 0.0000000000000
0.0000050028034 0.0000000000000
0.0000050028107 0.0000000000000
0.0000050028249 0.0000000000000
0.0000050028319 0.0000000000000
0.0000050028349 0.0635327120860
0.0000050028357 0.0000000000000
0.0000050028369 0.0000000000000
0.0000050028419 0.0153917904491
0.0000050028449 0.0000000000000
0.0000050028457 0.0694053303056
0.0000050028469 0.0488039023264
0.0000050028519 0.0000000000000
0.0000050028557 0.0000000000000
0.0000050028569 0.0000000000000
0.0000050028677 0.0000000000000
0.0000050028762 0.0000000000000
0.0000050028777 0.0602834978804
0.0000050028862 0.0383086840940
0.0000050028877 0.0000000000000
0.0000050028962 0.0000000000000
0.0000050028982 0.0000000000000
0.0000050029082 0.0711906357244
0.0000050029182 0.0000000000000
0.0000060032003 0.0000000000000
0.0000060032103 0.0219669631209
0.0000060032203 0.0000000000000
0.0000060032305 0.0000000000000
0.0000060032405 0.0158027487547
0.0000060032465 0.0000000000000
0.0000060032505 0.0000000000000
0.0000060032565 0.0315797024656
0.0000060032593 0.0000000000000
0.0000060032665 0.0000000000000
0.0000060032693 0.0209204213462
0.0000060032793 0.0000000000000
0.0000060032940 0.0000000000000
0.0000060033040 0.0504908341002
0.0000060033140 0.0000000000000
0.0000070031805 0.0000000000000
0.0000070031905 0.0159970927799
0.0000070031962 0.0000000000000
0.0000070032005 0.0000000000000
0.0000070032062 0.0449820701932
0.0000070032162 0.0000000000000
0.0000070032545 0.0000000000000
0.0000070032578 0.0000000000000
0.0000070032645 0.0395703981901
0.0000070032678 0.0785117818352
0.0000070032745 0.0000000000000
0.0000070032778 0.0000000000000
0.0000070034005 0.0000000000000
0.0000070034105 0.0749437344802
0.0000070034205 0.0000000000000
0.0000080030721 0.0000000000000
0.0000080030819 0.0000000000000
0.0000080030821 0.0327617883832
0.0000080030919 0.0422841649660
0.0000080030921 0.0000000000000
0.0000080031019 0.0000000000000
0.0000080031852 0.0000000000000
0.0000080031952 0.0457632915180
0.0000080032052 0.0000000000000
0.0000090029776 0.0000000000000
0.0000090029876 0.0175265305909
0.0000090029976 0.0000000000000
0.0000090030288 0.0000000000000
0.0000090030326 0.0000000000000
0.0000090030388 0.0504320342178
0.0000090030426 0.0580550304057
0.0000090030430 0.0000000000000
0.0000090030488 0.0000000000000
0.0000090030521 0.0000000000000
0.0000090030526 0.0000000000000
0.0000090030530 0.0501191291220
0.0000090030621 0.0341531185687
0.0000090030630 0.0000000000000
0.0000090030661 0.0000000000000
0.0000090030671 0.0000000000000
0.0000090030713 0.0000000000000
0.0000090030721 0.0000000000000
0.0000090030761 0.0456541832895
0.0000090030771 0.0393802198241
0.0000090030813 0.0294379127466
0.0000090030861 0.0000000000000
0.0000090030871 0.0000000000000
0.0000090030913 0.0000000000000
0.0000090030944 0.0000000000000
0.0000090031044 0.0340877497622
0.0000090031144 0.0000000000000
0.0000090031403 0.0000000000000
0.0000090031503 0.0362346664464
0.0000090031603 0.0000000000000
0.0000100027476 0.0000000000000
0.0000100027538 0.0000000000000
0.0000100027576 0.0495569253425
0.0000100027638 0.0366010842417
0.0000100027676 0.0000000000000
0.0000100027738 0.0000000000000
0.0000100027990 0.0000000000000
0.0000100028006 0.0000000000000
0.0000100028090 0.0173757657700
0.0000100028106 0.0196340337300
0.0000100028190 0.0000000000000
0.0000100028206 0.0000000000000
0.0000100028216 0.0000000000000
0.0000100028229 0.0000000000000
0.0000100028295 0.0000000000000
0.0000100028316 0.0400561781443
0.0000100028329 0.0479730135261
0.0000100028395 0.0162369386214
0.0000100028416 0.0000000000000
0.0000100028429 0.0000000000000
0.0000100028432 0.0000000000000
0.0000100028461 0.0000000000000
0.0000100028462 0.0000000000000
0.0000100028495 0.0000000000000
0.0000100028525 0.0000000000000
0.0000100028532 0.0424301232570
0.0000100028561 0.0254810171235
0.0000100028562 0.0459960877824
0.0000100028625 0.0581806410535
0.0000100028632 0.0000000000000
0.0000100028661 0.0000000000000
0.0000100028662 0.0000000000000
0.0000100028716 0.0000000000000
0.0000100028725 0.0000000000000
0.0000100028816 0.0326616523439
0.0000100028916 0.0000000000000
0.0000100029149 0.0000000000000
0.0000100029249 0.0293438649784
0.0000100029349 0.0000000000000
0.0000110027609 0.0000000000000
0.0000110027618 0.0000000000000
0.0000110027709 0.0366284814621
0.0000110027712 0.0000000000000
0.0000110027718 0.0623905203665
0.0000110027809 0.0000000000000
0.0000110027812 0.0400811720997
0.0000110027818 0.0000000000000
0.0000110027912 0.0000000000000
0.0000110028259 0.0000000000000
0.0000110028281 0.0000000000000
0.0000110028303 0.0000000000000
0.0000110028304 0.0000000000000
0.0000110028359 0.0472568405725
0.0000110028381 0.0799192940047
0.0000110028403 0.0634593323964
0.0000110028404 0.0550804292745
0.0000110028459 0.0000000000000
0.0000110028481 0.0000000000000
0.0000110028503 0.0000000000000
0.0000110028504 0.0000000000000
0.0000110028678 0.0000000000000
0.0000110028723 0.0000000000000
0.0000110028778 0.0496551387699
0.0000110028823 0.0465634185270
0.0000110028878 0.0000000000000
0.0000110028923 0.0000000000000
0.0000110029185 0.0000000000000
0.0000110029194 0.0000000000000
0.0000110029285 0.0503695493293
0.0000110029294 0.0591515600913
0.0000110029385 0.0000000000000
0.0000110029394 0.0000000000000
0.0000120027974 0.0000000000000
0.0000120028074 0.0196614309504
0.0000120028086 0.0000000000000
0.0000120028112 0.0000000000000
0.0000120028174 0.0000000000000
0.0000120028186 0.0564006228176
0.0000120028212 0.0616926122265
0.0000120028286 0.0000000000000
0.0000120028312 0.0000000000000
0.0000120028700 0.0000000000000
0.0000120028800 0.0298211533965
0.0000120028804 0.0000000000000
0.0000120028900 0.0000000000000
0.0000120028904 0.0464687298882
0.0000120029004 0.0000000000000
0.0000120029088 0.0000000000000
0.0000120029188 0.0759652822995
0.0000120029288 0.0000000000000
0.0000130026012 0.0000000000000
0.0000130026049 0.0000000000000
0.0000130026080 0.0000000000000
0.0000130026091 0.0000000000000
0.0000130026112 0.0512403323277
0.0000130026149 0.0366547571588
0.0000130026176 0.0000000000000
0.0000130026180 0.0264585050855
0.0000130026185 0.0000000000000
0.0000130026191 0.0467138629126
0.0000130026201 0.0000000000000
0.0000130026212 0.0000000000000
0.0000130026223 0.0000000000000
0.0000130026249 0.0000000000000
0.0000130026276 0.0601631744155
0.0000130026280 0.0000000000000
0.0000130026282 0.0000000000000
0.0000130026285 0.0626824369485
0.0000130026291 0.0000000000000
0.0000130026301 0.0345039952507
0.0000130026323 0.0252169784149
0.0000130026336 0.0000000000000
0.0000130026354 0.0000000000000
0.0000130026376 0.0000000000000
0.0000130026382 0.0451059184467
0.0000130026385 0.0000000000000
0.0000130026401 0.0000000000000
0.0000130026414 0.0000000000000
0.0000130026423 0.0000000000000
0.0000130026426 0.0000000000000
0.0000130026436 0.0586886912629
0.0000130026454 0.0271847717519
0.0000130026481 0.0000000000000
0.0000130026482 0.0000000000000
0.0000130026492 0.0000000000000
0.0000130026514 0.0178096352014
0.0000130026526 0.0376479464517
0.0000130026536 0.0000000000000
0.0000130026554 0.0000000000000
0.0000130026569 0.0000000000000
0.0000130026581 0.0271037016144
0.0000130026589 0.0000000000000
0.0000130026592 0.0323259963399
0.0000130026614 0.0000000000000
0.0000130026626 0.0000000000000
0.0000130026630 0.0000000000000
0.0000130026643 0.0000000000000
0.0000130026645 0.0000000000000
0.0000130026669 0.0229664009027
0.0000130026681 0.0000000000000
0.0000130026689 0.0334345423502
0.0000130026692 0.0000000000000
0.0000130026704 0.0000000000000
0.0000130026730 0.0253480364632
0.0000130026743 0.0484480588969
0.0000130026745 0.0364363804841
0.0000130026769 0.0000000000000
0.0000130026789 0.0000000000000
0.0000130026804 0.0429755041818
0.0000130026808 0.0000000000000
0.0000130026830 0.0000000000000
0.0000130026843 0.0000000000000
0.0000130026845 0.0000000000000
0.0000130026852 0.0000000000000
0.0000130026871 0.0000000000000
0.0000130026904 0.0000000000000
0.0000130026908 0.0670371530288
0.0000130026952 0.0208423953443
0.0000130026971 0.0265514313300
0.0000130027001 0.0000000000000
0.0000130027008 0.0000000000000
0.0000130027052 0.0000000000000
0.0000130027071 0.0000000000000
0.0000130027101 0.0567853054264
0.0000130027161 0.0000000000000
0.0000130027201 0.0000000000000
0.0000130027205 0.0000000000000
0.0000130027261 0.0607210523180
0.0000130027305 0.0646348493898
0.0000130027309 0.0000000000000
0.0000130027361 0.0000000000000
0.0000130027391 0.0000000000000
0.0000130027405 0.0000000000000
0.0000130027409 0.0480500782220
0.0000130027491 0.0406289562895
0.0000130027509 0.0000000000000
0.0000130027591 0.0000000000000
0.0000130027622 0.0000000000000
0.0000130027722 0.0429437810845
0.0000130027822 0.0000000000000
0.0000140030609 0.0000000000000
0.0000140030709 0.0236881814745
0.0000140030743 0.0000000000000
0.0000140030809 0.0000000000000
0.0000140030843 0.0647313004229
0.0000140030943 0.0000000000000
0.0000140031901 0.0000000000000
0.0000140031985 0.0000000000000
0.0000140032001 0.0337769274960
0.0000140032085 0.0430017798785
0.0000140032101 0.0000000000000
0.0000140032185 0.0000000000000
0.0000150033330 0.0000000000000
0.0000150033430 0.0441127291538
0.0000150033530 0.0000000000000
0.0000150034040 0.0000000000000
0.0000150034140 0.0439478651786
0.0000150034240 0.0000000000000
0.0000160029181 0.0000000000000
0.0000160029281 0.0751774920505
0.0000160029379 0.0000000000000
0.0000160029381 0.0000000000000
0.0000160029381 0.0000000000000
0.0000160029421 0.0000000000000
0.0000160029476 0.0000000000000
0.0000160029479 0.0812104881508
0.0000160029481 0.0538818409376
0.0000160029521 0.0232134565391
0.0000160029576 0.0575034009920
0.0000160029579 0.0000000000000
0.0000160029581 0.0000000000000
0.0000160029621 0.0000000000000
0.0000160029664 0.0000000000000
0.0000160029676 0.0000000000000
0.0000160029764 0.0439028440153
0.0000160029864 0.0000000000000
0.0000160029866 0.0000000000000
0.0000160029925 0.0000000000000
0.0000160029953 0.0000000000000
0.0000160029966 0.0665641904876
0.0000160030000 0.0000000000000
0.0000160030025 0.0316873687352
0.0000160030053 0.0621133438095
0.0000160030066 0.0000000000000
0.0000160030100 0.0571304142725
0.0000160030125 0.0000000000000
0.0000160030153 0.0000000000000
0.0000160030167 0.0000000000000
0.0000160030180 0.0000000000000
0.0000160030200 0.0000000000000
0.0000160030267 0.0253653399708
0.0000160030280 0.0353576349592
0.0000160030320 0.0000000000000
0.0000160030367 0.0000000000000
0.0000160030380 0.0000000000000
0.0000160030420 0.0634868898344
0.0000160030454 0.0000000000000
0.0000160030520 0.0000000000000
0.0000160030554 0.0323216704630
0.0000160030595 0.0000000000000
0.0000160030654 0.0000000000000
0.0000160030695 0.0250535563986
0.0000160030774 0.0000000000000
0.0000160030795 0.0000000000000
0.0000160030874 0.0193744811159
0.0000160030974 0.0000000000000
0.0000170029098 0.0000000000000
0.0000170029198 0.0414314865635
0.0000170029298 0.0000000000000
0.0000170029326 0.0000000000000
0.0000170029426 0.0774484172059
0.0000170029482 0.0000000000000
0.0000170029526 0.0000000000000
0.0000170029582 0.0275420571404
0.0000170029658 0.0000000000000
0.0000170029682 0.0000000000000
0.0000170029758 0.0441412478978
0.0000170029852 0.0000000000000
0.0000170029858 0.0000000000000
0.0000170029952 0.0298703402191
0.0000170029986 0.0000000000000
0.0000170030038 0.0000000000000
0.0000170030052 0.0000000000000
0.0000170030084 0.0000000000000
0.0000170030086 0.0860110899873
0.0000170030138 0.0346554009422
0.0000170030184 0.0399771908364
0.0000170030186 0.0000000000000
0.0000170030238 0.0000000000000
0.0000170030284 0.0000000000000
0.0000170031602 0.0000000000000
0.0000170031702 0.0382747179494
0.0000170031802 0.0000000000000
0.0000180031817 0.0000000000000
0.0000180031917 0.0489155740375
0.0000180032017 0.0000000000000
0.0000180032103 0.0000000000000
0.0000180032203 0.0301387048046
0.0000180032220 0.0000000000000
0.0000180032303 0.0000000000000
0.0000180032320 0.0554117594015
0.0000180032420 0.0000000000000
0.0000190025380 0.0000000000000
0.0000190025461 0.0000000000000
0.0000190025480 0.0344083453059
0.0000190025518 0.0000000000000
0.0000190025521 0.0000000000000
0.0000190025561 0.0306039768979
0.0000190025580 0.0000000000000
0.0000190025618 0.0362018218255
0.0000190025621 0.0641748644793
0.0000190025661 0.0000000000000
0.0000190025675 0.0000000000000
0.0000190025718 0.0000000000000
0.0000190025721 0.0000000000000
0.0000190025738 0.0000000000000
0.0000190025775 0.0435252109836
0.0000190025838 0.0594659071461
0.0000190025859 0.0000000000000
0.0000190025874 0.0000000000000
0.0000190025875 0.0000000000000
0.0000190025875 0.0000000000000
0.0000190025920 0.0000000000000
0.0000190025938 0.0000000000000
0.0000190025959 0.0331628131937
0.0000190025974 0.0614027784741
0.0000190025975 0.0585286338175
0.0000190026020 0.0800602855481
0.0000190026035 0.0000000000000
0.0000190026059 0.0000000000000
0.0000190026074 0.0000000000000
0.0000190026075 0.0000000000000
0.0000190026085 0.0000000000000
0.0000190026098 0.0000000000000
0.0000190026120 0.0000000000000
0.0000190026130 0.0000000000000
0.0000190026133 0.0000000000000
0.0000190026135 0.0379400232514
0.0000190026175 0.0000000000000
0.0000190026185 0.0813460322937
0.0000190026190 0.0000000000000
0.0000190026198 0.0173001430331
0.0000190026227 0.0000000000000
0.0000190026230 0.0272078430953
0.0000190026233 0.0456652383083
0.0000190026235 0.0000000000000
0.0000190026270 0.0000000000000
0.0000190026275 0.0381731399511
0.0000190026285 0.0000000000000
0.0000190026290 0.0823630940184
0.0000190026298 0.0000000000000
0.0000190026307 0.0000000000000
0.0000190026327 0.0357166827419
0.0000190026330 0.0000000000000
0.0000190026333 0.0000000000000
0.0000190026369 0.0000000000000
0.0000190026370 0.0356141434376
0.0000190026375 0.0000000000000
0.0000190026390 0.0000000000000
0.0000190026407 0.0506903050906
0.0000190026427 0.0000000000000
0.0000190026454 0.0000000000000
0.0000190026469 0.0397437537014
0.0000190026470 0.0000000000000
0.0000190026474 0.0000000000000
0.0000190026475 0.0000000000000
0.0000190026507 0.0000000000000
0.0000190026508 0.0000000000000
0.0000190026554 0.0596035341186
0.0000190026569 0.0000000000000
0.0000190026574 0.0346094184729
0.0000190026575 0.0875216221140
0.0000190026608 0.0613873975784
0.0000190026640 0.0000000000000
0.0000190026654 0.0000000000000
0.0000190026658 0.0000000000000
0.0000190026674 0.0000000000000
0.0000190026675 0.0000000000000
0.0000190026708 0.0000000000000
0.0000190026740 0.0812236259992
0.0000190026758 0.0471706434698
0.0000190026840 0.0000000000000
0.0000190026858 0.0000000000000
0.0000200027950 0.0000000000000
0.0000200028019 0.0000000000000
0.0000200028025 0.0000000000000
0.0000200028050 0.0229857872400
0.0000200028103 0.0000000000000
0.0000200028119 0.0502251932149
0.0000200028125 0.0304790071208
0.0000200028150 0.0000000000000
0.0000200028203 0.0350231004788
0.0000200028219 0.0000000000000
0.0000200028225 0.0000000000000
0.0000200028303 0.0000000000000
0.0000200028485 0.0000000000000
0.0000200028492 0.0000000000000
0.0000200028585 0.0294071509553
0.0000200028592 0.0207811921971
0.0000200028685 0.0000000000000
0.0000200028692 0.0000000000000
0.0000200028815 0.0000000000000
0.0000200028915 0.0407379043004
0.0000200028943 0.0000000000000
0.0000200029015 0.0000000000000
0.0000200029043 0.0673813005689
0.0000200029143 0.0000000000000
0.0000210028598 0.0000000000000
0.0000210028613 0.0000000000000
0.0000210028692 0.0000000000000
0.0000210028698 0.0336692612265
0.0000210028713 0.0297112440797
0.0000210028792 0.0231160442000
0.0000210028798 0.0000000000000
0.0000210028813 0.0000000000000
0.0000210028873 0.0000000000000
0.0000210028892 0.0000000000000
0.0000210028973 0.0413967193306
0.0000210029073 0.0000000000000
0.0000210029179 0.0000000000000
0.0000210029279 0.0356948931398
0.0000210029305 0.0000000000000
0.0000210029379 0.0000000000000
0.0000210029405 0.0379965800864
0.0000210029425 0.0000000000000
0.0000210029505 0.0000000000000
0.0000210029525 0.0252648834961
0.0000210029625 0.0000000000000
0.0000210029939 0.0000000000000
0.0000210029988 0.0000000000000
0.0000210030039 0.0426928802243
0.0000210030088 0.0334595363056
0.0000210030139 0.0000000000000
0.0000210030188 0.0000000000000
0.0000220030773 0.0000000000000
0.0000220030796 0.0000000000000
0.0000220030864 0.0000000000000
0.0000220030873 0.0296719907523
0.0000220030896 0.0238368634658
0.0000220030964 0.0310138136799
0.0000220030973 0.0000000000000
0.0000220030996 0.0000000000000
0.0000220031064 0.0000000000000
0.0000220031155 0.0000000000000
0.0000220031255 0.0452834396173
0.0000220031355 0.0000000000000
0.0000220031358 0.0000000000000
0.0000220031383 0.0000000000000
0.0000220031458 0.0000000000000
0.0000220031458 0.0489980861340
0.0000220031483 0.0469783822742
0.0000220031558 0.0765830816080
0.0000220031558 0.0000000000000
0.0000220031583 0.0000000000000
0.0000220031658 0.0000000000000
0.0000220031987 0.0000000000000
0.0000220032087 0.0331423053329
0.0000220032187 0.0000000000000
0.0000230027906 0.0000000000000
0.0000230027949 0.0000000000000
0.0000230027978 0.0000000000000
0.0000230028006 0.0227622836001
0.0000230028049 0.0279831363666
0.0000230028078 0.0199736951756
0.0000230028106 0.0000000000000
0.0000230028139 0.0000000000000
0.0000230028149 0.0000000000000
0.0000230028178 0.0000000000000
0.0000230028239 0.0327806940675
0.0000230028264 0.0000000000000
0.0000230028339 0.0000000000000
0.0000230028364 0.0827982451911
0.0000230028464 0.0000000000000
0.0000230028623 0.0000000000000
0.0000230028723 0.0561481197807
0.0000230028823 0.0000000000000
0.0000230029522 0.0000000000000
0.0000230029622 0.0424538354711
0.0000230029722 0.0000000000000
0.0000240032234 0.0000000000000
0.0000240032334 0.0420646667677
0.0000240032356 0.0000000000000
0.0000240032367 0.0000000000000
0.0000240032434 0.0000000000000
0.0000240032456 0.0433592254847
0.0000240032467 0.0548431469156
0.0000240032556 0.0000000000000
0.0000240032567 0.0000000000000
0.0000240032950 0.0000000000000
0.0000240032978 0.0000000000000
0.0000240033037 0.0000000000000
0.0000240033050 0.0280081303220
0.0000240033078 0.0395183274496
0.0000240033109 0.0000000000000
0.0000240033137 0.0474859518306
0.0000240033150 0.0000000000000
0.0000240033178 0.0000000000000
0.0000240033209 0.0461994039967
0.0000240033237 0.0000000000000
0.0000240033309 0.0000000000000
0.0000250029801 0.0000000000000
0.0000250029893 0.0000000000000
0.0000250029901 0.0576147522678
0.0000250029993 0.0598786278460
0.0000250030001 0.0000000000000
0.0000250030049 0.0000000000000
0.0000250030093 0.0000000000000
0.0000250030115 0.0000000000000
0.0000250030139 0.0000000000000
0.0000250030149 0.0310543487486
0.0000250030186 0.0000000000000
0.0000250030215 0.0357698750061
0.0000250030236 0.0000000000000
0.0000250030239 0.0320658028552
0.0000250030249 0.0000000000000
0.0000250030286 0.0232656874972
0.0000250030315 0.0000000000000
0.0000250030336 0.0280592397565
0.0000250030339 0.0000000000000
0.0000250030386 0.0000000000000
0.0000250030436 0.0000000000000
0.0000250030445 0.0000000000000
0.0000250030545 0.0717807173773
0.0000250030645 0.0000000000000
0.0000250030879 0.0000000000000
0.0000250030979 0.0113414879284
0.0000250031079 0.0000000000000
0.0000260028339 0.0000000000000
0.0000260028439 0.0305930820969
0.0000260028539 0.0000000000000
0.0000260028673 0.0000000000000
0.0000260028702 0.0000000000000
0.0000260028770 0.0000000000000
0.0000260028771 0.0000000000000
0.0000260028773 0.0506726811477
0.0000260028802 0.0301646600660
0.0000260028870 0.0527630409968
0.0000260028871 0.0680356295046
0.0000260028873 0.0000000000000
0.0000260028902 0.0000000000000
0.0000260028970 0.0000000000000
0.0000260028971 0.0000000000000
0.0000260029037 0.0000000000000
0.0000260029090 0.0000000000000
0.0000260029137 0.0474848303070
0.0000260029190 0.0293026890391
0.0000260029237 0.0000000000000
0.0000260029290 0.0000000000000
0.0000260029319 0.0000000000000
0.0000260029419 0.0402410693274
0.0000260029466 0.0000000000000
0.0000260029519 0.0000000000000
0.0000260029566 0.0260566791867
0.0000260029573 0.0000000000000
0.0000260029666 0.0000000000000
0.0000260029673 0.0540816323633
0.0000260029773 0.0000000000000
0.0000270029556 0.0000000000000
0.0000270029656 0.0227063676357
0.0000270029756 0.0000000000000
0.0000270030106 0.0000000000000
0.0000270030206 0.0434418977988
0.0000270030306 0.0000000000000
0.0000270030627 0.0000000000000
0.0000270030727 0.0410419974247
0.0000270030808 0.0000000000000
0.0000270030827 0.0000000000000
0.0000270030893 0.0000000000000
0.0000270030908 0.0385405190523
0.0000270030911 0.0000000000000
0.0000270030993 0.0649882895544
0.0000270031008 0.0000000000000
0.0000270031011 0.0553092200972
0.0000270031025 0.0000000000000
0.0000270031093 0.0000000000000
0.0000270031111 0.0000000000000
0.0000270031125 0.0616740269776
0.0000270031225 0.0000000000000
0.0000280036841 0.0000000000000
0.0000280036941 0.0527007163259
0.0000280037041 0.0000000000000
0.0000280037397 0.0000000000000
0.0000280037497 0.0667447557938
0.0000280037597 0.0000000000000
0.0000290025490 0.0000000000000
0.0000290025535 0.0000000000000
0.0000290025590 0.0579536126250
0.0000290025630 0.0000000000000
0.0000290025635 0.0382077469663
0.0000290025677 0.0000000000000
0.0000290025690 0.0000000000000
0.0000290025721 0.0000000000000
0.0000290025730 0.0660814546690
0.0000290025735 0.0000000000000
0.0000290025746 0.0000000000000
0.0000290025777 0.0704023648225
0.0000290025821 0.0709124978615
0.0000290025822 0.0000000000000
0.0000290025830 0.0000000000000
0.0000290025837 0.0000000000000
0.0000290025846 0.0598469047487
0.0000290025867 0.0000000000000
0.0000290025877 0.0000000000000
0.0000290025921 0.0000000000000
0.0000290025922 0.0369287293625
0.0000290025937 0.0389290468851
0.0000290025946 0.0000000000000
0.0000290025967 0.0410578589734
0.0000290026022 0.0000000000000
0.0000290026037 0.0000000000000
0.0000290026048 0.0000000000000
0.0000290026067 0.0000000000000
0.0000290026120 0.0000000000000
0.0000290026148 0.0351413411141
0.0000290026220 0.0493313388730
0.0000290026248 0.0000000000000
0.0000290026252 0.0000000000000
0.0000290026267 0.0000000000000
0.0000290026303 0.0000000000000
0.0000290026304 0.0000000000000
0.0000290026320 0.0000000000000
0.0000290026352 0.0398685632609
0.0000290026367 0.0856134297477
0.0000290026381 0.0000000000000
0.0000290026403 0.0472153441978
0.0000290026404 0.0298403795161
0.0000290026452 0.0000000000000
0.0000290026467 0.0000000000000
0.0000290026481 0.0388968431348
0.0000290026503 0.0000000000000
0.0000290026504 0.0000000000000
0.0000290026525 0.0000000000000
0.0000290026567 0.0000000000000
0.0000290026581 0.0000000000000
0.0000290026592 0.0000000000000
0.0000290026625 0.0309484448734
0.0000290026626 0.0000000000000
0.0000290026648 0.0000000000000
0.0000290026667 0.0184737374146
0.0000290026692 0.0309404339902
0.0000290026701 0.0000000000000
0.0000290026725 0.0000000000000
0.0000290026726 0.0623583166162
0.0000290026746 0.0000000000000
0.0000290026748 0.0524020706021
0.0000290026767 0.0000000000000
0.0000290026783 0.0000000000000
0.0000290026792 0.0000000000000
0.0000290026801 0.1003068314038
0.0000290026826 0.0000000000000
0.0000290026846 0.0403844641358
0.0000290026848 0.0000000000000
0.0000290026867 0.0000000000000
0.0000290026883 0.0336540405485
0.0000290026901 0.0000000000000
0.0000290026946 0.0000000000000
0.0000290026961 0.0000000000000
0.0000290026967 0.0426760573697
0.0000290026983 0.0000000000000
0.0000290027061 0.0494255468589
0.0000290027067 0.0000000000000
0.0000290027161 0.0000000000000
0.0000290027212 0.0000000000000
0.0000290027312 0.0577903508264
0.0000290027412 0.0000000000000
0.0000300029102 0.0000000000000
0.0000300029202 0.0364091434814
0.0000300029302 0.0000000000000
0.0000300029389 0.0000000000000
0.0000300029489 0.0605818231689
0.0000300029589 0.0000000000000
0.0000300029744 0.0000000000000
0.0000300029768 0.0000000000000
0.0000300029809 0.0000000000000
0.0000300029844 0.0441611148880
0.0000300029868 0.0420893402878
0.0000300029909 0.0578919288248
0.0000300029944 0.0000000000000
0.0000300029956 0.0000000000000
0.0000300029968 0.0000000000000
0.0000300030009 0.0000000000000
0.0000300030056 0.0450352624573
0.0000300030156 0.0000000000000
0.0000310028636 0.0000000000000
0.0000310028736 0.0505956164518
0.0000310028836 0.0000000000000
0.0000310028892 0.0000000000000
0.0000310028932 0.0000000000000
0.0000310028992 0.0395620668716
0.0000310029011 0.0000000000000
0.0000310029032 0.0227651675180
0.0000310029092 0.0000000000000
0.0000310029111 0.0464589566108
0.0000310029132 0.0000000000000
0.0000310029163 0.0000000000000
0.0000310029171 0.0000000000000
0.0000310029211 0.0000000000000
0.0000310029263 0.0603488666869
0.0000310029271 0.0206333112941
0.0000310029363 0.0000000000000
0.0000310029371 0.0000000000000
0.0000310029410 0.0000000000000
0.0000310029424 0.0000000000000
0.0000310029510 0.0489035577128
0.0000310029524 0.0431193796432
0.0000310029532 0.0000000000000
0.0000310029610 0.0000000000000
0.0000310029624 0.0000000000000
0.0000310029632 0.0179155390767
0.0000310029732 0.0000000000000
0.0000310029765 0.0000000000000
0.0000310029865 0.0224505000279
0.0000310029965 0.0000000000000
0.0000320029936 0.0000000000000
0.0000320030036 0.0478717559631
0.0000320030136 0.0000000000000
0.0000320030456 0.0000000000000
0.0000320030518 0.0000000000000
0.0000320030556 0.0345970817129
0.0000320030618 0.0487708974879
0.0000320030656 0.0000000000000
0.0000320030718 0.0000000000000
0.0000320031008 0.0000000000000
0.0000320031018 0.0000000000000
0.0000320031051 0.0000000000000
0.0000320031108 0.0647768022392
0.0000320031118 0.0366247964558
0.0000320031151 0.0573825968741
0.0000320031208 0.0000000000000
0.0000320031218 0.0000000000000
0.0000320031251 0.0000000000000
0.0000320031393 0.0000000000000
0.0000320031478 0.0000000000000
0.0000320031493 0.0428277834965
0.0000320031578 0.0465812026876
0.0000320031593 0.0000000000000
0.0000320031678 0.0000000000000
0.0000330029102 0.0000000000000
0.0000330029202 0.0409232761364
0.0000330029288 0.0000000000000
0.0000330029302 0.0000000000000
0.0000330029335 0.0000000000000
0.0000330029388 0.0517131346512
0.0000330029435 0.0258110655093
0.0000330029466 0.0000000000000
0.0000330029488 0.0000000000000
0.0000330029535 0.0000000000000
0.0000330029566 0.0426741347577
0.0000330029572 0.0000000000000
0.0000330029666 0.0000000000000
0.0000330029672 0.0402173571133
0.0000330029772 0.0000000000000
0.0000330029889 0.0000000000000
0.0000330029989 0.0503857313132
0.0000330030040 0.0000000000000
0.0000330030059 0.0000000000000
0.0000330030089 0.0000000000000
0.0000330030140 0.0280321629715
0.0000330030151 0.0000000000000
0.0000330030159 0.0564664722771
0.0000330030240 0.0000000000000
0.0000330030251 0.0279182482131
0.0000330030259 0.0000000000000
0.0000330030351 0.0000000000000
0.0000340025542 0.0000000000000
0.0000340025549 0.0000000000000
0.0000340025563 0.0000000000000
0.0000340025593 0.0000000000000
0.0000340025635 0.0000000000000
0.0000340025640 0.0000000000000
0.0000340025642 0.0552621161043
0.0000340025643 0.0000000000000
0.0000340025649 0.0195840458191
0.0000340025658 0.0000000000000
0.0000340025663 0.0377514470620
0.0000340025671 0.0000000000000
0.0000340025693 0.0545618046993
0.0000340025715 0.0000000000000
0.0000340025735 0.0514785759926
0.0000340025740 0.0457352534270
0.0000340025742 0.0000000000000
0.0000340025743 0.0269901072913
0.0000340025749 0.0000000000000
0.0000340025758 0.0333674111494
0.0000340025763 0.0000000000000
0.0000340025764 0.0000000000000
0.0000340025771 0.0720689489530
0.0000340025789 0.0000000000000
0.0000340025793 0.0000000000000
0.0000340025810 0.0000000000000
0.0000340025815 0.0000000000000
0.0000340025815 0.0385224144564
0.0000340025835 0.0000000000000
0.0000340025840 0.0000000000000
0.0000340025843 0.0000000000000
0.0000340025858 0.0000000000000
0.0000340025864 0.0244879880482
0.0000340025871 0.0000000000000
0.0000340025889 0.0312720845527
0.0000340025909 0.0000000000000
0.0000340025910 0.0683475732945
0.0000340025915 0.0681876760668
0.0000340025915 0.0000000000000
0.0000340025927 0.0000000000000
0.0000340025964 0.0000000000000
0.0000340025989 0.0000000000000
0.0000340026009 0.0199844297590
0.0000340026010 0.0000000000000
0.0000340026015 0.0000000000000
0.0000340026027 0.0351325291426
0.0000340026042 0.0000000000000
0.0000340026056 0.0000000000000
0.0000340026109 0.0000000000000
0.0000340026127 0.0000000000000
0.0000340026128 0.0000000000000
0.0000340026142 0.0591187154704
0.0000340026156 0.0281398292410
0.0000340026162 0.0000000000000
0.0000340026206 0.0000000000000
0.0000340026222 0.0000000000000
0.0000340026228 0.0729238704028
0.0000340026242 0.0000000000000
0.0000340026256 0.0000000000000
0.0000340026262 0.0541611003242
0.0000340026274 0.0000000000000
0.0000340026285 0.0000000000000
0.0000340026306 0.0520250784410
0.0000340026322 0.0559324668063
0.0000340026328 0.0000000000000
0.0000340026335 0.0000000000000
0.0000340026362 0.0000000000000
0.0000340026374 0.0985990713338
0.0000340026385 0.0239337951519
0.0000340026406 0.0000000000000
0.0000340026422 0.0000000000000
0.0000340026435 0.0487213902300
0.0000340026474 0.0000000000000
0.0000340026485 0.0000000000000
0.0000340026535 0.0000000000000
0.0000340026740 0.0000000000000
0.0000340026750 0.0000000000000
0.0000340026840 0.0327750864493
0.0000340026850 0.0638046014601
0.0000340026897 0.0000000000000
0.0000340026940 0.0000000000000
0.0000340026950 0.0000000000000
0.0000340026971 0.0000000000000
0.0000340026997 0.0428790531487
0.0000340027062 0.0000000000000
0.0000340027071 0.0405009423768
0.0000340027097 0.0000000000000
0.0000340027162 0.0586089028667
0.0000340027171 0.0000000000000
0.0000340027262 0.0000000000000
0.0000340027649 0.0000000000000
0.0000340027749 0.0610511007038
0.0000340027849 0.0000000000000
0.0000350026565 0.0000000000000
0.0000350026665 0.0338435780438
0.0000350026765 0.0000000000000
0.0000350026866 0.0000000000000
0.0000350026966 0.0423096395744
0.0000350027066 0.0000000000000
0.0000350027156 0.0000000000000
0.0000350027256 0.0455280919887
0.0000350027356 0.0000000000000
0.0000350027422 0.0000000000000
0.0000350027482 0.0000000000000
0.0000350027484 0.0000000000000
0.0000350027522 0.0249071174547
0.0000350027582 0.0369458726525
0.0000350027584 0.0366497904112
0.0000350027622 0.0000000000000
0.0000350027622 0.0000000000000
0.0000350027682 0.0000000000000
0.0000350027684 0.0000000000000
0.0000350027687 0.0000000000000
0.0000350027722 0.0204993693279
0.0000350027726 0.0000000000000
0.0000350027770 0.0000000000000
0.0000350027787 0.0646180265352
0.0000350027789 0.0000000000000
0.0000350027822 0.0000000000000
0.0000350027826 0.0634256866871
0.0000350027870 0.0498169586096
0.0000350027887 0.0000000000000
0.0000350027889 0.0176639973457
0.0000350027926 0.0000000000000
0.0000350027970 0.0000000000000
0.0000350027989 0.0000000000000
0.0000350028032 0.0000000000000
0.0000350028132 0.0545046069936
0.0000350028232 0.0000000000000
0.0000360022368 0.0000000000000
0.0000360022468 0.0274766883338
0.0000360022568 0.0000000000000
0.0000360026801 0.0000000000000
0.0000360026875 0.0000000000000
0.0000360026901 0.0529892683370
0.0000360026975 0.0528197580495
0.0000360027001 0.0000000000000
0.0000360027011 0.0000000000000
0.0000360027054 0.0000000000000
0.0000360027075 0.0000000000000
0.0000360027093 0.0000000000000
0.0000360027111 0.0646284406833
0.0000360027154 0.0370290256196
0.0000360027193 0.0598768654517
0.0000360027211 0.0000000000000
0.0000360027222 0.0000000000000
0.0000360027254 0.0000000000000
0.0000360027293 0.0000000000000
0.0000360027322 0.0437644159544
0.0000360027395 0.0000000000000
0.0000360027422 0.0000000000000
0.0000360027495 0.0336952164879
0.0000360027595 0.0000000000000
0.0000360027782 0.0000000000000
0.0000360027882 0.0293970572426
0.0000360027982 0.0000000000000
0.0000360028454 0.0000000000000
0.0000360028554 0.0382513261706
0.0000360028654 0.0000000000000
0.0000370031410 0.0000000000000
0.0000370031510 0.0237498652748
0.0000370031610 0.0000000000000
0.0000370031730 0.0000000000000
0.0000370031830 0.0731843843228
0.0000370031930 0.0000000000000
0.0000370032241 0.0000000000000
0.0000370032280 0.0000000000000
0.0000370032341 0.0076310070710
0.0000370032380 0.0260114978057
0.0000370032441 0.0000000000000
0.0000370032480 0.0000000000000
0.0000380028245 0.0000000000000
0.0000380028345 0.0621841600165
0.0000380028355 0.0000000000000
0.0000380028389 0.0000000000000
0.0000380028445 0.0000000000000
0.0000380028455 0.0257894361248
0.0000380028489 0.0257202220944
0.0000380028530 0.0000000000000
0.0000380028555 0.0000000000000
0.0000380028589 0.0000000000000
0.0000380028597 0.0000000000000
0.0000380028630 0.0219086438916
0.0000380028648 0.0000000000000
0.0000380028697 0.0422894521488
0.0000380028730 0.0000000000000
0.0000380028748 0.0183860983529
0.0000380028776 0.0000000000000
0.0000380028797 0.0000000000000
0.0000380028827 0.0000000000000
0.0000380028848 0.0000000000000
0.0000380028876 0.0366595636887
0.0000380028927 0.0382183213320
0.0000380028976 0.0000000000000
0.0000380029027 0.0000000000000
0.0000380029384 0.0000000000000
0.0000380029401 0.0000000000000
0.0000380029484 0.0399435451272
0.0000380029501 0.0456098029969
0.0000380029584 0.0000000000000
0.0000380029601 0.0000000000000
0.0000380029660 0.0000000000000
0.0000380029760 0.0307545815012
0.0000380029783 0.0000000000000
0.0000380029860 0.0000000000000
0.0000380029883 0.0351849203184
0.0000380029983 0.0000000000000
0.0000390027428 0.0000000000000
0.0000390027528 0.0559087545922
0.0000390027628 0.0000000000000
0.0000400024564 0.0000000000000
0.0000400024664 0.0220680604663
0.0000400024764 0.0000000000000
0.0000400024812 0.0000000000000
0.0000400024815 0.0000000000000
0.0000400024909 0.0000000000000
0.0000400024912 0.0449426566481
0.0000400024915 0.0657767206740
0.0000400024957 0.0000000000000
0.0000400025009 0.0273240009010
0.0000400025012 0.0000000000000
0.0000400025015 0.0000000000000
0.0000400025043 0.0000000000000
0.0000400025057 0.0114717448885
0.0000400025068 0.0000000000000
0.0000400025077 0.0000000000000
0.0000400025084 0.0000000000000
0.0000400025109 0.0000000000000
0.0000400025143 0.0530248366582
0.0000400025157 0.0000000000000
0.0000400025168 0.0531687121195
0.0000400025177 0.0694727819417
0.0000400025184 0.0428048723707
0.0000400025190 0.0000000000000
0.0000400025200 0.0000000000000
0.0000400025217 0.0000000000000
0.0000400025234 0.0000000000000
0.0000400025243 0.0000000000000
0.0000400025268 0.0000000000000
0.0000400025277 0.0000000000000
0.0000400025284 0.0000000000000
0.0000400025290 0.0651010827891
0.0000400025300 0.0246187256613
0.0000400025317 0.0320203010389
0.0000400025334 0.0963329527084
0.0000400025388 0.0000000000000
0.0000400025390 0.0000000000000
0.0000400025400 0.0000000000000
0.0000400025417 0.0000000000000
0.0000400025431 0.0000000000000
0.0000400025434 0.0000000000000
0.0000400025448 0.0000000000000
0.0000400025488 0.0213044630844
0.0000400025517 0.0000000000000
0.0000400025531 0.0246216095792
0.0000400025548 0.0556844498640
0.0000400025588 0.0000000000000
0.0000400025617 0.0350166917723
0.0000400025628 0.0000000000000
0.0000400025631 0.0000000000000
0.0000400025634 0.0000000000000
0.0000400025648 0.0000000000000
0.0000400025666 0.0000000000000
0.0000400025717 0.0000000000000
0.0000400025728 0.0336426650944
0.0000400025734 0.0304343063928
0.0000400025764 0.0000000000000
0.0000400025766 0.0514941171059
0.0000400025815 0.0000000000000
0.0000400025828 0.0000000000000
0.0000400025834 0.0000000000000
0.0000400025864 0.0401402924174
0.0000400025866 0.0000000000000
0.0000400025915 0.0483004984293
0.0000400025964 0.0000000000000
0.0000400025972 0.0000000000000
0.0000400026010 0.0000000000000
0.0000400026015 0.0000000000000
0.0000400026038 0.0000000000000
0.0000400026072 0.0418613505533
0.0000400026091 0.0000000000000
0.0000400026110 0.0416916800482
0.0000400026133 0.0000000000000
0.0000400026138 0.0165174797493
0.0000400026172 0.0000000000000
0.0000400026191 0.0244154094469
0.0000400026210 0.0000000000000
0.0000400026233 0.0354212413714
0.0000400026238 0.0000000000000
0.0000400026291 0.0000000000000
0.0000400026333 0.0000000000000
0.0000400026668 0.0000000000000
0.0000400026768 0.0110111191073
0.0000400026868 0.0000000000000
0.0000410026603 0.0000000000000
0.0000410026675 0.0000000000000
0.0000410026696 0.0000000000000
0.0000410026703 0.0359462746530
0.0000410026775 0.0483224482491
0.0000410026796 0.0436386450890
0.0000410026803 0.0000000000000
0.0000410026804 0.0000000000000
0.0000410026864 0.0000000000000
0.0000410026875 0.0000000000000
0.0000410026896 0.0000000000000
0.0000410026904 0.0600651212057
0.0000410026909 0.0000000000000
0.0000410026964 0.0152391030162
0.0000410027004 0.0000000000000
0.0000410027009 0.0344461566743
0.0000410027057 0.0000000000000
0.0000410027064 0.0000000000000
0.0000410027082 0.0000000000000
0.0000410027109 0.0000000000000
0.0000410027157 0.0179709743881
0.0000410027182 0.0464445370211
0.0000410027257 0.0000000000000
0.0000410027278 0.0000000000000
0.0000410027282 0.0000000000000
0.0000410027288 0.0000000000000
0.0000410027378 0.0288619302481
0.0000410027388 0.0380483303916
0.0000410027478 0.0000000000000
0.0000410027488 0.0000000000000
0.0000410027586 0.0000000000000
0.0000410027686 0.0743624647988
0.0000410027786 0.0000000000000
0.0000410027805 0.0000000000000
0.0000410027905 0.0197705391789
0.0000410028005 0.0000000000000
0.0000410028229 0.0000000000000
0.0000410028329 0.0494742530284
0.0000410028429 0.0000000000000
0.0000420035175 0.0000000000000
0.0000420035275 0.0278474320060
0.0000420035375 0.0000000000000
0.0000420036325 0.0000000000000
0.0000420036352 0.0000000000000
0.0000420036425 0.0495921732284
0.0000420036452 0.0513681860227
0.0000420036525 0.0000000000000
0.0000420036552 0.0000000000000
0.0000420036760 0.0000000000000
0.0000420036860 0.0483054651768
0.0000420036960 0.0000000000000
0.0000430027546 0.0000000000000
0.0000430027646 0.0436953621417
0.0000430027677 0.0000000000000
0.0000430027746 0.0000000000000
0.0000430027777 0.0420423965125
0.0000430027877 0.0000000000000
0.0000430028022 0.0000000000000
0.0000430028024 0.0000000000000
0.0000430028122 0.0240435442511
0.0000430028124 0.0532565113989
0.0000430028181 0.0000000000000
0.0000430028189 0.0000000000000
0.0000430028222 0.0000000000000
0.0000430028224 0.0000000000000
0.0000430028239 0.0000000000000
0.0000430028281 0.0198500071397
0.0000430028289 0.0380912687253
0.0000430028339 0.0275459023643
0.0000430028381 0.0000000000000
0.0000430028389 0.0000000000000
0.0000430028439 0.0000000000000
0.0000430028464 0.0000000000000
0.0000430028564 0.0271134748918
0.0000430028664 0.0000000000000
0.0000430028840 0.0000000000000
0.0000430028940 0.0470011331824
0.0000430029024 0.0000000000000
0.0000430029040 0.0000000000000
0.0000430029124 0.0504036756915
0.0000430029224 0.0000000000000
0.0000430029354 0.0000000000000
0.0000430029449 0.0000000000000
0.0000430029454 0.0479225449623
0.0000430029549 0.0373632396646
0.0000430029554 0.0000000000000
0.0000430029649 0.0000000000000
0.0000440030422 0.0000000000000
0.0000440030475 0.0000000000000
0.0000440030522 0.0343221482032
0.0000440030575 0.0181335953160
0.0000440030622 0.0000000000000
0.0000440030675 0.0000000000000
0.0000440030747 0.0000000000000
0.0000440030833 0.0000000000000
0.0000440030847 0.0457626506474
0.0000440030933 0.0303599653972
0.0000440030947 0.0000000000000
0.0000440030952 0.0000000000000
0.0000440031011 0.0000000000000
0.0000440031033 0.0000000000000
0.0000440031052 0.0378736931389
0.0000440031111 0.0674840000909
0.0000440031152 0.0000000000000
0.0000440031191 0.0000000000000
0.0000440031211 0.0000000000000
0.0000440031291 0.0321910930676
0.0000440031325 0.0000000000000
0.0000440031391 0.0000000000000
0.0000440031425 0.0384121847042
0.0000440031435 0.0000000000000
0.0000440031525 0.0000000000000
0.0000440031535 0.0223588555246
0.0000440031635 0.0000000000000
0.0000450034434 0.0000000000000
0.0000450034534 0.0313815132165
0.0000450034634 0.0000000000000
0.0000450034666 0.0000000000000
0.0000450034766 0.0176295505482
0.0000450034866 0.0000000000000
0.0000450035474 0.0000000000000
0.0000450035574 0.1047350873914
0.0000450035671 0.0000000000000
0.0000450035674 0.0000000000000
0.0000450035771 0.0217415368691
0.0000450035871 0.0000000000000
0.0000460032088 0.0000000000000
0.0000460032188 0.0566858102577
0.0000460032288 0.0000000000000
0.0000470026206 0.0000000000000
0.0000470026306 0.0865622387480
0.0000470026406 0.0000000000000
0.0000480035288 0.0000000000000
0.0000480035388 0.0585295951235
0.0000480035488 0.0000000000000
0.0000480036031 0.0000000000000
0.0000480036131 0.0253041368236
0.0000480036231 0.0000000000000
0.0000490028335 0.0000000000000
0.0000490028435 0.0212113766222
0.0000490028535 0.0000000000000
0.0000490028562 0.0000000000000
0.0000490028662 0.0477206707069
0.0000490028686 0.0000000000000
0.0000490028689 0.0000000000000
0.0000490028741 0.0000000000000
0.0000490028762 0.0000000000000
0.0000490028767 0.0000000000000
0.0000490028786 0.0320111686321
0.0000490028789 0.0552186971176
0.0000490028802 0.0000000000000
0.0000490028841 0.0342325865296
0.0000490028867 0.0546753990224
0.0000490028886 0.0000000000000
0.0000490028889 0.0000000000000
0.0000490028902 0.0268926949522
0.0000490028941 0.0000000000000
0.0000490028953 0.0000000000000
0.0000490028967 0.0000000000000
0.0000490029002 0.0000000000000
0.0000490029053 0.0414191498034
0.0000490029153 0.0000000000000
0.0000490029357 0.0000000000000
0.0000490029364 0.0000000000000
0.0000490029457 0.0455399480958
0.0000490029464 0.0457153864368
0.0000490029557 0.0000000000000
0.0000490029564 0.0000000000000
