time	V(compout)
0.000000000000000e+00	1.417064e-01
2.548800000000000e-09	1.417064e-01
2.550800000000000e-09	1.417064e-01
2.554800000000000e-09	1.417064e-01
2.557100996737437e-09	1.417064e-01
2.559328939757832e-09	1.417064e-01
2.563784825798620e-09	1.417064e-01
2.568800000000000e-09	1.417064e-01
2.570810000000000e-09	1.417064e-01
2.573490000000000e-09	1.417064e-01
2.575500000000000e-09	1.417064e-01
2.576340000000000e-09	1.417064e-01
2.577460000000000e-09	1.417064e-01
2.578300000000000e-09	1.417064e-01
2.578750000000000e-09	1.417064e-01
2.579800000000000e-09	1.417064e-01
2.580700000000000e-09	1.417064e-01
2.581128571428571e-09	1.417064e-01
2.581557142857143e-09	1.417064e-01
2.581985714285714e-09	1.417064e-01
2.582414285714286e-09	1.417064e-01
2.582842857142857e-09	1.417064e-01
2.583271428571429e-09	1.417064e-01
2.583700000000000e-09	1.417064e-01
2.584757142857143e-09	1.417064e-01
2.585814285714286e-09	1.417064e-01
2.586871428571429e-09	1.417064e-01
2.587928571428571e-09	1.417064e-01
2.588985714285714e-09	1.417064e-01
2.590042857142857e-09	1.417064e-01
2.591100000000000e-09	1.417064e-01
2.591200000000000e-09	1.417064e-01
2.592369142857143e-09	1.417064e-01
2.593538285714286e-09	1.417064e-01
2.594707428571430e-09	1.417064e-01
2.595876571428573e-09	1.417064e-01
2.597045714285716e-09	1.417064e-01
2.598214857142859e-09	1.417064e-01
2.599384000000003e-09	1.417064e-01
2.603700000000000e-09	1.417064e-01
2.604900000000000e-09	1.417064e-01
2.606685714285714e-09	1.417064e-01
2.608471428571429e-09	1.417064e-01
2.610257142857143e-09	1.417064e-01
2.612042857142857e-09	1.417064e-01
2.613828571428571e-09	1.417064e-01
2.615614285714286e-09	1.417064e-01
2.617400000000000e-09	1.417064e-01
2.619500000000000e-09	1.417064e-01
2.620400000000000e-09	1.417064e-01
2.621900000000000e-09	1.417064e-01
2.622000000000000e-09	1.417064e-01
2.623700000000000e-09	1.417064e-01
2.624024000000000e-09	1.417064e-01
2.624663428571429e-09	1.417064e-01
2.625302857142857e-09	1.417064e-01
2.625942285714286e-09	1.417064e-01
2.626581714285714e-09	1.417064e-01
2.627221142857143e-09	1.417064e-01
2.627860571428571e-09	1.417064e-01
2.628500000000000e-09	1.417064e-01
2.628657142857143e-09	1.417064e-01
2.628814285714285e-09	1.417064e-01
2.628971428571428e-09	1.417064e-01
2.629128571428571e-09	1.417064e-01
2.629285714285714e-09	1.417064e-01
2.629442857142856e-09	1.417064e-01
2.629599999999999e-09	1.417064e-01
2.630500000000000e-09	1.417064e-01
2.630800000000000e-09	1.417064e-01
2.631000000000000e-09	1.417064e-01
2.631557142857143e-09	1.417064e-01
2.632114285714286e-09	1.417064e-01
2.632671428571429e-09	1.417064e-01
2.633228571428572e-09	1.417064e-01
2.633785714285715e-09	1.417064e-01
2.634342857142857e-09	1.417064e-01
2.634900000000000e-09	1.417064e-01
2.642700000000000e-09	1.417064e-01
2.643500000000000e-09	1.417064e-01
2.644600000000000e-09	1.417064e-01
2.648800000000000e-09	1.417064e-01
2.649714285714286e-09	1.417064e-01
2.650628571428572e-09	1.417064e-01
2.651542857142857e-09	1.417064e-01
2.652457142857143e-09	1.417064e-01
2.653371428571429e-09	1.417064e-01
2.654285714285714e-09	1.417064e-01
2.655200000000000e-09	1.417064e-01
2.659600000000000e-09	1.417064e-01
2.662064000000000e-09	1.417064e-01
2.664880000000000e-09	1.417064e-01
2.667200000000000e-09	1.417064e-01
2.669400000000000e-09	1.417064e-01
2.671600000000000e-09	1.417064e-01
2.673800000000000e-09	1.417064e-01
2.676000000000000e-09	1.417064e-01
2.678200000000000e-09	1.417064e-01
2.680400000000000e-09	1.417064e-01
2.682600000000000e-09	1.417064e-01
2.683500000000000e-09	1.417064e-01
2.685000000000000e-09	1.417064e-01
2.686542857142857e-09	1.417064e-01
2.688085714285714e-09	1.417064e-01
2.689628571428572e-09	1.417064e-01
2.691171428571429e-09	1.417064e-01
2.692714285714286e-09	1.417064e-01
2.694257142857143e-09	1.417064e-01
2.695800000000000e-09	1.417064e-01
2.700960959999999e-09	1.417064e-01
2.706859199999998e-09	1.417065e-01
2.715800000000000e-09	1.417065e-01
2.737202185142854e-09	1.417065e-01
2.758604370285708e-09	1.417066e-01
2.780006555428562e-09	1.417069e-01
2.801408740571415e-09	1.417072e-01
2.822810925714270e-09	1.417076e-01
2.844213110857123e-09	1.417082e-01
2.865615295999977e-09	1.417089e-01
3.016610239999954e-09	1.417165e-01
3.213999664183746e-09	1.417355e-01
3.420910404878278e-09	1.417840e-01
3.657853565833217e-09	1.419357e-01
3.929853481291627e-09	1.423223e-01
4.271325606200943e-09	1.431485e-01
4.491064148386855e-09	1.465384e-01
4.617376334899108e-09	1.581497e-01
4.713454401176988e-09	1.855914e-01
4.831724227152301e-09	2.518117e-01
4.973100429842664e-09	3.806416e-01
5.167106684486657e-09	6.582277e-01
5.467992777212404e-09	1.268022e+00
5.781637699187421e-09	2.031272e+00
5.938705668204899e-09	2.408746e+00
6.069531047411767e-09	2.660895e+00
6.238193849515996e-09	2.884973e+00
6.411969966500306e-09	3.029501e+00
6.548789054817962e-09	3.092667e+00
6.670823251607918e-09	3.120903e+00
6.809773278776335e-09	3.136524e+00
6.942364620830151e-09	3.143514e+00
7.109734708321289e-09	3.147480e+00
7.306398354166731e-09	3.149822e+00
7.607726884094235e-09	3.151802e+00
8.055531841831196e-09	3.153535e+00
8.887438602738866e-09	3.155231e+00
9.887438602738866e-09	3.156007e+00
1.088743860273887e-08	3.156143e+00
1.188743860273887e-08	3.156146e+00
1.288743860273887e-08	3.156145e+00
1.388743860273887e-08	3.156144e+00
1.488743860273887e-08	3.156143e+00
1.588743860273887e-08	3.156140e+00
1.688743860273887e-08	3.156135e+00
1.788743860273887e-08	3.156111e+00
1.888743860273887e-08	3.155847e+00
1.988743860273887e-08	3.154915e+00
2.026719840685356e-08	3.140368e+00
2.044811231453523e-08	3.094423e+00
2.055773837496993e-08	3.016735e+00
2.067421446370151e-08	2.884407e+00
2.080579564908474e-08	2.704033e+00
2.094069542163620e-08	2.500366e+00
2.121049496673912e-08	2.074695e+00
2.147163823361339e-08	1.662181e+00
2.172707933196489e-08	1.274395e+00
2.200602635451192e-08	8.816902e-01
2.219871291986353e-08	6.375843e-01
2.248100873906110e-08	3.256104e-01
2.260304796007967e-08	2.239019e-01
2.271179072949070e-08	1.709557e-01
2.280907996867271e-08	1.498315e-01
2.291162167676686e-08	1.438984e-01
2.299534722420088e-08	1.431968e-01
2.326441891130272e-08	1.426172e-01
2.396873921802066e-08	1.419156e-01
2.472563614912661e-08	1.417464e-01
2.572563614912661e-08	1.417138e-01
2.672563614912661e-08	1.417079e-01
2.772563614912661e-08	1.417065e-01
2.872563614912661e-08	1.417063e-01
2.972563614912661e-08	1.417062e-01
3.072563614912661e-08	1.417062e-01
3.172563614912661e-08	1.417062e-01
3.272563614912661e-08	1.417062e-01
3.372563614912661e-08	1.417062e-01
3.472563614912661e-08	1.417062e-01
3.572563614912662e-08	1.417062e-01
3.672563614912662e-08	1.417062e-01
3.772563614912662e-08	1.417062e-01
3.872563614912662e-08	1.417062e-01
3.972563614912663e-08	1.417062e-01
4.072563614912663e-08	1.417062e-01
4.172563614912663e-08	1.417062e-01
4.272563614912663e-08	1.417062e-01
4.372563614912664e-08	1.417062e-01
4.472563614912664e-08	1.417062e-01
4.572563614912664e-08	1.417062e-01
4.672563614912664e-08	1.417062e-01
4.772563614912665e-08	1.417062e-01
4.872563614912665e-08	1.417063e-01
4.972563614912665e-08	1.417063e-01
5.072563614912665e-08	1.417063e-01
5.172563614912665e-08	1.417063e-01
5.272563614912666e-08	1.417063e-01
5.372563614912666e-08	1.417064e-01
5.472563614912666e-08	1.417064e-01
5.572563614912666e-08	1.417064e-01
5.672563614912667e-08	1.417065e-01
5.772563614912667e-08	1.417065e-01
5.872563614912667e-08	1.417065e-01
5.972563614912667e-08	1.417066e-01
6.072563614912666e-08	1.417066e-01
6.172563614912666e-08	1.417066e-01
6.272563614912665e-08	1.417066e-01
6.372563614912665e-08	1.417067e-01
6.472563614912665e-08	1.417067e-01
6.572563614912664e-08	1.417067e-01
6.672563614912664e-08	1.417067e-01
6.772563614912663e-08	1.417067e-01
6.872563614912663e-08	1.417067e-01
6.972563614912662e-08	1.417067e-01
7.072563614912662e-08	1.417067e-01
7.172563614912662e-08	1.417067e-01
7.272563614912661e-08	1.417067e-01
7.372563614912661e-08	1.417067e-01
7.472563614912660e-08	1.417067e-01
7.572563614912660e-08	1.417067e-01
7.672563614912659e-08	1.417066e-01
7.772563614912659e-08	1.417066e-01
7.872563614912659e-08	1.417066e-01
7.972563614912658e-08	1.417066e-01
8.072563614912658e-08	1.417066e-01
8.172563614912657e-08	1.417066e-01
8.272563614912657e-08	1.417066e-01
8.372563614912656e-08	1.417065e-01
8.472563614912656e-08	1.417065e-01
8.572563614912656e-08	1.417065e-01
8.672563614912655e-08	1.417065e-01
8.772563614912655e-08	1.417065e-01
8.872563614912654e-08	1.417065e-01
9.072563614912653e-08	1.417065e-01
9.372563614912652e-08	1.417064e-01
9.572563614912651e-08	1.417064e-01
9.672563614912651e-08	1.417064e-01
9.772563614912650e-08	1.417064e-01
9.872563614912650e-08	1.417064e-01
9.972563614912650e-08	1.417064e-01
1.007256361491265e-07	1.417064e-01
1.017256361491265e-07	1.417064e-01
1.027256361491265e-07	1.417064e-01
1.037256361491265e-07	1.417064e-01
1.047256361491265e-07	1.417064e-01
1.057256361491265e-07	1.417064e-01
1.067256361491265e-07	1.417064e-01
1.077256361491265e-07	1.417064e-01
1.087256361491265e-07	1.417064e-01
1.097256361491265e-07	1.417064e-01
1.107256361491264e-07	1.417064e-01
1.117256361491264e-07	1.417064e-01
1.127256361491264e-07	1.417064e-01
1.137256361491264e-07	1.417064e-01
1.147256361491264e-07	1.417064e-01
1.157256361491264e-07	1.417064e-01
1.167256361491264e-07	1.417064e-01
1.177256361491264e-07	1.417064e-01
1.187256361491264e-07	1.417064e-01
1.197256361491264e-07	1.417064e-01
1.207256361491264e-07	1.417064e-01
1.227256361491264e-07	1.417065e-01
1.257256361491264e-07	1.417065e-01
1.287256361491264e-07	1.417065e-01
1.297256361491264e-07	1.417065e-01
1.307256361491264e-07	1.417065e-01
1.317256361491264e-07	1.417065e-01
1.327256361491264e-07	1.417065e-01
1.337256361491264e-07	1.417065e-01
1.347256361491264e-07	1.417065e-01
1.357256361491264e-07	1.417065e-01
1.367256361491264e-07	1.417065e-01
1.377256361491263e-07	1.417065e-01
1.387256361491263e-07	1.417065e-01
1.397256361491263e-07	1.417065e-01
1.407256361491263e-07	1.417065e-01
1.417256361491263e-07	1.417065e-01
1.427256361491263e-07	1.417065e-01
1.437256361491263e-07	1.417065e-01
1.447256361491263e-07	1.417065e-01
1.457256361491263e-07	1.417065e-01
1.467256361491263e-07	1.417065e-01
1.477256361491263e-07	1.417065e-01
1.487256361491263e-07	1.417065e-01
1.497256361491263e-07	1.417065e-01
1.507256361491263e-07	1.417064e-01
1.517256361491263e-07	1.417064e-01
1.527256361491263e-07	1.417064e-01
1.537256361491263e-07	1.417065e-01
1.547256361491263e-07	1.417065e-01
1.557256361491263e-07	1.417065e-01
1.567256361491263e-07	1.417065e-01
1.587256361491263e-07	1.417065e-01
1.595827790062691e-07	1.417065e-01
1.604399218634120e-07	1.417065e-01
1.612970647205548e-07	1.417065e-01
1.621542075776977e-07	1.417065e-01
1.630113504348405e-07	1.417064e-01
1.638684932919834e-07	1.417064e-01
1.647256361491262e-07	1.417064e-01
1.657256361491262e-07	1.417064e-01
1.667256361491262e-07	1.417064e-01
1.677256361491262e-07	1.417064e-01
1.687256361491262e-07	1.417064e-01
1.697256361491262e-07	1.417064e-01
1.707256361491262e-07	1.417065e-01
1.717256361491262e-07	1.417065e-01
1.727256361491262e-07	1.417065e-01
1.737256361491262e-07	1.417065e-01
1.747256361491262e-07	1.417065e-01
1.757256361491262e-07	1.417065e-01
1.767256361491262e-07	1.417065e-01
1.777256361491262e-07	1.417065e-01
1.787256361491262e-07	1.417065e-01
1.797256361491262e-07	1.417065e-01
1.807256361491262e-07	1.417064e-01
1.817256361491262e-07	1.417064e-01
1.837256361491261e-07	1.417064e-01
1.857256361491261e-07	1.417064e-01
1.877256361491261e-07	1.417065e-01
1.907256361491261e-07	1.417064e-01
1.918684932919833e-07	1.417064e-01
1.930113504348404e-07	1.417064e-01
1.941542075776975e-07	1.417065e-01
1.952970647205547e-07	1.417065e-01
1.964399218634118e-07	1.417065e-01
1.975827790062689e-07	1.417065e-01
1.987256361491261e-07	1.417065e-01
2.007256361491261e-07	1.417064e-01
2.027256361491261e-07	1.417064e-01
2.047256361491261e-07	1.417065e-01
2.067256361491261e-07	1.417065e-01
2.087256361491260e-07	1.417065e-01
2.107256361491260e-07	1.417065e-01
2.127256361491260e-07	1.417065e-01
2.147256361491260e-07	1.417065e-01
2.177256361491260e-07	1.417065e-01
2.207256361491260e-07	1.417064e-01
2.222970647205546e-07	1.417064e-01
2.238684932919831e-07	1.417064e-01
2.254399218634117e-07	1.417064e-01
2.270113504348402e-07	1.417064e-01
2.285827790062688e-07	1.417064e-01
2.301542075776974e-07	1.417064e-01
2.317256361491259e-07	1.417065e-01
2.345827790062688e-07	1.417064e-01
2.374399218634118e-07	1.417064e-01
2.402970647205546e-07	1.417064e-01
2.431542075776976e-07	1.417064e-01
2.460113504348404e-07	1.417064e-01
2.488684932919833e-07	1.417064e-01
2.517256361491262e-07	1.417064e-01
2.541542075776977e-07	1.417064e-01
2.565827790062692e-07	1.417064e-01
2.590113504348407e-07	1.417064e-01
2.614399218634122e-07	1.417064e-01
2.638684932919837e-07	1.417064e-01
2.662970647205551e-07	1.417064e-01
2.687256361491266e-07	1.417064e-01
2.721542075776981e-07	1.417064e-01
2.755827790062696e-07	1.417064e-01
2.790113504348411e-07	1.417064e-01
2.824399218634126e-07	1.417064e-01
2.858684932919842e-07	1.417064e-01
2.892970647205556e-07	1.417064e-01
2.927256361491271e-07	1.417064e-01
2.985827790062701e-07	1.417064e-01
3.044399218634131e-07	1.417064e-01
3.102970647205561e-07	1.417064e-01
3.161542075776991e-07	1.417064e-01
3.220113504348421e-07	1.417064e-01
3.278684932919851e-07	1.417064e-01
3.337256361491280e-07	1.417064e-01
3.974399218634129e-07	1.417064e-01
4.611542075776978e-07	1.417064e-01
5.248684932919826e-07	1.417064e-01
5.885827790062675e-07	1.417064e-01
6.522970647205523e-07	1.417064e-01
7.160113504348372e-07	1.417064e-01
7.797256361491219e-07	1.417064e-01
7.807256361491219e-07	1.417064e-01
1.002787000000000e-06	1.417063e-01
1.002787340824149e-06	1.417064e-01
1.002788022472446e-06	1.417064e-01
1.002789154912924e-06	1.417064e-01
1.002790335753537e-06	1.417064e-01
1.002792697434762e-06	1.417064e-01
1.002797420797212e-06	1.417064e-01
1.002807000000000e-06	1.417064e-01
1.002810714285714e-06	1.417064e-01
1.002814428571429e-06	1.417064e-01
1.002818142857143e-06	1.417064e-01
1.002821857142857e-06	1.417064e-01
1.002825571428571e-06	1.417064e-01
1.002829285714286e-06	1.417064e-01
1.002833000000000e-06	1.417064e-01
1.002836800000000e-06	1.417064e-01
1.002839228571429e-06	1.417064e-01
1.002841657142857e-06	1.417064e-01
1.002844085714286e-06	1.417064e-01
1.002846514285714e-06	1.417064e-01
1.002848942857143e-06	1.417064e-01
1.002851371428571e-06	1.417064e-01
1.002853800000000e-06	1.417064e-01
1.002855660000000e-06	1.417064e-01
1.002858140000000e-06	1.417064e-01
1.002860000000000e-06	1.417064e-01
1.002863472000000e-06	1.417064e-01
1.002867440000000e-06	1.417064e-01
1.002874700000000e-06	1.417064e-01
1.002876530000000e-06	1.417064e-01
1.002878970000000e-06	1.417064e-01
1.002880800000000e-06	1.417064e-01
1.002882270000000e-06	1.417064e-01
1.002882900000000e-06	1.417064e-01
1.002885257142857e-06	1.417064e-01
1.002887614285714e-06	1.417064e-01
1.002889971428571e-06	1.417064e-01
1.002892328571429e-06	1.417064e-01
1.002894685714286e-06	1.417064e-01
1.002897042857143e-06	1.417064e-01
1.002899400000000e-06	1.417064e-01
1.002902625600000e-06	1.417064e-01
1.002906926400000e-06	1.417064e-01
1.002915900000000e-06	1.417064e-01
1.002921900000000e-06	1.417064e-01
1.002922100000000e-06	1.417064e-01
1.002923514285714e-06	1.417064e-01
1.002924928571429e-06	1.417064e-01
1.002926342857143e-06	1.417064e-01
1.002927757142857e-06	1.417064e-01
1.002929171428571e-06	1.417064e-01
1.002930585714286e-06	1.417064e-01
1.002932000000000e-06	1.417065e-01
1.002934457600001e-06	1.417065e-01
1.002937734400003e-06	1.417065e-01
1.002944288000006e-06	1.417065e-01
1.002952000000000e-06	1.417065e-01
1.002975780205725e-06	1.417066e-01
1.002999560411450e-06	1.417068e-01
1.003023340617175e-06	1.417072e-01
1.003047120822900e-06	1.417078e-01
1.003070901028625e-06	1.417085e-01
1.003094681234350e-06	1.417093e-01
1.003118461440075e-06	1.417103e-01
1.003286233600151e-06	1.417205e-01
1.003456674167392e-06	1.417400e-01
1.003673781458892e-06	1.418000e-01
1.003895537674416e-06	1.419653e-01
1.004187657839832e-06	1.424196e-01
1.004510947809732e-06	1.432396e-01
1.004695759520351e-06	1.456510e-01
1.004810233412484e-06	1.544293e-01
1.004900024190013e-06	1.768294e-01
1.005013775840233e-06	2.337111e-01
1.005142565773606e-06	3.391380e-01
1.005318900719824e-06	5.683102e-01
1.005606171271021e-06	1.117133e+00
1.005960931612849e-06	1.963598e+00
1.006122433294122e-06	2.357580e+00
1.006250045721686e-06	2.614420e+00
1.006423357808790e-06	2.863363e+00
1.006566574394776e-06	2.999279e+00
1.006689703737587e-06	3.068722e+00
1.006813951071127e-06	3.108165e+00
1.006941354260924e-06	3.129357e+00
1.007078561168918e-06	3.140336e+00
1.007222900470219e-06	3.145622e+00
1.007635485671558e-06	3.150758e+00
1.007991407279988e-06	3.152595e+00
1.008583429785373e-06	3.154328e+00
1.009583429785373e-06	3.155705e+00
1.010583429785373e-06	3.156118e+00
1.011583429785373e-06	3.156148e+00
1.012583429785373e-06	3.156146e+00
1.013583429785373e-06	3.156146e+00
1.014583429785373e-06	3.156145e+00
1.015583429785373e-06	3.156145e+00
1.016583429785373e-06	3.156143e+00
1.017583429785373e-06	3.156139e+00
1.018583429785373e-06	3.156128e+00
1.019583429785373e-06	3.156037e+00
1.020583429785374e-06	3.155604e+00
1.021112740301583e-06	3.154894e+00
1.021417686749269e-06	3.145082e+00
1.021596071889644e-06	3.109438e+00
1.021692936452655e-06	3.049596e+00
1.021801497750832e-06	2.933916e+00
1.021925328175346e-06	2.769901e+00
1.022040139683942e-06	2.598922e+00
1.022269762701134e-06	2.235150e+00
1.022515810213397e-06	1.839547e+00
1.022753719427647e-06	1.464885e+00
1.023043166064673e-06	1.035124e+00
1.023269521086489e-06	7.289745e-01
1.023541546584605e-06	4.039081e-01
1.023695630893984e-06	2.566760e-01
1.023805021045675e-06	1.891786e-01
1.023916275107457e-06	1.553250e-01
1.024019262736328e-06	1.447934e-01
1.024095235427403e-06	1.433868e-01
1.024325731553392e-06	1.427944e-01
1.024602582874587e-06	1.423717e-01
1.025122186081959e-06	1.419556e-01
1.026059022320614e-06	1.417413e-01
1.027059022320614e-06	1.417120e-01
1.028059022320614e-06	1.417071e-01
1.029059022320614e-06	1.417057e-01
1.030059022320615e-06	1.417058e-01
1.031059022320615e-06	1.417060e-01
1.032059022320615e-06	1.417061e-01
1.033059022320615e-06	1.417061e-01
1.034059022320615e-06	1.417062e-01
1.035059022320615e-06	1.417061e-01
1.036059022320615e-06	1.417062e-01
1.037059022320615e-06	1.417062e-01
1.038059022320615e-06	1.417062e-01
1.039059022320615e-06	1.417062e-01
1.040059022320615e-06	1.417062e-01
1.041059022320615e-06	1.417062e-01
1.042059022320615e-06	1.417062e-01
1.043059022320616e-06	1.417062e-01
1.044059022320616e-06	1.417062e-01
1.045059022320616e-06	1.417062e-01
1.046059022320616e-06	1.417062e-01
1.047059022320616e-06	1.417062e-01
1.048059022320616e-06	1.417062e-01
1.049059022320616e-06	1.417062e-01
1.050059022320616e-06	1.417063e-01
1.051059022320616e-06	1.417063e-01
1.052059022320616e-06	1.417063e-01
1.053059022320616e-06	1.417063e-01
1.054059022320616e-06	1.417063e-01
1.055059022320616e-06	1.417064e-01
1.056059022320617e-06	1.417064e-01
1.057059022320617e-06	1.417065e-01
1.058059022320617e-06	1.417065e-01
1.059059022320617e-06	1.417066e-01
1.060059022320617e-06	1.417066e-01
1.061059022320617e-06	1.417066e-01
1.062059022320617e-06	1.417067e-01
1.063059022320617e-06	1.417067e-01
1.064059022320617e-06	1.417067e-01
1.065059022320617e-06	1.417068e-01
1.066059022320617e-06	1.417068e-01
1.067059022320617e-06	1.417068e-01
1.068059022320617e-06	1.417068e-01
1.069059022320617e-06	1.417068e-01
1.070059022320618e-06	1.417068e-01
1.071059022320618e-06	1.417068e-01
1.072059022320618e-06	1.417068e-01
1.073059022320618e-06	1.417068e-01
1.074059022320618e-06	1.417068e-01
1.075059022320618e-06	1.417068e-01
1.076059022320618e-06	1.417067e-01
1.077059022320618e-06	1.417067e-01
1.078059022320618e-06	1.417067e-01
1.079059022320618e-06	1.417067e-01
1.080059022320618e-06	1.417066e-01
1.081059022320618e-06	1.417066e-01
1.082059022320618e-06	1.417066e-01
1.083059022320619e-06	1.417066e-01
1.084059022320619e-06	1.417066e-01
1.085059022320619e-06	1.417065e-01
1.086059022320619e-06	1.417065e-01
1.087059022320619e-06	1.417065e-01
1.088059022320619e-06	1.417065e-01
1.089059022320619e-06	1.417065e-01
1.091059022320619e-06	1.417065e-01
1.093059022320619e-06	1.417064e-01
1.095059022320619e-06	1.417064e-01
1.096059022320620e-06	1.417064e-01
1.097059022320620e-06	1.417064e-01
1.098059022320620e-06	1.417064e-01
1.099059022320620e-06	1.417064e-01
1.100059022320620e-06	1.417064e-01
1.101059022320620e-06	1.417064e-01
1.102059022320620e-06	1.417064e-01
1.103059022320620e-06	1.417064e-01
1.104059022320620e-06	1.417064e-01
1.105059022320620e-06	1.417064e-01
1.106059022320620e-06	1.417064e-01
1.107059022320620e-06	1.417064e-01
1.108059022320620e-06	1.417064e-01
1.109059022320621e-06	1.417064e-01
1.110059022320621e-06	1.417064e-01
1.111059022320621e-06	1.417064e-01
1.112059022320621e-06	1.417064e-01
1.113059022320621e-06	1.417064e-01
1.114059022320621e-06	1.417064e-01
1.115059022320621e-06	1.417064e-01
1.116059022320621e-06	1.417064e-01
1.117059022320621e-06	1.417064e-01
1.118059022320621e-06	1.417064e-01
1.119059022320621e-06	1.417064e-01
1.120059022320621e-06	1.417064e-01
1.121059022320621e-06	1.417064e-01
1.123059022320622e-06	1.417065e-01
1.126059022320622e-06	1.417065e-01
1.129059022320622e-06	1.417065e-01
1.130059022320622e-06	1.417065e-01
1.131059022320622e-06	1.417065e-01
1.132059022320622e-06	1.417065e-01
1.133059022320622e-06	1.417065e-01
1.134059022320622e-06	1.417065e-01
1.135059022320622e-06	1.417065e-01
1.136059022320623e-06	1.417065e-01
1.137059022320623e-06	1.417065e-01
1.138059022320623e-06	1.417065e-01
1.139059022320623e-06	1.417065e-01
1.140059022320623e-06	1.417065e-01
1.141059022320623e-06	1.417065e-01
1.142059022320623e-06	1.417065e-01
1.143059022320623e-06	1.417065e-01
1.144059022320623e-06	1.417065e-01
1.145059022320623e-06	1.417065e-01
1.146059022320623e-06	1.417065e-01
1.147059022320623e-06	1.417065e-01
1.148059022320623e-06	1.417065e-01
1.149059022320624e-06	1.417065e-01
1.150059022320624e-06	1.417065e-01
1.151059022320624e-06	1.417064e-01
1.152059022320624e-06	1.417065e-01
1.153059022320624e-06	1.417065e-01
1.154059022320624e-06	1.417065e-01
1.155059022320624e-06	1.417065e-01
1.156059022320624e-06	1.417065e-01
1.157059022320624e-06	1.417065e-01
1.158059022320624e-06	1.417065e-01
1.158773308034910e-06	1.417065e-01
1.159487593749196e-06	1.417065e-01
1.160201879463481e-06	1.417065e-01
1.160916165177767e-06	1.417065e-01
1.161630450892053e-06	1.417065e-01
1.162344736606339e-06	1.417065e-01
1.163059022320625e-06	1.417065e-01
1.164059022320625e-06	1.417065e-01
1.165059022320625e-06	1.417065e-01
1.166059022320625e-06	1.417065e-01
1.167059022320625e-06	1.417065e-01
1.168059022320625e-06	1.417065e-01
1.169059022320625e-06	1.417065e-01
1.170059022320625e-06	1.417065e-01
1.171059022320625e-06	1.417065e-01
1.172059022320625e-06	1.417065e-01
1.173059022320625e-06	1.417065e-01
1.174059022320625e-06	1.417065e-01
1.175059022320625e-06	1.417065e-01
1.176059022320626e-06	1.417065e-01
1.177059022320626e-06	1.417065e-01
1.178059022320626e-06	1.417065e-01
1.179059022320626e-06	1.417065e-01
1.180059022320626e-06	1.417065e-01
1.181059022320626e-06	1.417065e-01
1.182059022320626e-06	1.417065e-01
1.183059022320626e-06	1.417065e-01
1.185059022320626e-06	1.417065e-01
1.187059022320626e-06	1.417065e-01
1.190059022320627e-06	1.417064e-01
1.191201879463484e-06	1.417064e-01
1.192344736606341e-06	1.417064e-01
1.193487593749198e-06	1.417064e-01
1.194630450892056e-06	1.417065e-01
1.195773308034913e-06	1.417065e-01
1.196916165177770e-06	1.417065e-01
1.198059022320627e-06	1.417065e-01
1.200059022320627e-06	1.417065e-01
1.201059022320627e-06	1.417065e-01
1.202059022320627e-06	1.417065e-01
1.203059022320628e-06	1.417065e-01
1.205059022320628e-06	1.417065e-01
1.207059022320628e-06	1.417065e-01
1.209059022320628e-06	1.417065e-01
1.211059022320628e-06	1.417065e-01
1.213059022320628e-06	1.417065e-01
1.215059022320628e-06	1.417065e-01
1.218059022320629e-06	1.417065e-01
1.221059022320629e-06	1.417065e-01
1.222630450892058e-06	1.417065e-01
1.224201879463486e-06	1.417065e-01
1.225773308034915e-06	1.417065e-01
1.227344736606344e-06	1.417065e-01
1.228916165177772e-06	1.417064e-01
1.230487593749201e-06	1.417064e-01
1.232059022320630e-06	1.417064e-01
1.235059022320630e-06	1.417065e-01
1.238059022320630e-06	1.417065e-01
1.241059022320630e-06	1.417065e-01
1.244059022320631e-06	1.417065e-01
1.246059022320631e-06	1.417064e-01
1.248059022320631e-06	1.417064e-01
1.250059022320631e-06	1.417064e-01
1.252059022320631e-06	1.417064e-01
1.254059022320631e-06	1.417064e-01
1.256059022320632e-06	1.417064e-01
1.258059022320632e-06	1.417065e-01
1.262630450892061e-06	1.417065e-01
1.267201879463489e-06	1.417065e-01
1.271773308034919e-06	1.417065e-01
1.276344736606347e-06	1.417065e-01
1.280916165177776e-06	1.417064e-01
1.285487593749205e-06	1.417064e-01
1.290059022320634e-06	1.417064e-01
1.295916165177777e-06	1.417064e-01
1.301773308034921e-06	1.417064e-01
1.307630450892064e-06	1.417064e-01
1.313487593749207e-06	1.417064e-01
1.319344736606351e-06	1.417064e-01
1.325201879463494e-06	1.417064e-01
1.331059022320637e-06	1.417064e-01
1.339916165177781e-06	1.417064e-01
1.348773308034924e-06	1.417064e-01
1.357630450892068e-06	1.417064e-01
1.366487593749211e-06	1.417064e-01
1.375344736606355e-06	1.417064e-01
1.384201879463498e-06	1.417064e-01
1.393059022320642e-06	1.417064e-01
1.434059022320645e-06	1.417064e-01
1.475059022320648e-06	1.417064e-01
1.516059022320651e-06	1.417064e-01
1.557059022320654e-06	1.417064e-01
1.598059022320657e-06	1.417064e-01
1.639059022320660e-06	1.417064e-01
1.680059022320663e-06	1.417064e-01
1.681059022320663e-06	1.417064e-01
1.727068661989140e-06	1.417065e-01
1.773078301657617e-06	1.417065e-01
1.819087941326093e-06	1.417065e-01
1.865097580994570e-06	1.417064e-01
1.911107220663047e-06	1.417064e-01
1.957116860331523e-06	1.417064e-01
2.003126500000000e-06	1.417063e-01
2.003127461577170e-06	1.417064e-01
2.003129384731510e-06	1.417064e-01
2.003131191483548e-06	1.417064e-01
2.003133268127766e-06	1.417064e-01
2.003137421416202e-06	1.417064e-01
2.003145727993074e-06	1.417064e-01
2.003146500000000e-06	1.417064e-01
2.003156733149307e-06	1.417064e-01
2.003167935364809e-06	1.417064e-01
2.003190339795812e-06	1.417064e-01
2.003196200000000e-06	1.417064e-01
2.003198190000000e-06	1.417064e-01
2.003202170000000e-06	1.417064e-01
2.003210130000000e-06	1.417064e-01
2.003216100000000e-06	1.417064e-01
2.003219080402988e-06	1.417064e-01
2.003223054273639e-06	1.417064e-01
2.003231002014940e-06	1.417064e-01
2.003246897497542e-06	1.417064e-01
2.003253300000000e-06	1.417064e-01
2.003262837289561e-06	1.417064e-01
2.003275553675643e-06	1.417064e-01
2.003293900000000e-06	1.417065e-01
2.003299900000000e-06	1.417065e-01
2.003307900000000e-06	1.417065e-01
2.003313900000000e-06	1.417065e-01
2.003328300000000e-06	1.417065e-01
2.003342699999999e-06	1.417066e-01
2.003357099999999e-06	1.417067e-01
2.003371499999999e-06	1.417069e-01
2.003385899999999e-06	1.417071e-01
2.003400299999999e-06	1.417073e-01
2.003414699999998e-06	1.417076e-01
2.003517099999997e-06	1.417113e-01
2.003697240620700e-06	1.417231e-01
2.003889883760059e-06	1.417474e-01
2.004115380623229e-06	1.418248e-01
2.004356106630212e-06	1.420430e-01
2.004662052071125e-06	1.426095e-01
2.005022430087323e-06	1.447245e-01
2.005176872310079e-06	1.522942e-01
2.005280505025578e-06	1.738314e-01
2.005396078044497e-06	2.269167e-01
2.005514566475160e-06	3.184595e-01
2.005685590370014e-06	5.299915e-01
2.005971809404549e-06	1.061149e+00
2.006359968555592e-06	1.976311e+00
2.006522988855439e-06	2.372199e+00
2.006648015707942e-06	2.622735e+00
2.006820348456158e-06	2.867150e+00
2.006968383192585e-06	3.005103e+00
2.007090457761593e-06	3.072186e+00
2.007213307387004e-06	3.109735e+00
2.007341228479493e-06	3.130183e+00
2.007477863251123e-06	3.140687e+00
2.007624267545582e-06	3.145828e+00
2.007804689017831e-06	3.148789e+00
2.008043816869890e-06	3.150862e+00
2.008404177574671e-06	3.152673e+00
2.009027461463476e-06	3.154434e+00
2.010027461463476e-06	3.155741e+00
2.011027461463476e-06	3.156122e+00
2.012027461463476e-06	3.156147e+00
2.013027461463477e-06	3.156145e+00
2.014027461463477e-06	3.156145e+00
2.015027461463477e-06	3.156144e+00
2.016027461463477e-06	3.156142e+00
2.017027461463477e-06	3.156139e+00
2.018027461463477e-06	3.156129e+00
2.019027461463477e-06	3.156070e+00
2.020027461463477e-06	3.155544e+00
2.021027461463477e-06	3.091240e+00
2.021308575043062e-06	2.946544e+00
2.021527802901913e-06	2.692293e+00
2.021719692138134e-06	2.407756e+00
2.021918239503812e-06	2.098127e+00
2.022184864637254e-06	1.682046e+00
2.022417782920589e-06	1.333142e+00
2.022676540024940e-06	9.736592e-01
2.022849827187439e-06	7.534354e-01
2.023111541307561e-06	4.521692e-01
2.023285903175728e-06	2.815100e-01
2.023393873354481e-06	2.080045e-01
2.023526679309794e-06	1.599800e-01
2.023636590930980e-06	1.449652e-01
2.023716807383436e-06	1.430302e-01
2.023819693933019e-06	1.428813e-01
2.023924775697018e-06	1.426874e-01
2.024134939225016e-06	1.423594e-01
2.024466400458230e-06	1.420185e-01
2.024974675009521e-06	1.418009e-01
2.025885519563693e-06	1.417230e-01
2.026885519563693e-06	1.417092e-01
2.027885519563693e-06	1.417064e-01
2.028885519563693e-06	1.417062e-01
2.029885519563693e-06	1.417063e-01
2.030885519563693e-06	1.417066e-01
2.031885519563693e-06	1.417065e-01
2.032885519563693e-06	1.417066e-01
2.033885519563693e-06	1.417065e-01
2.034885519563694e-06	1.417066e-01
2.035885519563694e-06	1.417065e-01
2.036885519563694e-06	1.417066e-01
2.037885519563694e-06	1.417065e-01
2.038885519563694e-06	1.417065e-01
2.039885519563694e-06	1.417065e-01
2.040885519563694e-06	1.417065e-01
2.041885519563694e-06	1.417065e-01
2.042885519563694e-06	1.417065e-01
2.043885519563694e-06	1.417065e-01
2.044885519563694e-06	1.417065e-01
2.045885519563694e-06	1.417065e-01
2.046885519563694e-06	1.417066e-01
2.047885519563694e-06	1.417066e-01
2.048885519563695e-06	1.417066e-01
2.049885519563695e-06	1.417066e-01
2.050885519563695e-06	1.417066e-01
2.051885519563695e-06	1.417065e-01
2.052885519563695e-06	1.417063e-01
2.053885519563695e-06	1.417063e-01
2.054885519563695e-06	1.417066e-01
2.055885519563695e-06	1.417067e-01
2.056885519563695e-06	1.417068e-01
2.057885519563695e-06	1.417068e-01
2.058885519563695e-06	1.417068e-01
2.059885519563695e-06	1.417069e-01
2.060885519563695e-06	1.417069e-01
2.061885519563696e-06	1.417069e-01
2.062885519563696e-06	1.417069e-01
2.063885519563696e-06	1.417070e-01
2.064885519563696e-06	1.417070e-01
2.065885519563696e-06	1.417070e-01
2.066885519563696e-06	1.417070e-01
2.067885519563696e-06	1.417070e-01
2.068885519563696e-06	1.417070e-01
2.069885519563696e-06	1.417070e-01
2.070885519563696e-06	1.417070e-01
2.071885519563696e-06	1.417070e-01
2.072885519563696e-06	1.417070e-01
2.073885519563696e-06	1.417070e-01
2.074885519563697e-06	1.417070e-01
2.075885519563697e-06	1.417070e-01
2.076885519563697e-06	1.417069e-01
2.077885519563697e-06	1.417069e-01
2.078885519563697e-06	1.417069e-01
2.079885519563697e-06	1.417069e-01
2.080885519563697e-06	1.417069e-01
2.081885519563697e-06	1.417069e-01
2.082885519563697e-06	1.417068e-01
2.083885519563697e-06	1.417067e-01
2.084885519563697e-06	1.417065e-01
2.085885519563697e-06	1.417064e-01
2.086885519563697e-06	1.417065e-01
2.087885519563698e-06	1.417066e-01
2.088885519563698e-06	1.417067e-01
2.089885519563698e-06	1.417067e-01
2.090885519563698e-06	1.417067e-01
2.092885519563698e-06	1.417067e-01
2.094885519563698e-06	1.417067e-01
2.095885519563698e-06	1.417067e-01
2.096885519563698e-06	1.417067e-01
2.097885519563698e-06	1.417067e-01
2.098885519563698e-06	1.417067e-01
2.099885519563698e-06	1.417067e-01
2.100885519563698e-06	1.417067e-01
2.101885519563699e-06	1.417067e-01
2.102885519563699e-06	1.417067e-01
2.103885519563699e-06	1.417067e-01
2.104885519563699e-06	1.417067e-01
2.105885519563699e-06	1.417067e-01
2.106885519563699e-06	1.417067e-01
2.107885519563699e-06	1.417067e-01
2.108885519563699e-06	1.417067e-01
2.109885519563699e-06	1.417067e-01
2.110885519563699e-06	1.417067e-01
2.111885519563699e-06	1.417067e-01
2.112885519563699e-06	1.417067e-01
2.113885519563699e-06	1.417067e-01
2.114885519563700e-06	1.417067e-01
2.115885519563700e-06	1.417067e-01
2.116885519563700e-06	1.417067e-01
2.117885519563700e-06	1.417066e-01
2.118885519563700e-06	1.417064e-01
2.119885519563700e-06	1.417063e-01
2.120885519563700e-06	1.417064e-01
2.122885519563700e-06	1.417067e-01
2.124885519563700e-06	1.417067e-01
2.125599805277986e-06	1.417067e-01
2.126314090992272e-06	1.417067e-01
2.127028376706558e-06	1.417067e-01
2.127742662420843e-06	1.417067e-01
2.128456948135129e-06	1.417067e-01
2.129171233849415e-06	1.417067e-01
2.129885519563701e-06	1.417067e-01
2.130885519563701e-06	1.417067e-01
2.131885519563701e-06	1.417067e-01
2.132885519563701e-06	1.417067e-01
2.133885519563701e-06	1.417067e-01
2.134885519563701e-06	1.417067e-01
2.135885519563701e-06	1.417067e-01
2.136885519563701e-06	1.417067e-01
2.137885519563701e-06	1.417067e-01
2.138885519563701e-06	1.417067e-01
2.139885519563701e-06	1.417067e-01
2.140885519563701e-06	1.417067e-01
2.141885519563702e-06	1.417067e-01
2.142885519563702e-06	1.417067e-01
2.143885519563702e-06	1.417067e-01
2.144885519563702e-06	1.417067e-01
2.145885519563702e-06	1.417067e-01
2.146885519563702e-06	1.417067e-01
2.147885519563702e-06	1.417067e-01
2.148885519563702e-06	1.417066e-01
2.149885519563702e-06	1.417064e-01
2.150885519563702e-06	1.417064e-01
2.151885519563702e-06	1.417066e-01
2.152885519563702e-06	1.417067e-01
2.153885519563702e-06	1.417067e-01
2.154885519563703e-06	1.417067e-01
2.155885519563703e-06	1.417067e-01
2.156885519563703e-06	1.417067e-01
2.158885519563703e-06	1.417067e-01
2.159742662420846e-06	1.417067e-01
2.160599805277989e-06	1.417067e-01
2.161456948135131e-06	1.417067e-01
2.162314090992275e-06	1.417067e-01
2.163171233849417e-06	1.417067e-01
2.164028376706561e-06	1.417066e-01
2.164885519563703e-06	1.417066e-01
2.165885519563703e-06	1.417066e-01
2.166885519563703e-06	1.417067e-01
2.167885519563704e-06	1.417067e-01
2.168885519563704e-06	1.417066e-01
2.169885519563704e-06	1.417066e-01
2.170885519563704e-06	1.417066e-01
2.171885519563704e-06	1.417066e-01
2.172885519563704e-06	1.417066e-01
2.173885519563704e-06	1.417066e-01
2.174885519563704e-06	1.417066e-01
2.175885519563704e-06	1.417066e-01
2.176885519563704e-06	1.417066e-01
2.177885519563704e-06	1.417066e-01
2.178885519563704e-06	1.417066e-01
2.179885519563704e-06	1.417066e-01
2.180885519563704e-06	1.417066e-01
2.181885519563705e-06	1.417066e-01
2.183885519563705e-06	1.417066e-01
2.185885519563705e-06	1.417066e-01
2.187885519563705e-06	1.417066e-01
2.190885519563705e-06	1.417066e-01
2.192028376706563e-06	1.417066e-01
2.193171233849420e-06	1.417066e-01
2.194314090992277e-06	1.417065e-01
2.195456948135134e-06	1.417065e-01
2.196599805277991e-06	1.417065e-01
2.197742662420848e-06	1.417065e-01
2.198885519563706e-06	1.417065e-01
2.200885519563706e-06	1.417066e-01
2.202885519563706e-06	1.417066e-01
2.204885519563706e-06	1.417066e-01
2.206885519563706e-06	1.417066e-01
2.208885519563707e-06	1.417066e-01
2.210885519563707e-06	1.417066e-01
2.212885519563707e-06	1.417066e-01
2.214885519563707e-06	1.417066e-01
2.217885519563707e-06	1.417066e-01
2.220885519563707e-06	1.417066e-01
2.222456948135136e-06	1.417066e-01
2.224028376706565e-06	1.417066e-01
2.225599805277994e-06	1.417066e-01
2.227171233849422e-06	1.417066e-01
2.228742662420851e-06	1.417066e-01
2.230314090992280e-06	1.417066e-01
2.231885519563708e-06	1.417066e-01
2.234742662420851e-06	1.417066e-01
2.237599805277995e-06	1.417066e-01
2.240456948135137e-06	1.417066e-01
2.243314090992281e-06	1.417066e-01
2.246171233849424e-06	1.417066e-01
2.249028376706567e-06	1.417066e-01
2.251885519563710e-06	1.417066e-01
2.254314090992282e-06	1.417066e-01
2.256742662420853e-06	1.417066e-01
2.259171233849425e-06	1.417066e-01
2.261599805277996e-06	1.417066e-01
2.264028376706568e-06	1.417066e-01
2.266456948135139e-06	1.417066e-01
2.268885519563711e-06	1.417066e-01
2.272314090992283e-06	1.417066e-01
2.275742662420854e-06	1.417066e-01
2.279171233849426e-06	1.417066e-01
2.282599805277998e-06	1.417066e-01
2.286028376706570e-06	1.417066e-01
2.289456948135141e-06	1.417066e-01
2.292885519563713e-06	1.417066e-01
2.298742662420856e-06	1.417066e-01
2.304599805278000e-06	1.417066e-01
2.310456948135143e-06	1.417066e-01
2.316314090992286e-06	1.417066e-01
2.322171233849429e-06	1.417066e-01
2.328028376706573e-06	1.417066e-01
2.333885519563716e-06	1.417066e-01
2.376171233849433e-06	1.417065e-01
2.418456948135151e-06	1.417065e-01
2.460742662420869e-06	1.417065e-01
2.503028376706586e-06	1.417065e-01
2.545314090992303e-06	1.417065e-01
2.587599805278021e-06	1.417065e-01
2.629885519563738e-06	1.417065e-01
2.630885519563738e-06	1.417065e-01
2.684089731054633e-06	1.417065e-01
2.737293942545527e-06	1.417065e-01
2.790498154036422e-06	1.417065e-01
2.843702365527317e-06	1.417065e-01
2.896906577018211e-06	1.417064e-01
2.950110788509105e-06	1.417063e-01
3.003315000000000e-06	1.417062e-01
3.003317000000000e-06	1.417063e-01
3.003321000000000e-06	1.417064e-01
3.003323619651971e-06	1.417064e-01
3.003326044542953e-06	1.417064e-01
3.003330894324917e-06	1.417064e-01
3.003335000000000e-06	1.417064e-01
3.003337909869179e-06	1.417064e-01
3.003341789694750e-06	1.417064e-01
3.003349549345892e-06	1.417064e-01
3.003358900000000e-06	1.417064e-01
3.003363555790685e-06	1.417064e-01
3.003369763511599e-06	1.417064e-01
3.003382178953427e-06	1.417064e-01
3.003393100000000e-06	1.417064e-01
3.003400549265097e-06	1.417064e-01
3.003410481618559e-06	1.417064e-01
3.003422400000000e-06	1.417064e-01
3.003426630000000e-06	1.417064e-01
3.003436500000000e-06	1.417064e-01
3.003439884000000e-06	1.417064e-01
3.003444396000000e-06	1.417064e-01
3.003453420000000e-06	1.417064e-01
3.003468100000000e-06	1.417065e-01
3.003474050000000e-06	1.417065e-01
3.003476600000000e-06	1.417065e-01
3.003481185714285e-06	1.417065e-01
3.003485771428571e-06	1.417065e-01
3.003490357142857e-06	1.417065e-01
3.003494942857143e-06	1.417065e-01
3.003499528571428e-06	1.417065e-01
3.003504114285714e-06	1.417066e-01
3.003508700000000e-06	1.417066e-01
3.003514700000000e-06	1.417066e-01
3.003522700000000e-06	1.417067e-01
3.003528700000000e-06	1.417067e-01
3.003543100000000e-06	1.417069e-01
3.003557500000000e-06	1.417071e-01
3.003571900000000e-06	1.417074e-01
3.003586300000000e-06	1.417077e-01
3.003600700000000e-06	1.417081e-01
3.003615100000000e-06	1.417086e-01
3.003629500000001e-06	1.417091e-01
3.003731900000001e-06	1.417143e-01
3.003919925918972e-06	1.417304e-01
3.004096266653046e-06	1.417623e-01
3.004332713879283e-06	1.418747e-01
3.004567212199939e-06	1.421418e-01
3.004891181864493e-06	1.428495e-01
3.005244980593654e-06	1.506446e-01
3.005402778511661e-06	1.731292e-01
3.005519849121685e-06	2.206181e-01
3.005652989852612e-06	3.225084e-01
3.005842112566743e-06	5.572507e-01
3.006108605047957e-06	1.054849e+00
3.006500943944537e-06	1.984017e+00
3.006664711711727e-06	2.380959e+00
3.006789381771972e-06	2.629601e+00
3.006960527106790e-06	2.869526e+00
3.007114816679745e-06	3.010364e+00
3.007239955075150e-06	3.076882e+00
3.007362344900524e-06	3.112317e+00
3.007490972577932e-06	3.131541e+00
3.007627055247005e-06	3.141290e+00
3.007776428585726e-06	3.146176e+00
3.008208754144703e-06	3.151046e+00
3.008583136627351e-06	3.152838e+00
3.009228581669279e-06	3.154570e+00
3.010228581669279e-06	3.155787e+00
3.011228581669279e-06	3.156127e+00
3.012228581669279e-06	3.156147e+00
3.013228581669279e-06	3.156146e+00
3.014228581669279e-06	3.156146e+00
3.015228581669279e-06	3.156146e+00
3.016228581669279e-06	3.156146e+00
3.017228581669279e-06	3.156145e+00
3.018228581669279e-06	3.156143e+00
3.019228581669279e-06	3.156137e+00
3.020228581669279e-06	3.156111e+00
3.021185363717126e-06	3.155801e+00
3.022185363717126e-06	3.154022e+00
3.022562274002756e-06	3.126508e+00
3.022717743594521e-06	3.056380e+00
3.022850506763480e-06	2.924514e+00
3.022980619407299e-06	2.750600e+00
3.023114628499420e-06	2.547743e+00
3.023378670500540e-06	2.125637e+00
3.023632727460127e-06	1.716879e+00
3.023885303132931e-06	1.323897e+00
3.024168236201027e-06	9.134645e-01
3.024367751920265e-06	6.536680e-01
3.024661031941602e-06	3.228291e-01
3.024782248684878e-06	2.209367e-01
3.024889582192087e-06	1.695510e-01
3.024987864323936e-06	1.491927e-01
3.025090087960054e-06	1.438179e-01
3.025175230173475e-06	1.432315e-01
3.025663642803872e-06	1.423028e-01
3.026019438437345e-06	1.419693e-01
3.026560150507035e-06	1.417766e-01
3.027347328468983e-06	1.417224e-01
3.028347328468983e-06	1.417096e-01
3.029347328468983e-06	1.417064e-01
3.030347328468983e-06	1.417061e-01
3.031347328468983e-06	1.417063e-01
3.032347328468983e-06	1.417065e-01
3.033347328468983e-06	1.417066e-01
3.034347328468984e-06	1.417066e-01
3.035347328468984e-06	1.417066e-01
3.036347328468984e-06	1.417066e-01
3.037347328468984e-06	1.417066e-01
3.038347328468984e-06	1.417066e-01
3.039347328468984e-06	1.417066e-01
3.040347328468984e-06	1.417066e-01
3.041347328468984e-06	1.417066e-01
3.042347328468984e-06	1.417066e-01
3.043347328468984e-06	1.417066e-01
3.044347328468984e-06	1.417066e-01
3.045347328468984e-06	1.417066e-01
3.046347328468984e-06	1.417066e-01
3.047347328468985e-06	1.417066e-01
3.048347328468985e-06	1.417066e-01
3.049347328468985e-06	1.417066e-01
3.050347328468985e-06	1.417066e-01
3.051347328468985e-06	1.417065e-01
3.052347328468985e-06	1.417063e-01
3.053347328468985e-06	1.417063e-01
3.054347328468985e-06	1.417066e-01
3.055347328468985e-06	1.417068e-01
3.056347328468985e-06	1.417068e-01
3.057347328468985e-06	1.417069e-01
3.058347328468985e-06	1.417069e-01
3.059347328468985e-06	1.417070e-01
3.060347328468986e-06	1.417070e-01
3.061347328468986e-06	1.417071e-01
3.062347328468986e-06	1.417071e-01
3.063347328468986e-06	1.417072e-01
3.064347328468986e-06	1.417072e-01
3.065347328468986e-06	1.417072e-01
3.066347328468986e-06	1.417073e-01
3.067347328468986e-06	1.417073e-01
3.068347328468986e-06	1.417073e-01
3.069347328468986e-06	1.417073e-01
3.070347328468986e-06	1.417073e-01
3.071347328468986e-06	1.417073e-01
3.072347328468986e-06	1.417073e-01
3.073347328468986e-06	1.417073e-01
3.074347328468987e-06	1.417072e-01
3.075347328468987e-06	1.417072e-01
3.076347328468987e-06	1.417072e-01
3.077347328468987e-06	1.417072e-01
3.078347328468987e-06	1.417071e-01
3.079347328468987e-06	1.417071e-01
3.080347328468987e-06	1.417071e-01
3.081347328468987e-06	1.417070e-01
3.082347328468987e-06	1.417070e-01
3.083347328468987e-06	1.417070e-01
3.084347328468987e-06	1.417068e-01
3.085347328468987e-06	1.417065e-01
3.086347328468987e-06	1.417065e-01
3.087347328468988e-06	1.417067e-01
3.088347328468988e-06	1.417069e-01
3.089347328468988e-06	1.417068e-01
3.090347328468988e-06	1.417068e-01
3.092347328468988e-06	1.417068e-01
3.094347328468988e-06	1.417068e-01
3.095347328468988e-06	1.417067e-01
3.096347328468988e-06	1.417067e-01
3.097347328468988e-06	1.417067e-01
3.098347328468988e-06	1.417067e-01
3.099347328468988e-06	1.417067e-01
3.100347328468989e-06	1.417067e-01
3.101347328468989e-06	1.417067e-01
3.102347328468989e-06	1.417067e-01
3.103347328468989e-06	1.417067e-01
3.104347328468989e-06	1.417067e-01
3.105347328468989e-06	1.417067e-01
3.106347328468989e-06	1.417067e-01
3.107347328468989e-06	1.417067e-01
3.108347328468989e-06	1.417067e-01
3.109347328468989e-06	1.417067e-01
3.110347328468989e-06	1.417067e-01
3.111347328468989e-06	1.417067e-01
3.112347328468989e-06	1.417067e-01
3.113347328468990e-06	1.417067e-01
3.114347328468990e-06	1.417067e-01
3.115347328468990e-06	1.417067e-01
3.116347328468990e-06	1.417067e-01
3.117347328468990e-06	1.417067e-01
3.118347328468990e-06	1.417068e-01
3.119347328468990e-06	1.417066e-01
3.120347328468990e-06	1.417065e-01
3.121347328468990e-06	1.417066e-01
3.123347328468990e-06	1.417068e-01
3.126347328468990e-06	1.417068e-01
3.129347328468991e-06	1.417068e-01
3.130347328468991e-06	1.417068e-01
3.131347328468991e-06	1.417068e-01
3.132347328468991e-06	1.417068e-01
3.133347328468991e-06	1.417068e-01
3.134347328468991e-06	1.417068e-01
3.135347328468991e-06	1.417068e-01
3.136347328468991e-06	1.417068e-01
3.137347328468991e-06	1.417068e-01
3.138347328468991e-06	1.417068e-01
3.139347328468991e-06	1.417068e-01
3.140347328468992e-06	1.417068e-01
3.141347328468992e-06	1.417068e-01
3.142347328468992e-06	1.417068e-01
3.143347328468992e-06	1.417068e-01
3.144347328468992e-06	1.417068e-01
3.145347328468992e-06	1.417068e-01
3.146347328468992e-06	1.417068e-01
3.147347328468992e-06	1.417068e-01
3.148347328468992e-06	1.417067e-01
3.149347328468992e-06	1.417067e-01
3.150347328468992e-06	1.417066e-01
3.151347328468992e-06	1.417065e-01
3.152347328468992e-06	1.417066e-01
3.153347328468993e-06	1.417067e-01
3.154347328468993e-06	1.417067e-01
3.155347328468993e-06	1.417067e-01
3.156347328468993e-06	1.417067e-01
3.157347328468993e-06	1.417067e-01
3.158347328468993e-06	1.417067e-01
3.162347328468993e-06	1.417067e-01
3.164347328468993e-06	1.417067e-01
3.165347328468993e-06	1.417067e-01
3.166347328468993e-06	1.417067e-01
3.167347328468994e-06	1.417067e-01
3.168347328468994e-06	1.417067e-01
3.169347328468994e-06	1.417067e-01
3.170347328468994e-06	1.417067e-01
3.171347328468994e-06	1.417067e-01
3.172347328468994e-06	1.417067e-01
3.173347328468994e-06	1.417067e-01
3.174347328468994e-06	1.417067e-01
3.175347328468994e-06	1.417067e-01
3.176347328468994e-06	1.417067e-01
3.177347328468994e-06	1.417067e-01
3.178347328468994e-06	1.417067e-01
3.179347328468994e-06	1.417067e-01
3.180347328468995e-06	1.417067e-01
3.181347328468995e-06	1.417067e-01
3.182347328468995e-06	1.417067e-01
3.183347328468995e-06	1.417067e-01
3.185347328468995e-06	1.417067e-01
3.187347328468995e-06	1.417067e-01
3.189347328468995e-06	1.417067e-01
3.192347328468995e-06	1.417067e-01
3.193347328468996e-06	1.417067e-01
3.194347328468996e-06	1.417067e-01
3.195347328468996e-06	1.417067e-01
3.196347328468996e-06	1.417067e-01
3.197347328468996e-06	1.417067e-01
3.198347328468996e-06	1.417067e-01
3.199347328468996e-06	1.417067e-01
3.200347328468996e-06	1.417067e-01
3.201347328468996e-06	1.417067e-01
3.202347328468996e-06	1.417067e-01
3.203347328468996e-06	1.417067e-01
3.204347328468996e-06	1.417067e-01
3.205347328468996e-06	1.417067e-01
3.206347328468996e-06	1.417067e-01
3.207347328468997e-06	1.417067e-01
3.208347328468997e-06	1.417067e-01
3.210347328468997e-06	1.417067e-01
3.212347328468997e-06	1.417067e-01
3.214347328468997e-06	1.417067e-01
3.216347328468997e-06	1.417067e-01
3.218347328468997e-06	1.417067e-01
3.221347328468998e-06	1.417067e-01
3.222775899897569e-06	1.417067e-01
3.224204471326141e-06	1.417067e-01
3.225633042754712e-06	1.417067e-01
3.227061614183284e-06	1.417067e-01
3.228490185611855e-06	1.417067e-01
3.229918757040427e-06	1.417067e-01
3.231347328468998e-06	1.417067e-01
3.234347328468999e-06	1.417066e-01
3.237347328468999e-06	1.417066e-01
3.240347328468999e-06	1.417066e-01
3.243347328468999e-06	1.417066e-01
3.246347328468999e-06	1.417066e-01
3.248347328469000e-06	1.417066e-01
3.250347328469000e-06	1.417066e-01
3.252347328469000e-06	1.417066e-01
3.254347328469000e-06	1.417066e-01
3.256347328469000e-06	1.417066e-01
3.258347328469000e-06	1.417066e-01
3.260347328469001e-06	1.417066e-01
3.264490185611858e-06	1.417066e-01
3.268633042754715e-06	1.417066e-01
3.272775899897573e-06	1.417066e-01
3.276918757040430e-06	1.417066e-01
3.281061614183288e-06	1.417066e-01
3.285204471326145e-06	1.417066e-01
3.289347328469003e-06	1.417066e-01
3.295204471326146e-06	1.417066e-01
3.301061614183289e-06	1.417066e-01
3.306918757040432e-06	1.417066e-01
3.312775899897576e-06	1.417066e-01
3.318633042754719e-06	1.417066e-01
3.324490185611863e-06	1.417066e-01
3.330347328469006e-06	1.417066e-01
3.338204471326149e-06	1.417066e-01
3.346061614183293e-06	1.417066e-01
3.353918757040436e-06	1.417066e-01
3.361775899897580e-06	1.417066e-01
3.369633042754723e-06	1.417066e-01
3.377490185611867e-06	1.417066e-01
3.385347328469010e-06	1.417066e-01
3.568347328469024e-06	1.417065e-01
3.630421581544877e-06	1.417064e-01
3.692495834620731e-06	1.417064e-01
3.754570087696585e-06	1.417064e-01
3.816644340772438e-06	1.417064e-01
3.878718593848292e-06	1.417065e-01
3.940792846924146e-06	1.417066e-01
4.002867100000000e-06	1.417068e-01
4.002869100000000e-06	1.417066e-01
4.002873100000001e-06	1.417064e-01
4.002875413529609e-06	1.417064e-01
4.002877644838818e-06	1.417064e-01
4.002882107457238e-06	1.417064e-01
4.002887100000000e-06	1.417064e-01
4.002889777571052e-06	1.417064e-01
4.002893347665786e-06	1.417064e-01
4.002900487855257e-06	1.417064e-01
4.002914768234197e-06	1.417064e-01
4.002918300000000e-06	1.417064e-01
4.002920740000001e-06	1.417064e-01
4.002925620000000e-06	1.417064e-01
4.002935380000000e-06	1.417064e-01
4.002942700000000e-06	1.417064e-01
4.002946479999999e-06	1.417064e-01
4.002951520000000e-06	1.417064e-01
4.002955300000001e-06	1.417064e-01
4.002955900000000e-06	1.417064e-01
4.002959400000000e-06	1.417064e-01
4.002961550399999e-06	1.417064e-01
4.002964007999997e-06	1.417064e-01
4.002968923199994e-06	1.417064e-01
4.002979400000000e-06	1.417064e-01
4.003002855086156e-06	1.417064e-01
4.003026310172312e-06	1.417064e-01
4.003049765258468e-06	1.417065e-01
4.003073220344624e-06	1.417065e-01
4.003096675430780e-06	1.417066e-01
4.003120130516936e-06	1.417067e-01
4.003143585603092e-06	1.417068e-01
4.003309064006207e-06	1.417090e-01
4.003580866090278e-06	1.417173e-01
4.003837233398767e-06	1.417367e-01
4.004174700547096e-06	1.418381e-01
4.004539864239699e-06	1.422364e-01
4.005087853658528e-06	1.474614e-01
4.005307923767558e-06	1.653702e-01
4.005441993190792e-06	2.071674e-01
4.005603143719015e-06	3.103319e-01
4.005758789737618e-06	4.712402e-01
4.005991890798353e-06	8.361660e-01
4.006325339065469e-06	1.535563e+00
4.006613894855245e-06	2.224918e+00
4.006763503097329e-06	2.559395e+00
4.006894895549199e-06	2.782503e+00
4.007057617676627e-06	2.963909e+00
4.007204333733080e-06	3.060241e+00
4.007343478612094e-06	3.108114e+00
4.007469637081229e-06	3.129526e+00
4.007601099924782e-06	3.139972e+00
4.007743848548256e-06	3.145244e+00
4.007924525813454e-06	3.148387e+00
4.008158652885688e-06	3.150512e+00
4.008510872341017e-06	3.152358e+00
4.009079479347854e-06	3.154083e+00
4.010079479347853e-06	3.155592e+00
4.011079479347853e-06	3.156088e+00
4.012079479347853e-06	3.156133e+00
4.013079479347852e-06	3.156122e+00
4.014079479347852e-06	3.156074e+00
4.015079479347852e-06	3.155656e+00
4.016079479347851e-06	3.128218e+00
4.016360664597798e-06	3.051595e+00
4.016528095341204e-06	2.916008e+00
4.016698956063821e-06	2.700135e+00
4.016866438208294e-06	2.458212e+00
4.017044310438045e-06	2.189556e+00
4.017346876117898e-06	1.728277e+00
4.017586611495182e-06	1.375357e+00
4.017849547132553e-06	1.016056e+00
4.018029732276069e-06	7.911284e-01
4.018290521361725e-06	5.011029e-01
4.018563715277668e-06	2.489377e-01
4.018680722048449e-06	1.800397e-01
4.018804003501446e-06	1.495720e-01
4.018884501427309e-06	1.438788e-01
4.018966766163986e-06	1.431267e-01
4.019237477017772e-06	1.425229e-01
4.020042329656365e-06	1.418554e-01
4.020877770807962e-06	1.417318e-01
4.021877770807962e-06	1.417110e-01
4.022877770807962e-06	1.417068e-01
4.023877770807961e-06	1.417059e-01
4.024877770807961e-06	1.417060e-01
4.025877770807960e-06	1.417063e-01
4.026877770807960e-06	1.417063e-01
4.027877770807960e-06	1.417063e-01
4.028877770807959e-06	1.417063e-01
4.029877770807959e-06	1.417063e-01
4.030877770807959e-06	1.417063e-01
4.031877770807958e-06	1.417063e-01
4.032877770807958e-06	1.417062e-01
4.033877770807958e-06	1.417062e-01
4.034877770807957e-06	1.417062e-01
4.035877770807957e-06	1.417062e-01
4.036877770807957e-06	1.417062e-01
4.037877770807956e-06	1.417062e-01
4.038877770807956e-06	1.417062e-01
4.039877770807956e-06	1.417062e-01
4.040877770807955e-06	1.417062e-01
4.041877770807955e-06	1.417063e-01
4.042877770807955e-06	1.417063e-01
4.043877770807954e-06	1.417063e-01
4.044877770807954e-06	1.417063e-01
4.045877770807954e-06	1.417063e-01
4.046877770807953e-06	1.417063e-01
4.047877770807953e-06	1.417063e-01
4.048877770807952e-06	1.417063e-01
4.049877770807952e-06	1.417063e-01
4.050877770807952e-06	1.417063e-01
4.051877770807951e-06	1.417063e-01
4.052877770807951e-06	1.417064e-01
4.053877770807951e-06	1.417064e-01
4.054877770807950e-06	1.417064e-01
4.056877770807950e-06	1.417064e-01
4.058877770807949e-06	1.417065e-01
4.060877770807948e-06	1.417065e-01
4.062877770807948e-06	1.417065e-01
4.063877770807947e-06	1.417065e-01
4.064877770807947e-06	1.417065e-01
4.065877770807947e-06	1.417065e-01
4.066877770807946e-06	1.417065e-01
4.067877770807946e-06	1.417065e-01
4.068877770807946e-06	1.417065e-01
4.069877770807945e-06	1.417065e-01
4.070877770807945e-06	1.417065e-01
4.071877770807944e-06	1.417065e-01
4.072877770807944e-06	1.417065e-01
4.073877770807944e-06	1.417065e-01
4.074877770807943e-06	1.417065e-01
4.075877770807943e-06	1.417065e-01
4.076877770807943e-06	1.417065e-01
4.077877770807942e-06	1.417065e-01
4.078877770807942e-06	1.417065e-01
4.079877770807942e-06	1.417065e-01
4.080877770807941e-06	1.417065e-01
4.081877770807941e-06	1.417065e-01
4.082877770807941e-06	1.417065e-01
4.083877770807940e-06	1.417065e-01
4.084877770807940e-06	1.417065e-01
4.085877770807940e-06	1.417065e-01
4.086877770807939e-06	1.417065e-01
4.087877770807939e-06	1.417064e-01
4.088877770807939e-06	1.417064e-01
4.089877770807938e-06	1.417064e-01
4.090877770807938e-06	1.417064e-01
4.091877770807937e-06	1.417064e-01
4.095877770807936e-06	1.417064e-01
4.096877770807936e-06	1.417064e-01
4.097877770807935e-06	1.417064e-01
4.098877770807935e-06	1.417064e-01
4.099877770807935e-06	1.417064e-01
4.100877770807934e-06	1.417064e-01
4.101877770807934e-06	1.417064e-01
4.102877770807934e-06	1.417064e-01
4.103877770807933e-06	1.417064e-01
4.104877770807933e-06	1.417064e-01
4.105877770807933e-06	1.417064e-01
4.106877770807932e-06	1.417064e-01
4.107877770807932e-06	1.417064e-01
4.108877770807932e-06	1.417064e-01
4.109877770807931e-06	1.417064e-01
4.110877770807931e-06	1.417064e-01
4.111877770807931e-06	1.417064e-01
4.112877770807930e-06	1.417064e-01
4.113877770807930e-06	1.417064e-01
4.114877770807929e-06	1.417064e-01
4.115877770807929e-06	1.417064e-01
4.116877770807929e-06	1.417064e-01
4.117877770807928e-06	1.417064e-01
4.118877770807928e-06	1.417064e-01
4.119877770807928e-06	1.417064e-01
4.121877770807927e-06	1.417064e-01
4.123877770807926e-06	1.417064e-01
4.129877770807924e-06	1.417064e-01
4.130877770807924e-06	1.417064e-01
4.131877770807924e-06	1.417064e-01
4.132877770807923e-06	1.417064e-01
4.133877770807923e-06	1.417064e-01
4.134877770807923e-06	1.417064e-01
4.135877770807922e-06	1.417064e-01
4.136877770807922e-06	1.417064e-01
4.137877770807921e-06	1.417064e-01
4.138877770807921e-06	1.417064e-01
4.139877770807921e-06	1.417064e-01
4.140877770807920e-06	1.417064e-01
4.141877770807920e-06	1.417064e-01
4.142877770807920e-06	1.417064e-01
4.143877770807919e-06	1.417064e-01
4.144877770807919e-06	1.417064e-01
4.145877770807919e-06	1.417064e-01
4.146877770807918e-06	1.417064e-01
4.147877770807918e-06	1.417064e-01
4.148877770807918e-06	1.417064e-01
4.149877770807917e-06	1.417064e-01
4.150877770807917e-06	1.417064e-01
4.151877770807917e-06	1.417064e-01
4.153877770807916e-06	1.417064e-01
4.155877770807915e-06	1.417064e-01
4.158877770807914e-06	1.417064e-01
4.159877770807914e-06	1.417064e-01
4.160877770807913e-06	1.417064e-01
4.161877770807913e-06	1.417064e-01
4.162877770807913e-06	1.417064e-01
4.163877770807912e-06	1.417064e-01
4.164877770807912e-06	1.417064e-01
4.165877770807912e-06	1.417064e-01
4.166877770807911e-06	1.417064e-01
4.167877770807911e-06	1.417064e-01
4.168877770807911e-06	1.417064e-01
4.169877770807910e-06	1.417064e-01
4.170877770807910e-06	1.417064e-01
4.171877770807910e-06	1.417064e-01
4.172877770807909e-06	1.417064e-01
4.173877770807909e-06	1.417064e-01
4.174877770807909e-06	1.417064e-01
4.175877770807908e-06	1.417064e-01
4.177877770807908e-06	1.417064e-01
4.179877770807907e-06	1.417064e-01
4.181877770807906e-06	1.417064e-01
4.183877770807905e-06	1.417064e-01
4.186877770807904e-06	1.417064e-01
4.189877770807903e-06	1.417064e-01
4.191306342236474e-06	1.417064e-01
4.192734913665045e-06	1.417064e-01
4.194163485093616e-06	1.417064e-01
4.195592056522187e-06	1.417064e-01
4.197020627950758e-06	1.417064e-01
4.198449199379329e-06	1.417064e-01
4.199877770807900e-06	1.417064e-01
4.202877770807899e-06	1.417064e-01
4.205877770807898e-06	1.417064e-01
4.208877770807897e-06	1.417064e-01
4.211877770807896e-06	1.417064e-01
4.214877770807895e-06	1.417064e-01
4.216734913665037e-06	1.417064e-01
4.218592056522179e-06	1.417064e-01
4.220449199379321e-06	1.417064e-01
4.222306342236463e-06	1.417064e-01
4.224163485093605e-06	1.417064e-01
4.226020627950748e-06	1.417064e-01
4.227877770807890e-06	1.417064e-01
4.231734913665031e-06	1.417064e-01
4.235592056522174e-06	1.417064e-01
4.239449199379315e-06	1.417064e-01
4.243306342236456e-06	1.417064e-01
4.247163485093597e-06	1.417064e-01
4.251020627950739e-06	1.417064e-01
4.254877770807881e-06	1.417064e-01
4.260877770807879e-06	1.417064e-01
4.266877770807877e-06	1.417064e-01
4.272877770807874e-06	1.417064e-01
4.278877770807872e-06	1.417064e-01
4.284877770807870e-06	1.417064e-01
4.290877770807868e-06	1.417064e-01
4.296877770807866e-06	1.417064e-01
4.304449199379292e-06	1.417064e-01
4.312020627950718e-06	1.417064e-01
4.319592056522144e-06	1.417064e-01
4.327163485093569e-06	1.417064e-01
4.334734913664996e-06	1.417064e-01
4.342306342236422e-06	1.417064e-01
4.349877770807848e-06	1.417064e-01
4.512877770807791e-06	1.417064e-01
4.582306342236338e-06	1.417064e-01
4.651734913664885e-06	1.417064e-01
4.721163485093433e-06	1.417064e-01
4.790592056521980e-06	1.417064e-01
4.860020627950527e-06	1.417064e-01
4.929449199379074e-06	1.417064e-01
4.998877770807622e-06	1.417064e-01
4.999877770807621e-06	1.417064e-01
5.000000000000000e-06	1.417064e-01
