time	V(compout)
0.000000000000000e+00	1.417127e-01
6.612000000000001e-10	1.417127e-01
6.622000000000001e-10	1.417127e-01
6.642000000000000e-10	1.417127e-01
6.682000000000000e-10	1.417127e-01
6.712000000000000e-10	1.417127e-01
6.720000000000001e-10	1.417127e-01
6.736000000000000e-10	1.417127e-01
6.768000000000000e-10	1.417127e-01
6.812000000000000e-10	1.417127e-01
6.829700000000000e-10	1.417127e-01
6.853299999999999e-10	1.417127e-01
6.871000000000000e-10	1.417127e-01
6.875720000000001e-10	1.417127e-01
6.885160000000001e-10	1.417127e-01
6.904040000000002e-10	1.417127e-01
6.941800000000002e-10	1.417127e-01
6.971000000000000e-10	1.417127e-01
6.976938012980240e-10	1.417127e-01
6.988814038940720e-10	1.417127e-01
7.012566090861680e-10	1.417127e-01
7.058603604237508e-10	1.417127e-01
7.071000000000001e-10	1.417127e-01
7.085297932547706e-10	1.417127e-01
7.104361842611311e-10	1.417127e-01
7.142489662738523e-10	1.417127e-01
7.218745302992947e-10	1.417128e-01
7.336910553390895e-10	1.417129e-01
7.455000000000001e-10	1.417130e-01
7.465000000000001e-10	1.417130e-01
7.485000000000001e-10	1.417130e-01
7.525000000000000e-10	1.417130e-01
7.555000000000000e-10	1.417131e-01
7.561017716197078e-10	1.417131e-01
7.573053148591231e-10	1.417131e-01
7.597124013379540e-10	1.417131e-01
7.638716910290688e-10	1.417132e-01
7.655000000000000e-10	1.417132e-01
7.674052410284924e-10	1.417132e-01
7.699455623998157e-10	1.417133e-01
7.750262051424622e-10	1.417134e-01
7.851874906277553e-10	1.417136e-01
8.003040686378522e-10	1.417139e-01
8.163901242421305e-10	1.417143e-01
8.369027228180550e-10	1.417150e-01
8.619368301677898e-10	1.417159e-01
8.995613902952327e-10	1.417176e-01
9.538867216565993e-10	1.417207e-01
1.011917898127690e-09	1.417248e-01
1.065254668756025e-09	1.417295e-01
1.127593192499433e-09	1.417363e-01
1.198461443690372e-09	1.417459e-01
1.271519256886016e-09	1.417588e-01
1.354401728288225e-09	1.417796e-01
1.445671679400144e-09	1.418169e-01
1.552704158125383e-09	1.418931e-01
1.676040225343537e-09	1.420322e-01
1.824300324021208e-09	1.422653e-01
2.002325293213388e-09	1.426425e-01
2.225486857910030e-09	1.436133e-01
2.423450103560422e-09	1.500944e-01
2.532829313076175e-09	1.683444e-01
2.644082933465441e-09	2.127069e-01
2.760306042202037e-09	2.913375e-01
2.924966932509927e-09	4.669637e-01
3.254288713125707e-09	9.448393e-01
3.460418148510051e-09	1.286731e+00
3.646119928118249e-09	1.567487e+00
3.838630370582058e-09	1.735204e+00
4.063175038928432e-09	1.716667e+00
4.308249696961040e-09	1.466648e+00
4.520454662373267e-09	1.112639e+00
4.689819533428437e-09	7.879678e-01
4.837473777032024e-09	5.202817e-01
4.959663796122790e-09	3.407739e-01
5.063063512831727e-09	2.406509e-01
5.182224528916942e-09	1.780717e-01
5.243152886613446e-09	1.627703e-01
5.318697276122411e-09	1.546782e-01
5.406697194847728e-09	1.499868e-01
5.533147154992762e-09	1.469806e-01
5.678034543235422e-09	1.454180e-01
5.903523861332203e-09	1.442109e-01
6.239386507291905e-09	1.431348e-01
6.572456613399787e-09	1.424716e-01
6.966075033119072e-09	1.420027e-01
7.307074827124750e-09	1.418068e-01
7.647499617714962e-09	1.417487e-01
8.132746085097801e-09	1.417259e-01
8.542838593342156e-09	1.417169e-01
8.935157613246997e-09	1.417130e-01
9.580141964148946e-09	1.417102e-01
1.037555191104104e-08	1.417091e-01
1.137297111009119e-08	1.417089e-01
1.235243233139029e-08	1.417089e-01
1.335243233139029e-08	1.417090e-01
1.435243233139029e-08	1.417091e-01
1.535243233139029e-08	1.417092e-01
1.635243233139029e-08	1.417094e-01
1.735243233139029e-08	1.417097e-01
1.835243233139028e-08	1.417099e-01
1.935243233139028e-08	1.417101e-01
2.035243233139028e-08	1.417104e-01
2.135243233139028e-08	1.417106e-01
2.235243233139028e-08	1.417109e-01
2.335243233139028e-08	1.417111e-01
2.535243233139028e-08	1.417116e-01
2.735243233139028e-08	1.417120e-01
2.935243233139027e-08	1.417124e-01
3.135243233139028e-08	1.417126e-01
3.335243233139028e-08	1.417128e-01
3.535243233139029e-08	1.417129e-01
3.735243233139029e-08	1.417130e-01
3.935243233139030e-08	1.417131e-01
4.135243233139030e-08	1.417131e-01
4.435243233139031e-08	1.417130e-01
4.735243233139032e-08	1.417129e-01
5.035243233139032e-08	1.417128e-01
5.335243233139033e-08	1.417128e-01
5.635243233139034e-08	1.417127e-01
5.935243233139034e-08	1.417127e-01
6.235243233139033e-08	1.417127e-01
6.535243233139032e-08	1.417126e-01
6.792386090281888e-08	1.417126e-01
7.049528947424745e-08	1.417126e-01
7.306671804567600e-08	1.417126e-01
7.563814661710456e-08	1.417126e-01
7.820957518853313e-08	1.417126e-01
8.078100375996169e-08	1.417126e-01
8.335243233139024e-08	1.417126e-01
8.649528947424737e-08	1.417126e-01
8.963814661710450e-08	1.417126e-01
9.278100375996164e-08	1.417126e-01
9.592386090281876e-08	1.417126e-01
9.906671804567589e-08	1.417126e-01
1.022095751885330e-07	1.417126e-01
1.053524323313901e-07	1.417126e-01
1.089238609028187e-07	1.417126e-01
1.124952894742473e-07	1.417126e-01
1.160667180456758e-07	1.417126e-01
1.196381466171044e-07	1.417126e-01
1.232095751885329e-07	1.417126e-01
1.267810037599615e-07	1.417126e-01
1.303524323313901e-07	1.417126e-01
1.337810037599615e-07	1.417126e-01
1.372095751885329e-07	1.417126e-01
1.406381466171043e-07	1.417126e-01
1.440667180456757e-07	1.417126e-01
1.474952894742471e-07	1.417126e-01
1.509238609028185e-07	1.417126e-01
1.543524323313900e-07	1.417126e-01
1.589238609028185e-07	1.417126e-01
1.634952894742471e-07	1.417126e-01
1.680667180456756e-07	1.417126e-01
1.726381466171042e-07	1.417127e-01
1.772095751885327e-07	1.417127e-01
1.817810037599613e-07	1.417127e-01
1.863524323313898e-07	1.417127e-01
1.904952894742469e-07	1.417127e-01
1.946381466171041e-07	1.417127e-01
1.987810037599612e-07	1.417127e-01
2.029238609028183e-07	1.417127e-01
2.070667180456755e-07	1.417127e-01
2.112095751885326e-07	1.417127e-01
2.153524323313897e-07	1.417127e-01
2.193524323313897e-07	1.417127e-01
2.233524323313897e-07	1.417127e-01
2.273524323313897e-07	1.417127e-01
2.313524323313897e-07	1.417127e-01
2.353524323313897e-07	1.417127e-01
2.393524323313897e-07	1.417127e-01
2.433524323313897e-07	1.417127e-01
2.484952894742469e-07	1.417127e-01
2.536381466171042e-07	1.417127e-01
2.587810037599614e-07	1.417127e-01
2.639238609028187e-07	1.417127e-01
2.690667180456760e-07	1.417127e-01
2.742095751885332e-07	1.417127e-01
2.793524323313905e-07	1.417127e-01
2.864952894742478e-07	1.417127e-01
2.936381466171051e-07	1.417127e-01
3.007810037599624e-07	1.417127e-01
3.079238609028197e-07	1.417127e-01
3.150667180456770e-07	1.417127e-01
3.222095751885343e-07	1.417127e-01
3.293524323313916e-07	1.417127e-01
3.369238609028203e-07	1.417127e-01
3.444952894742491e-07	1.417127e-01
3.520667180456778e-07	1.417127e-01
3.596381466171065e-07	1.417127e-01
3.672095751885353e-07	1.417127e-01
3.747810037599640e-07	1.417127e-01
3.823524323313928e-07	1.417127e-01
3.952095751885359e-07	1.417127e-01
4.080667180456790e-07	1.417127e-01
4.209238609028222e-07	1.417127e-01
4.337810037599654e-07	1.417127e-01
4.466381466171085e-07	1.417127e-01
4.594952894742516e-07	1.417127e-01
4.723524323313948e-07	1.417127e-01
4.907810037599656e-07	1.417127e-01
5.092095751885365e-07	1.417127e-01
5.276381466171075e-07	1.417127e-01
5.460667180456784e-07	1.417127e-01
5.644952894742493e-07	1.417127e-01
5.829238609028201e-07	1.417127e-01
6.013524323313911e-07	1.417127e-01
6.210667180456762e-07	1.417127e-01
6.407810037599613e-07	1.417127e-01
6.604952894742464e-07	1.417127e-01
6.802095751885315e-07	1.417127e-01
6.999238609028166e-07	1.417127e-01
7.196381466171018e-07	1.417127e-01
7.393524323313868e-07	1.417127e-01
7.577810037599577e-07	1.417127e-01
7.762095751885286e-07	1.417127e-01
7.946381466170994e-07	1.417127e-01
8.130667180456703e-07	1.417127e-01
8.314952894742412e-07	1.417127e-01
8.499238609028120e-07	1.417127e-01
8.683524323313828e-07	1.417127e-01
8.757810037599540e-07	1.417127e-01
8.832095751885253e-07	1.417127e-01
8.906381466170964e-07	1.417127e-01
8.980667180456677e-07	1.417127e-01
9.054952894742388e-07	1.417127e-01
9.129238609028101e-07	1.417127e-01
9.203524323313812e-07	1.417127e-01
9.213524323313812e-07	1.417127e-01
9.326470562840411e-07	1.417127e-01
9.439416802367009e-07	1.417127e-01
9.552363041893607e-07	1.417127e-01
9.665309281420207e-07	1.417127e-01
9.778255520946804e-07	1.417127e-01
9.891201760473404e-07	1.417127e-01
1.000414800000000e-06	1.417127e-01
1.000415800000000e-06	1.417127e-01
1.000417800000000e-06	1.417127e-01
1.000421800000000e-06	1.417127e-01
1.000424800000000e-06	1.417127e-01
1.000425170000000e-06	1.417127e-01
1.000425910000000e-06	1.417127e-01
1.000427390000000e-06	1.417127e-01
1.000428500000000e-06	1.417127e-01
1.000429354865867e-06	1.417127e-01
1.000430494687022e-06	1.417127e-01
1.000432774329333e-06	1.417127e-01
1.000434800000000e-06	1.417127e-01
1.000435170000000e-06	1.417127e-01
1.000435910000000e-06	1.417127e-01
1.000437390000000e-06	1.417127e-01
1.000438500000000e-06	1.417127e-01
1.000438744453844e-06	1.417127e-01
1.000439233361532e-06	1.417127e-01
1.000440211176908e-06	1.417127e-01
1.000442166807660e-06	1.417127e-01
1.000446078069163e-06	1.417127e-01
1.000448500000000e-06	1.417127e-01
1.000449633516878e-06	1.417127e-01
1.000451144872717e-06	1.417127e-01
1.000454167584393e-06	1.417127e-01
1.000457300000000e-06	1.417127e-01
1.000457904542335e-06	1.417127e-01
1.000459113627006e-06	1.417127e-01
1.000461531796347e-06	1.417127e-01
1.000466368135029e-06	1.417128e-01
1.000467300000000e-06	1.417128e-01
1.000468049264874e-06	1.417128e-01
1.000469547794623e-06	1.417128e-01
1.000472544854121e-06	1.417128e-01
1.000477100000000e-06	1.417128e-01
1.000478632130409e-06	1.417128e-01
1.000480674970955e-06	1.417128e-01
1.000484900000000e-06	1.417129e-01
1.000485120000000e-06	1.417129e-01
1.000485560000000e-06	1.417129e-01
1.000486440000000e-06	1.417129e-01
1.000487100000000e-06	1.417129e-01
1.000487580000000e-06	1.417129e-01
1.000488220000000e-06	1.417129e-01
1.000488700000000e-06	1.417129e-01
1.000489596000000e-06	1.417129e-01
1.000490620000000e-06	1.417129e-01
1.000493300000000e-06	1.417130e-01
1.000494900000000e-06	1.417130e-01
1.000495050000000e-06	1.417130e-01
1.000495250000000e-06	1.417130e-01
1.000495400000000e-06	1.417130e-01
1.000496125714286e-06	1.417130e-01
1.000496851428571e-06	1.417130e-01
1.000497577142857e-06	1.417130e-01
1.000498302857142e-06	1.417130e-01
1.000499028571428e-06	1.417130e-01
1.000499754285713e-06	1.417130e-01
1.000500479999999e-06	1.417131e-01
1.000504900000000e-06	1.417131e-01
1.000504950000000e-06	1.417131e-01
1.000505050000000e-06	1.417131e-01
1.000505250000000e-06	1.417131e-01
1.000505400000000e-06	1.417131e-01
1.000505680000000e-06	1.417131e-01
1.000506000000000e-06	1.417131e-01
1.000506640000000e-06	1.417131e-01
1.000507920000001e-06	1.417131e-01
1.000510480000001e-06	1.417132e-01
1.000510600000000e-06	1.417132e-01
1.000510740000000e-06	1.417132e-01
1.000511020000000e-06	1.417132e-01
1.000511580000000e-06	1.417132e-01
1.000512000000000e-06	1.417132e-01
1.000512336000000e-06	1.417132e-01
1.000512784000000e-06	1.417132e-01
1.000513680000000e-06	1.417132e-01
1.000515400000000e-06	1.417133e-01
1.000515937600000e-06	1.417133e-01
1.000516654400000e-06	1.417133e-01
1.000518088000000e-06	1.417133e-01
1.000520600000000e-06	1.417134e-01
1.000521020000000e-06	1.417134e-01
1.000521580000000e-06	1.417134e-01
1.000522000000000e-06	1.417134e-01
1.000523008000000e-06	1.417134e-01
1.000524016000000e-06	1.417134e-01
1.000525024000000e-06	1.417134e-01
1.000526032000000e-06	1.417134e-01
1.000527040000000e-06	1.417135e-01
1.000528048000000e-06	1.417135e-01
1.000529056000000e-06	1.417135e-01
1.000536224000000e-06	1.417136e-01
1.000538400000000e-06	1.417137e-01
1.000538970000000e-06	1.417137e-01
1.000540110000000e-06	1.417137e-01
1.000542390000000e-06	1.417138e-01
1.000544100000000e-06	1.417138e-01
1.000544450000000e-06	1.417138e-01
1.000544600000000e-06	1.417138e-01
1.000544880000000e-06	1.417138e-01
1.000545200000000e-06	1.417139e-01
1.000545840000000e-06	1.417139e-01
1.000547119999999e-06	1.417139e-01
1.000548400000000e-06	1.417139e-01
1.000549168000000e-06	1.417139e-01
1.000550192000000e-06	1.417140e-01
1.000552239999999e-06	1.417140e-01
1.000554100000000e-06	1.417141e-01
1.000555328800000e-06	1.417141e-01
1.000556967199999e-06	1.417142e-01
1.000560243999999e-06	1.417142e-01
1.000566797599997e-06	1.417144e-01
1.000579904799995e-06	1.417148e-01
1.000592379491083e-06	1.417153e-01
1.000609745570080e-06	1.417159e-01
1.000627804385333e-06	1.417167e-01
1.000655747578382e-06	1.417180e-01
1.000689586086760e-06	1.417199e-01
1.000748855809172e-06	1.417242e-01
1.000841191523006e-06	1.417333e-01
1.000973792507534e-06	1.417525e-01
1.001109033377385e-06	1.417851e-01
1.001225401721119e-06	1.418359e-01
1.001320676056399e-06	1.419082e-01
1.001414471085946e-06	1.420198e-01
1.001598001425982e-06	1.423240e-01
1.001815676750640e-06	1.428171e-01
1.002029760818197e-06	1.452089e-01
1.002212331988780e-06	1.565967e-01
1.002314829898963e-06	1.818174e-01
1.002450268157833e-06	2.522571e-01
1.002575963600408e-06	3.590077e-01
1.002766559509985e-06	5.900112e-01
1.002930170747207e-06	8.359818e-01
1.003070276364980e-06	1.056760e+00
1.003204830676092e-06	1.220973e+00
1.003358316264513e-06	1.291867e+00
1.003520516439621e-06	1.221750e+00
1.003680228248536e-06	1.036667e+00
1.003829529869835e-06	8.036028e-01
1.003974983787805e-06	5.654681e-01
1.004108410841964e-06	3.716598e-01
1.004220008457225e-06	2.524133e-01
1.004330794701052e-06	1.848357e-01
1.004432206552103e-06	1.579135e-01
1.004499952816811e-06	1.513967e-01
1.004584401829266e-06	1.482471e-01
1.004690947495122e-06	1.463709e-01
1.004868325496704e-06	1.448905e-01
1.005102852644864e-06	1.438002e-01
1.005354937049956e-06	1.430522e-01
1.005596099344077e-06	1.425521e-01
1.005813991382084e-06	1.422193e-01
1.006033368430074e-06	1.419745e-01
1.006230881040731e-06	1.418497e-01
1.006625906262045e-06	1.417577e-01
1.006954377778479e-06	1.417318e-01
1.007344529712770e-06	1.417206e-01
1.007840006816468e-06	1.417135e-01
1.008323458479302e-06	1.417102e-01
1.008780435710931e-06	1.417086e-01
1.009491518658779e-06	1.417076e-01
1.010299318400573e-06	1.417072e-01
1.011102309133819e-06	1.417071e-01
1.011892259083504e-06	1.417071e-01
1.012776288481951e-06	1.417071e-01
1.013776288481951e-06	1.417072e-01
1.014776288481951e-06	1.417073e-01
1.015776288481951e-06	1.417075e-01
1.016776288481951e-06	1.417077e-01
1.017641218256768e-06	1.417079e-01
1.018417009221283e-06	1.417081e-01
1.019213656040799e-06	1.417084e-01
1.020034830247459e-06	1.417086e-01
1.020943388581229e-06	1.417089e-01
1.021943388581230e-06	1.417093e-01
1.022926329029017e-06	1.417096e-01
1.023926329029017e-06	1.417100e-01
1.024926329029017e-06	1.417104e-01
1.025926329029017e-06	1.417108e-01
1.026926329029017e-06	1.417112e-01
1.027926329029017e-06	1.417116e-01
1.028926329029017e-06	1.417119e-01
1.029926329029017e-06	1.417122e-01
1.030926329029018e-06	1.417125e-01
1.031926329029018e-06	1.417128e-01
1.032926329029018e-06	1.417131e-01
1.033926329029018e-06	1.417132e-01
1.034926329029018e-06	1.417134e-01
1.035926329029018e-06	1.417135e-01
1.036926329029018e-06	1.417136e-01
1.037926329029018e-06	1.417137e-01
1.038926329029018e-06	1.417137e-01
1.039926329029018e-06	1.417137e-01
1.040926329029018e-06	1.417137e-01
1.041926329029018e-06	1.417136e-01
1.043926329029018e-06	1.417135e-01
1.045926329029019e-06	1.417134e-01
1.047926329029019e-06	1.417132e-01
1.049926329029019e-06	1.417131e-01
1.051926329029019e-06	1.417130e-01
1.053926329029019e-06	1.417129e-01
1.055926329029019e-06	1.417128e-01
1.058926329029020e-06	1.417127e-01
1.061926329029020e-06	1.417126e-01
1.063926329029020e-06	1.417126e-01
1.065926329029020e-06	1.417125e-01
1.067926329029020e-06	1.417125e-01
1.070926329029021e-06	1.417125e-01
1.073926329029021e-06	1.417125e-01
1.076926329029021e-06	1.417125e-01
1.079926329029021e-06	1.417125e-01
1.082926329029021e-06	1.417125e-01
1.085926329029022e-06	1.417126e-01
1.088926329029022e-06	1.417126e-01
1.091212043314736e-06	1.417126e-01
1.093497757600451e-06	1.417126e-01
1.095783471886165e-06	1.417126e-01
1.098069186171880e-06	1.417126e-01
1.100354900457594e-06	1.417126e-01
1.102640614743309e-06	1.417126e-01
1.104926329029023e-06	1.417126e-01
1.107354900457595e-06	1.417126e-01
1.109783471886166e-06	1.417126e-01
1.112212043314738e-06	1.417126e-01
1.114640614743310e-06	1.417126e-01
1.117069186171881e-06	1.417126e-01
1.119497757600453e-06	1.417126e-01
1.121926329029024e-06	1.417126e-01
1.125354900457596e-06	1.417126e-01
1.128783471886168e-06	1.417126e-01
1.132212043314739e-06	1.417126e-01
1.135640614743311e-06	1.417126e-01
1.139069186171883e-06	1.417126e-01
1.142497757600455e-06	1.417126e-01
1.145926329029026e-06	1.417126e-01
1.149640614743312e-06	1.417126e-01
1.153354900457598e-06	1.417126e-01
1.157069186171884e-06	1.417126e-01
1.160783471886170e-06	1.417126e-01
1.164497757600456e-06	1.417126e-01
1.168212043314742e-06	1.417126e-01
1.171926329029028e-06	1.417126e-01
1.175354900457600e-06	1.417126e-01
1.178783471886171e-06	1.417126e-01
1.182212043314743e-06	1.417126e-01
1.185640614743315e-06	1.417126e-01
1.189069186171886e-06	1.417126e-01
1.192497757600458e-06	1.417126e-01
1.195926329029030e-06	1.417126e-01
1.199640614743316e-06	1.417126e-01
1.203354900457602e-06	1.417126e-01
1.207069186171888e-06	1.417126e-01
1.210783471886174e-06	1.417126e-01
1.214497757600460e-06	1.417126e-01
1.218212043314746e-06	1.417126e-01
1.221926329029032e-06	1.417126e-01
1.228212043314747e-06	1.417126e-01
1.234497757600461e-06	1.417126e-01
1.240783471886176e-06	1.417126e-01
1.247069186171891e-06	1.417126e-01
1.253354900457606e-06	1.417126e-01
1.259640614743320e-06	1.417126e-01
1.265926329029035e-06	1.417126e-01
1.271212043314750e-06	1.417126e-01
1.276497757600465e-06	1.417126e-01
1.281783471886179e-06	1.417126e-01
1.287069186171894e-06	1.417126e-01
1.292354900457608e-06	1.417126e-01
1.297640614743323e-06	1.417126e-01
1.302926329029038e-06	1.417126e-01
1.312926329029039e-06	1.417126e-01
1.322926329029039e-06	1.417126e-01
1.332926329029040e-06	1.417126e-01
1.342926329029041e-06	1.417126e-01
1.352926329029042e-06	1.417126e-01
1.362926329029042e-06	1.417126e-01
1.372926329029043e-06	1.417126e-01
1.387069186171901e-06	1.417126e-01
1.401212043314760e-06	1.417126e-01
1.415354900457618e-06	1.417126e-01
1.429497757600476e-06	1.417126e-01
1.443640614743334e-06	1.417126e-01
1.457783471886192e-06	1.417126e-01
1.471926329029051e-06	1.417126e-01
1.492497757600481e-06	1.417126e-01
1.513069186171911e-06	1.417126e-01
1.533640614743341e-06	1.417126e-01
1.554212043314771e-06	1.417126e-01
1.574783471886201e-06	1.417126e-01
1.595354900457631e-06	1.417126e-01
1.615926329029061e-06	1.417127e-01
1.630783471886205e-06	1.417127e-01
1.645640614743349e-06	1.417127e-01
1.660497757600493e-06	1.417127e-01
1.675354900457637e-06	1.417127e-01
1.690212043314781e-06	1.417127e-01
1.705069186171925e-06	1.417127e-01
1.719926329029069e-06	1.417127e-01
1.726497757600498e-06	1.417126e-01
1.733069186171927e-06	1.417126e-01
1.739640614743357e-06	1.417126e-01
1.746212043314785e-06	1.417127e-01
1.752783471886215e-06	1.417127e-01
1.759354900457644e-06	1.417127e-01
1.765926329029073e-06	1.417127e-01
1.766926329029073e-06	1.417127e-01
1.785640614743360e-06	1.417127e-01
1.804354900457647e-06	1.417127e-01
1.823069186171934e-06	1.417127e-01
1.841783471886221e-06	1.417127e-01
1.860497757600508e-06	1.417127e-01
1.879212043314795e-06	1.417127e-01
1.897926329029083e-06	1.417127e-01
1.912603382024928e-06	1.417127e-01
1.927280435020774e-06	1.417127e-01
1.941957488016619e-06	1.417127e-01
1.956634541012464e-06	1.417127e-01
1.971311594008309e-06	1.417127e-01
1.985988647004155e-06	1.417127e-01
2.000665700000000e-06	1.417127e-01
2.000666700000000e-06	1.417127e-01
2.000668700000000e-06	1.417127e-01
2.000672700000000e-06	1.417127e-01
2.000675700000000e-06	1.417127e-01
2.000676231659779e-06	1.417127e-01
2.000677294979336e-06	1.417127e-01
2.000679421618451e-06	1.417127e-01
2.000683674896681e-06	1.417127e-01
2.000685700000000e-06	1.417127e-01
2.000687078293901e-06	1.417127e-01
2.000688916019103e-06	1.417127e-01
2.000692591469507e-06	1.417127e-01
2.000699942370315e-06	1.417127e-01
2.000711066107730e-06	1.417127e-01
2.000722229971980e-06	1.417128e-01
2.000728500000000e-06	1.417128e-01
2.000729110000000e-06	1.417128e-01
2.000730330000000e-06	1.417128e-01
2.000732770000000e-06	1.417128e-01
2.000734600000000e-06	1.417129e-01
2.000734990000000e-06	1.417129e-01
2.000735770000000e-06	1.417129e-01
2.000737330000000e-06	1.417129e-01
2.000738500000000e-06	1.417129e-01
2.000738812000000e-06	1.417129e-01
2.000739436000000e-06	1.417129e-01
2.000740684000000e-06	1.417129e-01
2.000743180000000e-06	1.417129e-01
2.000744600000000e-06	1.417130e-01
2.000746097600000e-06	1.417130e-01
2.000748094400000e-06	1.417130e-01
2.000752088000000e-06	1.417131e-01
2.000760075200001e-06	1.417132e-01
2.000771800000000e-06	1.417134e-01
2.000772800000000e-06	1.417134e-01
2.000774800000000e-06	1.417134e-01
2.000778800000000e-06	1.417135e-01
2.000781800000000e-06	1.417135e-01
2.000782309596594e-06	1.417135e-01
2.000783328789781e-06	1.417136e-01
2.000785367176155e-06	1.417136e-01
2.000788678375750e-06	1.417137e-01
2.000791800000000e-06	1.417138e-01
2.000793530233062e-06	1.417138e-01
2.000795837210477e-06	1.417138e-01
2.000800451165309e-06	1.417139e-01
2.000809679074972e-06	1.417142e-01
2.000822918056423e-06	1.417146e-01
2.000837313929360e-06	1.417150e-01
2.000855174267992e-06	1.417157e-01
2.000876893416630e-06	1.417166e-01
2.000907614410368e-06	1.417181e-01
2.000950489627884e-06	1.417206e-01
2.001022666910390e-06	1.417264e-01
2.001161053659552e-06	1.417448e-01
2.001385448475201e-06	1.418133e-01
2.001603458952450e-06	1.419778e-01
2.001834390239951e-06	1.423127e-01
2.002084732027270e-06	1.428833e-01
2.002315509096852e-06	1.447414e-01
2.002446044905344e-06	1.518337e-01
2.002539664500387e-06	1.719115e-01
2.002665480556058e-06	2.292252e-01
2.002787004491454e-06	3.205116e-01
2.002960799728644e-06	5.184972e-01
2.003233201939045e-06	9.228776e-01
2.003426380798839e-06	1.230555e+00
2.003591201791479e-06	1.436801e+00
2.003771056014554e-06	1.517691e+00
2.003964234220080e-06	1.420365e+00
2.004158724641048e-06	1.171084e+00
2.004324027533880e-06	8.880872e-01
2.004476049606887e-06	6.162117e-01
2.004612087939690e-06	4.005809e-01
2.004721839535822e-06	2.717794e-01
2.004833987148963e-06	1.948792e-01
2.004936777320644e-06	1.623374e-01
2.005005397344382e-06	1.538178e-01
2.005091396383491e-06	1.494911e-01
2.005192864821441e-06	1.470943e-01
2.005354032260436e-06	1.453613e-01
2.005559518669624e-06	1.441840e-01
2.005776867193644e-06	1.434102e-01
2.006021661184580e-06	1.428184e-01
2.006329209093633e-06	1.423035e-01
2.006646203741950e-06	1.419636e-01
2.006976231160009e-06	1.417997e-01
2.007391130447407e-06	1.417413e-01
2.007828191417771e-06	1.417233e-01
2.008253041376368e-06	1.417154e-01
2.008752635078273e-06	1.417114e-01
2.009430683837394e-06	1.417089e-01
2.010282529580651e-06	1.417080e-01
2.011075545094195e-06	1.417079e-01
2.011955442572837e-06	1.417080e-01
2.012932066906282e-06	1.417081e-01
2.013932066906282e-06	1.417082e-01
2.014932066906282e-06	1.417083e-01
2.015932066906282e-06	1.417085e-01
2.016932066906282e-06	1.417087e-01
2.017932066906282e-06	1.417090e-01
2.018932066906282e-06	1.417093e-01
2.019932066906282e-06	1.417096e-01
2.020932066906283e-06	1.417098e-01
2.021932066906283e-06	1.417101e-01
2.022932066906283e-06	1.417104e-01
2.023932066906283e-06	1.417107e-01
2.024932066906283e-06	1.417110e-01
2.025932066906283e-06	1.417113e-01
2.026932066906283e-06	1.417116e-01
2.027932066906283e-06	1.417119e-01
2.029932066906283e-06	1.417123e-01
2.031932066906283e-06	1.417127e-01
2.032932066906283e-06	1.417128e-01
2.033932066906284e-06	1.417129e-01
2.034932066906284e-06	1.417130e-01
2.035932066906284e-06	1.417131e-01
2.036932066906284e-06	1.417132e-01
2.037932066906284e-06	1.417132e-01
2.038932066906284e-06	1.417132e-01
2.040932066906284e-06	1.417132e-01
2.042932066906284e-06	1.417132e-01
2.044932066906284e-06	1.417131e-01
2.046932066906284e-06	1.417131e-01
2.048932066906285e-06	1.417130e-01
2.050932066906285e-06	1.417129e-01
2.052932066906285e-06	1.417128e-01
2.055932066906285e-06	1.417127e-01
2.058932066906285e-06	1.417127e-01
2.061932066906286e-06	1.417126e-01
2.064932066906286e-06	1.417126e-01
2.067932066906286e-06	1.417126e-01
2.070932066906286e-06	1.417126e-01
2.073789209763429e-06	1.417126e-01
2.076646352620573e-06	1.417126e-01
2.079503495477715e-06	1.417126e-01
2.082360638334859e-06	1.417126e-01
2.085217781192002e-06	1.417126e-01
2.088074924049145e-06	1.417126e-01
2.090932066906288e-06	1.417126e-01
2.094074924049145e-06	1.417126e-01
2.097217781192002e-06	1.417126e-01
2.100360638334860e-06	1.417126e-01
2.103503495477717e-06	1.417126e-01
2.106646352620575e-06	1.417126e-01
2.109789209763432e-06	1.417126e-01
2.112932066906289e-06	1.417126e-01
2.116074924049147e-06	1.417126e-01
2.119217781192004e-06	1.417126e-01
2.122360638334862e-06	1.417126e-01
2.125503495477719e-06	1.417126e-01
2.128646352620576e-06	1.417126e-01
2.131789209763434e-06	1.417126e-01
2.134932066906291e-06	1.417126e-01
2.138360638334863e-06	1.417126e-01
2.141789209763434e-06	1.417126e-01
2.145217781192006e-06	1.417126e-01
2.148646352620578e-06	1.417126e-01
2.152074924049150e-06	1.417126e-01
2.155503495477721e-06	1.417126e-01
2.158932066906293e-06	1.417126e-01
2.163789209763436e-06	1.417126e-01
2.168646352620579e-06	1.417126e-01
2.173503495477722e-06	1.417126e-01
2.178360638334866e-06	1.417126e-01
2.183217781192009e-06	1.417126e-01
2.188074924049152e-06	1.417126e-01
2.192932066906295e-06	1.417126e-01
2.196646352620582e-06	1.417126e-01
2.200360638334868e-06	1.417126e-01
2.204074924049154e-06	1.417126e-01
2.207789209763439e-06	1.417126e-01
2.211503495477725e-06	1.417126e-01
2.215217781192011e-06	1.417126e-01
2.218932066906297e-06	1.417126e-01
2.223360638334869e-06	1.417126e-01
2.227789209763441e-06	1.417126e-01
2.232217781192013e-06	1.417126e-01
2.236646352620585e-06	1.417126e-01
2.241074924049156e-06	1.417126e-01
2.245503495477728e-06	1.417126e-01
2.249932066906300e-06	1.417126e-01
2.257789209763443e-06	1.417126e-01
2.265646352620587e-06	1.417126e-01
2.273503495477730e-06	1.417126e-01
2.281360638334874e-06	1.417126e-01
2.289217781192017e-06	1.417126e-01
2.297074924049161e-06	1.417126e-01
2.304932066906304e-06	1.417126e-01
2.312646352620590e-06	1.417126e-01
2.320360638334877e-06	1.417126e-01
2.328074924049163e-06	1.417126e-01
2.335789209763449e-06	1.417126e-01
2.343503495477735e-06	1.417126e-01
2.351217781192022e-06	1.417126e-01
2.358932066906308e-06	1.417126e-01
2.370646352620595e-06	1.417126e-01
2.382360638334881e-06	1.417126e-01
2.394074924049168e-06	1.417126e-01
2.405789209763454e-06	1.417126e-01
2.417503495477741e-06	1.417126e-01
2.429217781192027e-06	1.417126e-01
2.440932066906314e-06	1.417126e-01
2.457646352620601e-06	1.417126e-01
2.474360638334888e-06	1.417126e-01
2.491074924049175e-06	1.417126e-01
2.507789209763462e-06	1.417127e-01
2.524503495477749e-06	1.417127e-01
2.541217781192036e-06	1.417127e-01
2.557932066906323e-06	1.417127e-01
2.578646352620610e-06	1.417127e-01
2.599360638334898e-06	1.417127e-01
2.620074924049185e-06	1.417127e-01
2.640789209763472e-06	1.417127e-01
2.661503495477759e-06	1.417127e-01
2.682217781192046e-06	1.417127e-01
2.702932066906334e-06	1.417127e-01
2.703932066906334e-06	1.417127e-01
2.723074924049193e-06	1.417127e-01
2.742217781192051e-06	1.417127e-01
2.761360638334910e-06	1.417127e-01
2.780503495477768e-06	1.417127e-01
2.799646352620627e-06	1.417127e-01
2.818789209763485e-06	1.417127e-01
2.837932066906344e-06	1.417127e-01
2.861180771634009e-06	1.417127e-01
2.884429476361674e-06	1.417127e-01
2.907678181089340e-06	1.417127e-01
2.930926885817005e-06	1.417127e-01
2.954175590544670e-06	1.417127e-01
2.977424295272335e-06	1.417127e-01
3.000673000000000e-06	1.417127e-01
3.000673750000000e-06	1.417127e-01
3.000675250000000e-06	1.417127e-01
3.000678250000000e-06	1.417127e-01
3.000680500000000e-06	1.417127e-01
3.000680750000000e-06	1.417127e-01
3.000681250000000e-06	1.417127e-01
3.000682250000000e-06	1.417127e-01
3.000683000000000e-06	1.417127e-01
3.000683200000000e-06	1.417127e-01
3.000683600000000e-06	1.417127e-01
3.000684400000000e-06	1.417127e-01
3.000686000000000e-06	1.417127e-01
3.000687400000000e-06	1.417127e-01
3.000688360000000e-06	1.417127e-01
3.000689640000000e-06	1.417127e-01
3.000692200000000e-06	1.417127e-01
3.000693000000000e-06	1.417127e-01
3.000693440000000e-06	1.417127e-01
3.000694320000000e-06	1.417127e-01
3.000696080000000e-06	1.417127e-01
3.000697400000000e-06	1.417127e-01
3.000697752000000e-06	1.417127e-01
3.000698456000000e-06	1.417127e-01
3.000699864000000e-06	1.417127e-01
3.000702680000000e-06	1.417127e-01
3.000707400000000e-06	1.417127e-01
3.000709089600000e-06	1.417127e-01
3.000711342400000e-06	1.417127e-01
3.000715848000001e-06	1.417127e-01
3.000724859200001e-06	1.417127e-01
3.000737146135390e-06	1.417128e-01
3.000750195389262e-06	1.417129e-01
3.000766224208170e-06	1.417131e-01
3.000776800000000e-06	1.417132e-01
3.000777440000000e-06	1.417133e-01
3.000778720000000e-06	1.417133e-01
3.000781280000000e-06	1.417133e-01
3.000783200000000e-06	1.417134e-01
3.000783560000000e-06	1.417134e-01
3.000784280000000e-06	1.417134e-01
3.000785720000000e-06	1.417134e-01
3.000786800000000e-06	1.417134e-01
3.000787088000000e-06	1.417134e-01
3.000787664000000e-06	1.417134e-01
3.000788816000000e-06	1.417135e-01
3.000791120000000e-06	1.417135e-01
3.000793200000000e-06	1.417135e-01
3.000794582400000e-06	1.417136e-01
3.000796425600000e-06	1.417136e-01
3.000800112000000e-06	1.417137e-01
3.000807484800000e-06	1.417139e-01
3.000809500000000e-06	1.417139e-01
3.000810073550949e-06	1.417139e-01
3.000811220652848e-06	1.417139e-01
3.000813514856644e-06	1.417140e-01
3.000817359989529e-06	1.417141e-01
3.000819500000000e-06	1.417142e-01
3.000820091376438e-06	1.417142e-01
3.000821274129313e-06	1.417142e-01
3.000823602428677e-06	1.417143e-01
3.000825983117085e-06	1.417143e-01
3.000829500000000e-06	1.417144e-01
3.000830928413045e-06	1.417145e-01
3.000832832963771e-06	1.417145e-01
3.000836642065223e-06	1.417147e-01
3.000844260268128e-06	1.417149e-01
3.000855056772715e-06	1.417153e-01
3.000866901574943e-06	1.417157e-01
3.000881235293637e-06	1.417163e-01
3.000898169436034e-06	1.417170e-01
3.000920584326115e-06	1.417181e-01
3.000949691419892e-06	1.417198e-01
3.000992605496098e-06	1.417227e-01
3.001059815189088e-06	1.417287e-01
3.001194234575068e-06	1.417478e-01
3.001405096939234e-06	1.418150e-01
3.001614110636707e-06	1.419821e-01
3.001885298957550e-06	1.423929e-01
3.002126480295992e-06	1.429805e-01
3.002382162074610e-06	1.471912e-01
3.002503455260287e-06	1.600561e-01
3.002604594300206e-06	1.913427e-01
3.002723539535983e-06	2.607900e-01
3.002877782082194e-06	4.047395e-01
3.003095597045994e-06	6.911181e-01
3.003263200115863e-06	9.641119e-01
3.003425486224421e-06	1.241873e+00
3.003582301317762e-06	1.454578e+00
3.003756227493978e-06	1.553245e+00
3.003941580133516e-06	1.476440e+00
3.004137714889817e-06	1.233670e+00
3.004307336061113e-06	9.432778e-01
3.004464637286488e-06	6.558506e-01
3.004604114966366e-06	4.263016e-01
3.004717294459197e-06	2.849036e-01
3.004824617353395e-06	2.045118e-01
3.004938013847094e-06	1.643448e-01
3.005006039601694e-06	1.546221e-01
3.005095307866986e-06	1.497518e-01
3.005187913527562e-06	1.473613e-01
3.005352241584218e-06	1.454705e-01
3.005543358186293e-06	1.442896e-01
3.005729977296761e-06	1.435730e-01
3.005936764116828e-06	1.430341e-01
3.006350337756963e-06	1.422976e-01
3.006633004450450e-06	1.419753e-01
3.006957592083990e-06	1.418044e-01
3.007296817632612e-06	1.417469e-01
3.007685782819792e-06	1.417279e-01
3.008169603481836e-06	1.417166e-01
3.008797720199050e-06	1.417103e-01
3.009552887549953e-06	1.417075e-01
3.010348877057362e-06	1.417072e-01
3.011228006381779e-06	1.417074e-01
3.012036876331320e-06	1.417077e-01
3.013028991073730e-06	1.417078e-01
3.014028991073730e-06	1.417079e-01
3.015028991073730e-06	1.417081e-01
3.016028991073730e-06	1.417083e-01
3.017021668408363e-06	1.417085e-01
3.017955877677324e-06	1.417087e-01
3.018899348245960e-06	1.417090e-01
3.019876042018452e-06	1.417093e-01
3.020876042018452e-06	1.417096e-01
3.021876042018452e-06	1.417099e-01
3.022876042018452e-06	1.417102e-01
3.023876042018452e-06	1.417105e-01
3.024876042018452e-06	1.417108e-01
3.025876042018452e-06	1.417112e-01
3.026876042018453e-06	1.417115e-01
3.027876042018453e-06	1.417117e-01
3.028876042018453e-06	1.417120e-01
3.030876042018453e-06	1.417125e-01
3.032876042018453e-06	1.417128e-01
3.034876042018453e-06	1.417131e-01
3.036876042018453e-06	1.417132e-01
3.038876042018453e-06	1.417133e-01
3.040876042018454e-06	1.417133e-01
3.042876042018454e-06	1.417133e-01
3.045876042018454e-06	1.417131e-01
3.047447470589883e-06	1.417131e-01
3.049018899161311e-06	1.417130e-01
3.050590327732740e-06	1.417129e-01
3.052161756304169e-06	1.417129e-01
3.053733184875597e-06	1.417128e-01
3.055304613447026e-06	1.417128e-01
3.056876042018455e-06	1.417127e-01
3.059447470589883e-06	1.417127e-01
3.062018899161312e-06	1.417126e-01
3.064590327732741e-06	1.417126e-01
3.067161756304170e-06	1.417126e-01
3.069733184875598e-06	1.417126e-01
3.072304613447027e-06	1.417126e-01
3.074876042018456e-06	1.417126e-01
3.077161756304171e-06	1.417126e-01
3.079447470589885e-06	1.417126e-01
3.081733184875599e-06	1.417126e-01
3.084018899161314e-06	1.417126e-01
3.086304613447029e-06	1.417126e-01
3.088590327732743e-06	1.417126e-01
3.090876042018457e-06	1.417126e-01
3.093876042018458e-06	1.417126e-01
3.095876042018458e-06	1.417126e-01
3.097876042018458e-06	1.417126e-01
3.099876042018458e-06	1.417126e-01
3.101876042018458e-06	1.417126e-01
3.102876042018458e-06	1.417126e-01
3.103876042018458e-06	1.417126e-01
3.104876042018458e-06	1.417126e-01
3.105876042018458e-06	1.417126e-01
3.106876042018459e-06	1.417126e-01
3.107876042018459e-06	1.417126e-01
3.109876042018459e-06	1.417126e-01
3.111876042018459e-06	1.417126e-01
3.112876042018459e-06	1.417126e-01
3.113876042018459e-06	1.417126e-01
3.114876042018459e-06	1.417126e-01
3.115876042018459e-06	1.417126e-01
3.116876042018459e-06	1.417126e-01
3.117876042018459e-06	1.417126e-01
3.118876042018459e-06	1.417126e-01
3.119876042018459e-06	1.417126e-01
3.120876042018460e-06	1.417126e-01
3.121876042018460e-06	1.417126e-01
3.122876042018460e-06	1.417126e-01
3.124876042018460e-06	1.417126e-01
3.126876042018460e-06	1.417126e-01
3.128876042018460e-06	1.417126e-01
3.131876042018460e-06	1.417126e-01
3.134876042018461e-06	1.417126e-01
3.137876042018461e-06	1.417126e-01
3.140876042018461e-06	1.417126e-01
3.142733184875604e-06	1.417126e-01
3.144590327732747e-06	1.417126e-01
3.146447470589890e-06	1.417126e-01
3.148304613447033e-06	1.417126e-01
3.150161756304176e-06	1.417126e-01
3.152018899161319e-06	1.417126e-01
3.153876042018462e-06	1.417126e-01
3.155876042018462e-06	1.417126e-01
3.157876042018462e-06	1.417126e-01
3.159876042018462e-06	1.417126e-01
3.161876042018463e-06	1.417126e-01
3.163876042018463e-06	1.417126e-01
3.165876042018463e-06	1.417126e-01
3.167876042018463e-06	1.417126e-01
3.170876042018463e-06	1.417126e-01
3.173876042018464e-06	1.417126e-01
3.176876042018464e-06	1.417126e-01
3.179876042018464e-06	1.417126e-01
3.182876042018464e-06	1.417126e-01
3.185876042018464e-06	1.417126e-01
3.188876042018465e-06	1.417126e-01
3.191876042018465e-06	1.417126e-01
3.193876042018465e-06	1.417126e-01
3.195876042018465e-06	1.417126e-01
3.197876042018465e-06	1.417126e-01
3.199876042018466e-06	1.417126e-01
3.202876042018466e-06	1.417126e-01
3.205876042018466e-06	1.417126e-01
3.208876042018466e-06	1.417126e-01
3.211876042018466e-06	1.417126e-01
3.214876042018467e-06	1.417126e-01
3.217876042018467e-06	1.417126e-01
3.220876042018467e-06	1.417126e-01
3.223876042018467e-06	1.417126e-01
3.226876042018468e-06	1.417126e-01
3.229876042018468e-06	1.417126e-01
3.232876042018468e-06	1.417126e-01
3.236161756304182e-06	1.417126e-01
3.239447470589897e-06	1.417126e-01
3.242733184875611e-06	1.417126e-01
3.246018899161326e-06	1.417126e-01
3.249304613447041e-06	1.417126e-01
3.252590327732755e-06	1.417126e-01
3.255876042018470e-06	1.417126e-01
3.259590327732756e-06	1.417126e-01
3.263304613447042e-06	1.417126e-01
3.267018899161328e-06	1.417126e-01
3.270733184875614e-06	1.417126e-01
3.274447470589900e-06	1.417126e-01
3.278161756304186e-06	1.417126e-01
3.281876042018472e-06	1.417126e-01
3.287304613447044e-06	1.417126e-01
3.292733184875615e-06	1.417126e-01
3.298161756304187e-06	1.417126e-01
3.303590327732759e-06	1.417126e-01
3.309018899161331e-06	1.417126e-01
3.314447470589903e-06	1.417126e-01
3.319876042018475e-06	1.417126e-01
3.324304613447046e-06	1.417126e-01
3.328733184875618e-06	1.417126e-01
3.333161756304190e-06	1.417126e-01
3.337590327732762e-06	1.417126e-01
3.342018899161334e-06	1.417126e-01
3.346447470589905e-06	1.417126e-01
3.350876042018477e-06	1.417126e-01
3.355876042018477e-06	1.417126e-01
3.360876042018478e-06	1.417126e-01
3.365876042018478e-06	1.417126e-01
3.370876042018478e-06	1.417126e-01
3.375876042018479e-06	1.417126e-01
3.380876042018479e-06	1.417126e-01
3.385876042018479e-06	1.417126e-01
3.394876042018480e-06	1.417126e-01
3.403876042018481e-06	1.417126e-01
3.412876042018482e-06	1.417126e-01
3.421876042018482e-06	1.417126e-01
3.430876042018483e-06	1.417126e-01
3.439876042018484e-06	1.417126e-01
3.448876042018484e-06	1.417126e-01
3.459590327732771e-06	1.417126e-01
3.470304613447057e-06	1.417126e-01
3.481018899161344e-06	1.417126e-01
3.491733184875630e-06	1.417127e-01
3.502447470589917e-06	1.417127e-01
3.513161756304203e-06	1.417127e-01
3.523876042018490e-06	1.417127e-01
3.537447470589919e-06	1.417127e-01
3.551018899161349e-06	1.417127e-01
3.564590327732779e-06	1.417127e-01
3.578161756304208e-06	1.417127e-01
3.591733184875638e-06	1.417127e-01
3.605304613447068e-06	1.417127e-01
3.618876042018497e-06	1.417127e-01
3.619876042018497e-06	1.417127e-01
3.637018899161356e-06	1.417127e-01
3.654161756304214e-06	1.417127e-01
3.671304613447072e-06	1.417127e-01
3.688447470589931e-06	1.417127e-01
3.705590327732789e-06	1.417127e-01
3.722733184875647e-06	1.417127e-01
3.739876042018506e-06	1.417127e-01
3.757018899161362e-06	1.417127e-01
3.774161756304217e-06	1.417127e-01
3.791304613447073e-06	1.417127e-01
3.808447470589929e-06	1.417127e-01
3.825590327732785e-06	1.417127e-01
3.842733184875640e-06	1.417127e-01
3.859876042018496e-06	1.417127e-01
3.881590327732775e-06	1.417127e-01
3.903304613447052e-06	1.417127e-01
3.925018899161331e-06	1.417127e-01
3.946733184875608e-06	1.417127e-01
3.968447470589887e-06	1.417127e-01
3.990161756304165e-06	1.417127e-01
4.011876042018443e-06	1.417127e-01
4.023876042018439e-06	1.417127e-01
4.035876042018435e-06	1.417127e-01
4.047876042018431e-06	1.417127e-01
4.059876042018426e-06	1.417127e-01
4.071876042018422e-06	1.417127e-01
4.083876042018418e-06	1.417127e-01
4.095876042018414e-06	1.417127e-01
4.107733184875552e-06	1.417127e-01
4.119590327732692e-06	1.417127e-01
4.131447470589830e-06	1.417127e-01
4.143304613446969e-06	1.417127e-01
4.155161756304107e-06	1.417127e-01
4.167018899161246e-06	1.417127e-01
4.178876042018385e-06	1.417127e-01
4.208733184875517e-06	1.417127e-01
4.238590327732650e-06	1.417127e-01
4.268447470589782e-06	1.417127e-01
4.298304613446915e-06	1.417127e-01
4.328161756304047e-06	1.417127e-01
4.358018899161180e-06	1.417127e-01
4.387876042018312e-06	1.417127e-01
4.398733184875451e-06	1.417127e-01
4.409590327732591e-06	1.417127e-01
4.420447470589729e-06	1.417127e-01
4.431304613446868e-06	1.417127e-01
4.442161756304007e-06	1.417127e-01
4.453018899161147e-06	1.417127e-01
4.463876042018286e-06	1.417127e-01
4.480876042018280e-06	1.417127e-01
4.497876042018274e-06	1.417127e-01
4.514876042018268e-06	1.417127e-01
4.531876042018262e-06	1.417127e-01
4.548876042018256e-06	1.417127e-01
4.565876042018250e-06	1.417127e-01
4.582876042018244e-06	1.417127e-01
4.591447470589670e-06	1.417127e-01
4.600018899161096e-06	1.417127e-01
4.608590327732521e-06	1.417127e-01
4.617161756303946e-06	1.417127e-01
4.625733184875372e-06	1.417127e-01
4.634304613446798e-06	1.417127e-01
4.642876042018223e-06	1.417127e-01
4.643876042018223e-06	1.417127e-01
4.676733184875354e-06	1.417127e-01
4.709590327732486e-06	1.417127e-01
4.742447470589617e-06	1.417127e-01
4.775304613446748e-06	1.417127e-01
4.808161756303880e-06	1.417127e-01
4.841018899161012e-06	1.417127e-01
4.873876042018143e-06	1.417127e-01
4.904590327732418e-06	1.417127e-01
4.935304613446693e-06	1.417127e-01
4.966018899160968e-06	1.417127e-01
4.996733184875243e-06	1.417127e-01
5.027447470589518e-06	1.417127e-01
5.058161756303792e-06	1.417127e-01
5.088876042018068e-06	1.417127e-01
5.126733184875197e-06	1.417127e-01
5.164590327732328e-06	1.417127e-01
5.202447470589457e-06	1.417127e-01
5.240304613446586e-06	1.417127e-01
5.278161756303716e-06	1.417127e-01
5.316018899160846e-06	1.417127e-01
5.353876042017976e-06	1.417127e-01
5.386876042017964e-06	1.417127e-01
5.419876042017953e-06	1.417127e-01
5.452876042017941e-06	1.417127e-01
5.485876042017930e-06	1.417127e-01
5.518876042017918e-06	1.417127e-01
5.551876042017907e-06	1.417127e-01
5.584876042017895e-06	1.417127e-01
5.596590327732177e-06	1.417127e-01
5.608304613446458e-06	1.417127e-01
5.620018899160740e-06	1.417127e-01
5.631733184875021e-06	1.417127e-01
5.643447470589303e-06	1.417127e-01
5.655161756303584e-06	1.417127e-01
5.666876042017866e-06	1.417127e-01
5.667876042017866e-06	1.417127e-01
5.705590327732139e-06	1.417127e-01
5.743304613446411e-06	1.417127e-01
5.781018899160684e-06	1.417127e-01
5.818733184874956e-06	1.417127e-01
5.856447470589229e-06	1.417127e-01
5.894161756303501e-06	1.417127e-01
5.931876042017774e-06	1.417127e-01
5.953876042017767e-06	1.417127e-01
5.975876042017759e-06	1.417127e-01
5.997876042017751e-06	1.417127e-01
6.019876042017744e-06	1.417127e-01
6.041876042017736e-06	1.417127e-01
6.063876042017728e-06	1.417127e-01
6.085876042017721e-06	1.417127e-01
6.097876042017716e-06	1.417127e-01
6.109876042017712e-06	1.417127e-01
6.121876042017708e-06	1.417127e-01
6.133876042017704e-06	1.417127e-01
6.145876042017700e-06	1.417127e-01
6.157876042017695e-06	1.417127e-01
6.169876042017691e-06	1.417127e-01
6.176876042017689e-06	1.417127e-01
6.183876042017686e-06	1.417127e-01
6.190876042017684e-06	1.417127e-01
6.197876042017681e-06	1.417127e-01
6.204876042017679e-06	1.417127e-01
6.211876042017677e-06	1.417127e-01
6.218876042017674e-06	1.417127e-01
6.221876042017673e-06	1.417127e-01
6.224876042017672e-06	1.417127e-01
6.227876042017671e-06	1.417127e-01
6.230876042017670e-06	1.417127e-01
6.233876042017669e-06	1.417127e-01
6.235876042017668e-06	1.417127e-01
6.237876042017668e-06	1.417127e-01
6.239876042017667e-06	1.417127e-01
6.241876042017666e-06	1.417127e-01
6.243876042017665e-06	1.417127e-01
6.244876042017665e-06	1.417127e-01
6.245876042017665e-06	1.417127e-01
6.246876042017664e-06	1.417127e-01
6.247876042017664e-06	1.417127e-01
6.248876042017664e-06	1.417127e-01
6.249876042017663e-06	1.417127e-01
6.250876042017663e-06	1.417127e-01
6.251876042017663e-06	1.417127e-01
6.252876042017662e-06	1.417127e-01
6.253876042017662e-06	1.417127e-01
6.254876042017662e-06	1.417127e-01
6.255876042017661e-06	1.417127e-01
6.256876042017661e-06	1.417127e-01
6.257876042017661e-06	1.417127e-01
6.258876042017660e-06	1.417127e-01
6.259876042017660e-06	1.417127e-01
6.260876042017660e-06	1.417127e-01
6.499876042017576e-06	1.417127e-01
6.500000000000000e-06	1.417127e-01
