2
6
4
5
1
3
8
12
10
11
7
9
2
6
4
5
1
3
8
12
10
11
7
9
2
6
4
5
1
3
8
12
10
11
7
9
2
6
4
5
1
3
8
12
10
11
7
9
2
6
4
5
1
3
8
12
10
11
7
9
2
6
4
5
1
3
8
12
10
11
7
9
2
6
4
5
1
3
8
12
10
11
7
9
2
6
4
5
1
3
8
12
10
11
7
9
2
6
4
5
1
3
8
12
10
11
7
9
2
6
4
5
1
3
8
12
10
11
7
9
2
6
4
5
1
3
8
12
10
11
7
9
2
6
4
5
1
3
8
12
10
11
7
9
2
6
4
5
1
3
8
12
10
11
7
9
2
6
4
5
1
3
8
12
10
11
7
9
2
6
4
5
1
3
8
12
10
11
7
9
2
6
4
5
1
3
8
12
10
11
7
9
2
6
4
5
1
3
8
12
10
11
7
9
2
6
4
5
1
3
8
12
10
11
7
9
2
6
4
5
1
3
8
12
10
11
7
9
2
6
4
5
1
3
8
12
10
11
7
9
2
6
4
5
1
3
8
12
10
11
7
9
2
6
4
5
1
3
8
12
10
11
7
9
2
6
4
5
1
3
8
12
10
11
7
9
2
6
4
5
1
3
8
12
10
11
7
9
2
6
4
5
1
3
8
12
10
11
7
9
killed