0.0000000000000 0.0000000000000
0.0000000000000 0.0000000000000
0.0000000034286 0.0000000000000
0.0000000034386 0.0332699988103
0.0000000034408 0.0000000000000
0.0000000034486 0.0000000000000
0.0000000034508 0.0606858044322
0.0000000034608 0.0000000000000
0.0000000034936 0.0000000000000
0.0000000034950 0.0000000000000
0.0000000035036 0.0296599744275
0.0000000035050 0.0922246513937
0.0000000035136 0.0000000000000
0.0000000035150 0.0000000000000
0.0000010036959 0.0000000000000
0.0000010037059 0.0438733639653
0.0000010037159 0.0000000000000
