0.0000000000000 0.0000000000000
0.0000000000000 0.0000000000000
0.0000000007219 0.0000000000000
0.0000000007319 0.0510791533587
0.0000000007419 0.0000000000000
0.0000000007580 0.0000000000000
0.0000000007680 0.0168540970593
0.0000000007756 0.0000000000000
0.0000000007780 0.0000000000000
0.0000000007856 0.0248414282128
0.0000000007883 0.0000000000000
0.0000000007956 0.0000000000000
0.0000000007983 0.0307672386965
0.0000000008083 0.0000000000000
0.0000000008118 0.0000000000000
0.0000000008188 0.0000000000000
0.0000000008218 0.0199259503120
0.0000000008288 0.0197615669897
0.0000000008318 0.0000000000000
0.0000000008323 0.0000000000000
0.0000000008388 0.0000000000000
0.0000000008423 0.0556107497390
0.0000000008523 0.0000000000000
0.0000010005268 0.0000000000000
0.0000010005269 0.0000000000000
0.0000010005368 0.0255404578765
0.0000010005369 0.0379595698063
0.0000010005439 0.0000000000000
0.0000010005468 0.0000000000000
0.0000010005469 0.0000000000000
0.0000010005539 0.0919997057949
0.0000010005639 0.0000000000000
0.0000010005644 0.0000000000000
0.0000010005744 0.0219275495758
0.0000010005766 0.0000000000000
0.0000010005844 0.0000000000000
0.0000010005866 0.0492116562788
0.0000010005966 0.0000000000000
0.0000010006156 0.0000000000000
0.0000010006230 0.0000000000000
0.0000010006256 0.0370011477462
0.0000010006330 0.0200129485030
0.0000010006356 0.0000000000000
0.0000010006358 0.0000000000000
0.0000010006430 0.0000000000000
0.0000010006458 0.0134408199667
0.0000010006558 0.0000000000000
