-0.0000000000200 0.0000000000000
0.0000000000000 0.0000000000000
0.0000000000200 0.0000000000000
0.0000000041110 0.0000000000000
0.0000000041310 0.0003088864625
0.0000000042310 0.0040895580088
0.0000000043310 0.0057865882172
0.0000000044310 0.0076998281444
0.0000000045310 0.0096349574453
0.0000000046310 0.0113377375900
0.0000000047310 0.0125460731689
0.0000000048310 0.0130554100061
0.0000000049310 0.0127752814903
0.0000000050310 0.0117555571356
0.0000000051310 0.0101719403197
0.0000000052310 0.0082765034295
0.0000000053310 0.0063323772906
0.0000000054310 0.0045557237348
0.0000000055310 0.0020151442753
0.0000000056310 0.0000000000000
0.0000000057310 0.0000000000000
0.0000000057510 0.0000000000000
