-0.0000000000200 0.0000000000000
0.0000000000000 0.0000000000000
0.0000000000200 0.0000000000000
0.0000000002942 0.0000000000000
0.0000000003142 0.0011584268655
0.0000000004142 0.0234583316289
0.0000000005142 0.0366475756572
0.0000000006142 0.0485976132043
0.0000000007142 0.0606262017385
0.0000000008142 0.0711544413058
0.0000000009142 0.0785705564263
0.0000000010142 0.0800000000000
0.0000000011142 0.0797994345072
0.0000000012142 0.0734036192463
0.0000000013142 0.0635363025093
0.0000000014142 0.0517520726314
0.0000000015142 0.0396686916464
0.0000000016142 0.0286149889385
0.0000000017142 0.0113735162806
0.0000000018142 0.0032062648800
0.0000000019142 0.0000000000000
0.0000000019342 0.0000000000000
