0.0000000033167 0.0000000000000
0.0000000033367 0.0553390205825
0.0000000033887 0.1056143619260
0.0000000034360 0.1713383709888
0.0000000034560 0.0000000000000
0.0000010033882 0.0000000000000
0.0000010034082 0.0452674178510
0.0000010034282 0.0000000000000
0.0000020028124 0.0000000000000
0.0000020028324 0.0315308360784
0.0000020028375 0.1222276518378
0.0000020028602 0.1085453838529
0.0000020028674 0.2151710396677
0.0000020028793 0.2198223186422
0.0000020029095 0.1838521715574
0.0000020029134 0.2563303164217
0.0000020029423 0.0731693238625
0.0000020029623 0.0000000000000
