0.0000000026162 0.0000000000000
0.0000000026362 0.0391677712030
0.0000000026516 0.0370089984117
0.0000000026707 0.0444704951953
0.0000000026803 0.1057076086058
0.0000000026819 0.0191977610336
0.0000000026871 0.0340818217087
0.0000000026959 0.0332964347247
0.0000000027182 0.0513286122600
0.0000000027209 0.0227321626794
0.0000000027311 0.0232845931815
0.0000000027458 0.0826737560670
0.0000000027464 0.0238038586272
0.0000000027556 0.0274186895398
0.0000000027598 0.0677639003482
0.0000000027607 0.0379025323182
0.0000000027617 0.0322721632051
0.0000000027623 0.0580965267804
0.0000000027795 0.0344307757787
0.0000000027995 0.0000000000000
0.0000010030253 0.0000000000000
0.0000010030453 0.0496146037012
0.0000010030797 0.0858207514036
0.0000010031083 0.0214082841301
0.0000010031283 0.0000000000000
