0.0000000006828 0.0000000000000
0.0000000007028 0.0481793738761
0.0000000007203 0.0439203077405
0.0000000007308 0.0695360679186
0.0000000007611 0.0550626451139
0.0000000007631 0.0380395184201
0.0000000007717 0.0364806005591
0.0000000007739 0.0088217447424
0.0000000007939 0.0000000000000
0.0000010004188 0.0000000000000
0.0000010004388 0.0261008992617
0.0000010004555 0.0386632457822
0.0000010004724 0.0304484055472
0.0000010004753 0.0657674280495
0.0000010004790 0.0624834466110
0.0000010004796 0.0265046477724
0.0000010005100 0.0492911242396
0.0000010005283 0.0412536449576
0.0000010005391 0.0244197353238
0.0000010005467 0.0331459903391
0.0000010005574 0.0299650288579
0.0000010005578 0.0368763381867
0.0000010005618 0.0556931016178
0.0000010005769 0.0582255019991
0.0000010005771 0.0320725319970
0.0000010005971 0.0000000000000
0.0000020004321 0.0000000000000
0.0000020004521 0.0221818150070
0.0000020004532 0.0499960819568
0.0000020004535 0.0425267345078
0.0000020004716 0.0351570424451
0.0000020004721 0.0327379159514
0.0000020004777 0.0754240670339
0.0000020004978 0.0684999402920
0.0000020005317 0.0337692370482
0.0000020005327 0.0628154176088
0.0000020005364 0.0686606386080
0.0000020005564 0.0000000000000
