0.0000000006042 0.0000000000000
0.0000000006242 0.0637043052031
0.0000000006436 0.1698507499879
0.0000000006511 0.1187731988058
0.0000000006716 0.2445903671654
0.0000000006745 0.1016167710164
0.0000000006862 0.1487106702257
0.0000000006890 0.0982113445894
0.0000000007090 0.0000000000000
0.0000010006025 0.0000000000000
0.0000010006225 0.1926543697450
0.0000010006378 0.1347342426115
0.0000010006650 0.1326097564002
0.0000010007069 0.1302108173321
0.0000010007301 0.1455095213189
0.0000010007596 0.1109087545998
0.0000010007796 0.0000000000000
0.0000020005400 0.0000000000000
0.0000020005600 0.1903784778421
0.0000020005615 0.1101272128397
0.0000020005824 0.1421367792951
0.0000020006167 0.1096124334885
0.0000020006527 0.1782972649636
0.0000020006716 0.1167832954314
0.0000020006717 0.1182300609282
0.0000020006804 0.0669405417780
0.0000020007004 0.0000000000000
0.0000030005157 0.0000000000000
0.0000030005357 0.1424617007157
0.0000030005407 0.2568157759406
0.0000030005433 0.0858032876783
0.0000030005594 0.1116369438781
0.0000030005823 0.0900109239441
0.0000030005847 0.0696841090392
0.0000030005868 0.1345756271252
0.0000030006058 0.0967203590175
0.0000030006064 0.1288318239066
0.0000030006268 0.1133860401051
0.0000030006374 0.1153283588336
0.0000030006567 0.1845385440257
0.0000030006767 0.0000000000000
0.0000040007473 0.0000000000000
0.0000040007673 0.1931681877902
0.0000040007739 0.0450179589497
0.0000040007991 0.0713414005453
0.0000040008046 0.0571030170522
0.0000040008152 0.1031904289024
0.0000040008187 0.2454065159407
0.0000040008387 0.0000000000000
