0.0000000005953 0.0000000000000
0.0000000006153 0.2552464439315
0.0000000006393 0.0878590405123
0.0000000006787 0.1532605314196
0.0000000006802 0.0685468840673
0.0000000006918 0.1594148122907
0.0000000006932 0.1627813058257
0.0000000006937 0.1518426051020
0.0000000006970 0.0460619372418
0.0000000006971 0.1151168715185
0.0000000007061 0.1917925589357
0.0000000007203 0.1165314332651
0.0000000007403 0.0000000000000
0.0000010005689 0.0000000000000
0.0000010005889 0.1656113906249
0.0000010005904 0.1063733129956
0.0000010005967 0.0965530917773
0.0000010005968 0.0978542194186
0.0000010006046 0.0820022838413
0.0000010006049 0.1244872015390
0.0000010006410 0.1014543103062
0.0000010006479 0.1400560325057
0.0000010006514 0.1682977601804
0.0000010006546 0.1207236886352
0.0000010006890 0.1354605092779
0.0000010007090 0.0000000000000
0.0000020004932 0.0000000000000
0.0000020005132 0.0741123650269
0.0000020005441 0.2479150438903
0.0000020005522 0.1561843435516
0.0000020005523 0.1456325684841
0.0000020005568 0.1311029092796
0.0000020005737 0.1210524552796
0.0000020005804 0.1063093861481
0.0000020005819 0.1663583253698
0.0000020005893 0.1045386605366
0.0000020006001 0.1105482648580
0.0000020006030 0.1886971536866
0.0000020006230 0.0000000000000
0.0000030005264 0.0000000000000
0.0000030005464 0.0999916832606
0.0000030005596 0.0961757791810
0.0000030005868 0.0724517089499
0.0000030005962 0.1631629442989
0.0000030006017 0.1165078812687
0.0000030006197 0.2120342982615
0.0000030006648 0.1930672506626
0.0000030006673 0.1698661308835
0.0000030006798 0.1097604746091
0.0000030006998 0.0000000000000
0.0000040005447 0.0000000000000
0.0000040005647 0.1088505985009
0.0000040005718 0.0531232103032
0.0000040005781 0.1286169720205
0.0000040005957 0.1691331350753
0.0000040005992 0.1925779459198
0.0000040006120 0.1383054943198
0.0000040006169 0.0917734784547
0.0000040006304 0.0679316482413
0.0000040006323 0.1104891445404
0.0000040006361 0.1576147668469
0.0000040006425 0.1434528071790
0.0000040006625 0.0000000000000
