0.0000000000000 0.0000000000000
0.0000000000000 0.0000000000000
0.0000000025238 0.0000000000000
0.0000000025243 0.0318927677791
0.0000000025248 0.0000000000000
0.0000000025304 0.0000000000000
0.0000000025309 0.0855769001205
0.0000000025314 0.0000000000000
0.0000000025386 0.0000000000000
0.0000000025391 0.0000000000000
0.0000000025391 0.0439012418386
0.0000000025396 0.0256625437357
0.0000000025396 0.0000000000000
0.0000000025401 0.0000000000000
0.0000000025436 0.0000000000000
0.0000000025441 0.0446409667887
0.0000000025446 0.0000000000000
0.0000000025542 0.0000000000000
0.0000000025547 0.0392765589961
0.0000000025552 0.0000000000000
0.0000000025554 0.0000000000000
0.0000000025559 0.0870502617495
0.0000000025564 0.0000000000000
0.0000000025572 0.0000000000000
0.0000000025574 0.0000000000000
0.0000000025577 0.0593553569586
0.0000000025579 0.0572412848953
0.0000000025582 0.0000000000000
0.0000000025584 0.0000000000000
0.0000000025624 0.0000000000000
0.0000000025629 0.0276481212333
0.0000000025634 0.0000000000000
0.0000000025677 0.0000000000000
0.0000000025682 0.0289553371457
0.0000000025687 0.0000000000000
0.0000000025732 0.0000000000000
0.0000000025737 0.0687530841995
0.0000000025742 0.0000000000000
0.0000000025775 0.0000000000000
0.0000000025780 0.0534245797273
0.0000000025785 0.0000000000000
0.0000000025802 0.0000000000000
0.0000000025807 0.0170719930810
0.0000000025812 0.0000000000000
0.0000000025919 0.0000000000000
0.0000000025924 0.0361436628138
0.0000000025929 0.0000000000000
0.0000000025935 0.0000000000000
0.0000000025940 0.0538052568946
0.0000000025945 0.0000000000000
0.0000000025947 0.0000000000000
0.0000000025952 0.0801514493984
0.0000000025957 0.0000000000000
0.0000000025999 0.0000000000000
0.0000000026004 0.0469280739280
0.0000000026004 0.0000000000000
0.0000000026005 0.0000000000000
0.0000000026009 0.0000000000000
0.0000000026009 0.0480564869285
0.0000000026010 0.0496216532784
0.0000000026014 0.0000000000000
0.0000000026015 0.0000000000000
0.0000000026027 0.0000000000000
0.0000000026032 0.0248316549354
0.0000000026037 0.0000000000000
0.0000000026041 0.0000000000000
0.0000000026046 0.0858337290343
0.0000000026051 0.0000000000000
0.0000000026088 0.0000000000000
0.0000000026093 0.0597919500903
0.0000000026095 0.0000000000000
0.0000000026098 0.0000000000000
0.0000000026100 0.0463586603537
0.0000000026105 0.0000000000000
0.0000000026137 0.0000000000000
0.0000000026142 0.0585047613858
0.0000000026147 0.0000000000000
0.0000000026147 0.0000000000000
0.0000000026152 0.0607156049175
0.0000000026157 0.0000000000000
0.0000000026183 0.0000000000000
0.0000000026188 0.0272312348741
0.0000000026191 0.0000000000000
0.0000000026193 0.0000000000000
0.0000000026196 0.0470102655891
0.0000000026201 0.0000000000000
0.0000000026205 0.0000000000000
0.0000000026209 0.0000000000000
0.0000000026210 0.0298628099889
0.0000000026214 0.0000000000000
0.0000000026214 0.0593346888801
0.0000000026215 0.0000000000000
0.0000000026219 0.0357628254289
0.0000000026219 0.0000000000000
0.0000000026224 0.0000000000000
0.0000000026228 0.0000000000000
0.0000000026233 0.0438664746058
0.0000000026238 0.0000000000000
0.0000000026273 0.0000000000000
0.0000000026278 0.0347606639468
0.0000000026283 0.0000000000000
0.0000000026339 0.0000000000000
0.0000000026344 0.0533441504605
0.0000000026349 0.0000000000000
0.0000000026359 0.0000000000000
0.0000000026364 0.0484139325347
0.0000000026369 0.0000000000000
0.0000000026379 0.0000000000000
0.0000000026384 0.0440268524864
0.0000000026389 0.0000000000000
0.0000000026391 0.0000000000000
0.0000000026396 0.0049008980935
0.0000000026401 0.0000000000000
0.0000000026480 0.0000000000000
0.0000000026482 0.0000000000000
0.0000000026485 0.0435902593547
0.0000000026487 0.0507989326661
0.0000000026490 0.0000000000000
0.0000000026492 0.0000000000000
0.0000000026503 0.0000000000000
0.0000000026508 0.0846372235270
0.0000000026513 0.0000000000000
0.0000000026562 0.0000000000000
0.0000000026567 0.0667873736922
0.0000000026572 0.0000000000000
0.0000000026576 0.0000000000000
0.0000000026581 0.0564434009336
0.0000000026584 0.0000000000000
0.0000000026586 0.0000000000000
0.0000000026589 0.0292158510657
0.0000000026594 0.0000000000000
0.0000000026598 0.0000000000000
0.0000000026603 0.0332318670065
0.0000000026608 0.0000000000000
0.0000000026677 0.0000000000000
0.0000000026682 0.0311677828540
0.0000000026687 0.0000000000000
0.0000000026711 0.0000000000000
0.0000000026716 0.0347927074794
0.0000000026721 0.0000000000000
0.0000000026859 0.0000000000000
0.0000000026864 0.0501197699926
0.0000000026869 0.0000000000000
0.0000000026933 0.0000000000000
0.0000000026938 0.0392121514956
0.0000000026943 0.0000000000000
0.0000010026014 0.0000000000000
0.0000010026019 0.0171804604388
0.0000010026024 0.0000000000000
0.0000010026164 0.0000000000000
0.0000010026169 0.0353643641010
0.0000010026174 0.0000000000000
0.0000010026341 0.0000000000000
0.0000010026346 0.0332861807942
0.0000010026351 0.0000000000000
0.0000010026552 0.0000000000000
0.0000010026557 0.0433848603108
0.0000010026562 0.0000000000000
0.0000020024697 0.0000000000000
0.0000020024702 0.0395838564738
0.0000020024707 0.0000000000000
0.0000020024950 0.0000000000000
0.0000020024955 0.0454310000850
0.0000020024960 0.0000000000000
0.0000020025212 0.0000000000000
0.0000020025217 0.1012610878046
0.0000020025222 0.0000000000000
0.0000020025297 0.0000000000000
0.0000020025302 0.0259538194470
0.0000020025307 0.0000000000000
0.0000020025409 0.0000000000000
0.0000020025414 0.0438004649286
0.0000020025419 0.0000000000000
0.0000030027845 0.0000000000000
0.0000030027850 0.0452366560597
0.0000030027855 0.0000000000000
0.0000030028244 0.0000000000000
0.0000030028249 0.0147256054063
0.0000030028254 0.0000000000000
0.0000030028286 0.0000000000000
0.0000030028291 0.0434252351619
0.0000030028296 0.0000000000000
0.0000030028364 0.0000000000000
0.0000030028369 0.0155058654251
0.0000030028374 0.0000000000000
0.0000030028451 0.0000000000000
0.0000030028456 0.0406046032047
0.0000030028461 0.0000000000000
0.0000030028835 0.0000000000000
0.0000030028840 0.0539637121633
0.0000030028845 0.0000000000000
0.0000030028918 0.0000000000000
0.0000030028923 0.0163372348784
0.0000030028928 0.0000000000000
0.0000030029329 0.0000000000000
0.0000030029334 0.0417205192275
0.0000030029339 0.0000000000000
0.0000030029377 0.0000000000000
0.0000030029382 0.0272297929152
0.0000030029387 0.0000000000000
0.0000030029428 0.0000000000000
0.0000030029433 0.0385526955947
0.0000030029438 0.0000000000000
0.0000040024888 0.0000000000000
0.0000040024893 0.0576177964034
0.0000040024898 0.0000000000000
0.0000040024902 0.0000000000000
0.0000040024907 0.0320736535206
0.0000040024912 0.0000000000000
0.0000040024948 0.0000000000000
0.0000040024953 0.0553257225165
0.0000040024958 0.0000000000000
0.0000040025073 0.0000000000000
0.0000040025078 0.0485707856268
0.0000040025083 0.0000000000000
0.0000040025130 0.0000000000000
0.0000040025135 0.0337519335406
0.0000040025140 0.0000000000000
0.0000040025141 0.0000000000000
0.0000040025146 0.0382056641366
0.0000040025151 0.0000000000000
0.0000040025202 0.0000000000000
0.0000040025207 0.0555134976175
0.0000040025212 0.0000000000000
0.0000040025269 0.0000000000000
0.0000040025274 0.0329019788384
0.0000040025279 0.0000000000000
0.0000040025309 0.0000000000000
0.0000040025313 0.0000000000000
0.0000040025313 0.0000000000000
0.0000040025314 0.0326797569398
0.0000040025318 0.0346624505194
0.0000040025318 0.0275577584713
0.0000040025319 0.0000000000000
0.0000040025323 0.0000000000000
0.0000040025323 0.0000000000000
0.0000040025343 0.0000000000000
0.0000040025346 0.0000000000000
0.0000040025348 0.0396593189930
0.0000040025351 0.0486191713610
0.0000040025351 0.0000000000000
0.0000040025353 0.0000000000000
0.0000040025356 0.0000000000000
0.0000040025356 0.0192719418116
0.0000040025361 0.0000000000000
0.0000040025367 0.0000000000000
0.0000040025372 0.0549774093171
0.0000040025377 0.0000000000000
0.0000040025377 0.0000000000000
0.0000040025382 0.0664919323216
0.0000040025387 0.0000000000000
0.0000040025439 0.0000000000000
0.0000040025440 0.0000000000000
0.0000040025444 0.0435460392798
0.0000040025445 0.0702099434092
0.0000040025446 0.0000000000000
0.0000040025449 0.0000000000000
0.0000040025450 0.0000000000000
0.0000040025451 0.0503136333649
0.0000040025456 0.0000000000000
0.0000040025468 0.0000000000000
0.0000040025473 0.0550368500701
0.0000040025478 0.0000000000000
0.0000040025517 0.0000000000000
0.0000040025522 0.0391041647907
0.0000040025527 0.0000000000000
0.0000040025557 0.0000000000000
0.0000040025562 0.0432002895630
0.0000040025563 0.0000000000000
0.0000040025567 0.0000000000000
0.0000040025567 0.0000000000000
0.0000040025568 0.0296953825311
0.0000040025572 0.0611142264630
0.0000040025573 0.0000000000000
0.0000040025577 0.0000000000000
0.0000040025578 0.0000000000000
0.0000040025583 0.0128579481087
0.0000040025588 0.0000000000000
0.0000040025601 0.0000000000000
0.0000040025606 0.0281286140046
0.0000040025611 0.0000000000000
0.0000040025738 0.0000000000000
0.0000040025743 0.0564847370906
0.0000040025748 0.0000000000000
0.0000040025759 0.0000000000000
0.0000040025764 0.0269337106739
0.0000040025769 0.0000000000000
0.0000040025799 0.0000000000000
0.0000040025804 0.0357472843156
0.0000040025809 0.0000000000000
0.0000040025919 0.0000000000000
0.0000040025924 0.0804555425227
0.0000040025929 0.0000000000000
0.0000040025931 0.0000000000000
0.0000040025936 0.0581952208608
0.0000040025941 0.0000000000000
0.0000040025941 0.0000000000000
0.0000040025946 0.0379272058383
0.0000040025951 0.0000000000000
0.0000040026031 0.0000000000000
0.0000040026036 0.0319416341663
0.0000040026041 0.0000000000000
0.0000040026205 0.0000000000000
0.0000040026210 0.0438602261169
0.0000040026215 0.0000000000000
0.0000040026253 0.0000000000000
0.0000040026258 0.0713114398423
0.0000040026263 0.0000000000000
0.0000040026279 0.0000000000000
0.0000040026284 0.0360970394739
0.0000040026289 0.0000000000000
0.0000040026340 0.0000000000000
0.0000040026345 0.0194891969626
0.0000040026350 0.0000000000000
0.0000040026404 0.0000000000000
0.0000040026409 0.0295409327039
0.0000040026414 0.0000000000000
0.0000040026506 0.0000000000000
0.0000040026511 0.0750177550405
0.0000040026516 0.0000000000000
0.0000040026856 0.0000000000000
0.0000040026861 0.0191343148391
0.0000040026866 0.0000000000000
0.0000050027664 0.0000000000000
0.0000050027669 0.0522106104948
0.0000050027674 0.0000000000000
0.0000050027846 0.0000000000000
0.0000050027851 0.0541697520780
0.0000050027856 0.0000000000000
0.0000050027909 0.0000000000000
0.0000050027914 0.0463698755901
0.0000050027919 0.0000000000000
0.0000050027944 0.0000000000000
0.0000050027949 0.0276772808479
0.0000050027954 0.0000000000000
0.0000050027984 0.0000000000000
0.0000050027989 0.0394409423184
0.0000050027994 0.0000000000000
0.0000050027995 0.0000000000000
0.0000050027995 0.0000000000000
0.0000050028000 0.0605294319931
0.0000050028000 0.0594101513994
0.0000050028005 0.0000000000000
0.0000050028005 0.0000000000000
0.0000050028035 0.0000000000000
0.0000050028040 0.0358664862568
0.0000050028045 0.0000000000000
0.0000050028264 0.0000000000000
0.0000050028269 0.0467495914514
0.0000050028274 0.0000000000000
0.0000050028285 0.0000000000000
0.0000050028290 0.0234401645322
0.0000050028295 0.0000000000000
0.0000050028386 0.0000000000000
0.0000050028391 0.0299291401014
0.0000050028396 0.0000000000000
0.0000050028630 0.0000000000000
0.0000050028635 0.0583160249787
0.0000050028640 0.0000000000000
0.0000060032783 0.0000000000000
0.0000060032788 0.0198355875501
0.0000060032793 0.0000000000000
0.0000060032961 0.0000000000000
0.0000060032966 0.0403412053668
0.0000060032971 0.0000000000000
0.0000060033553 0.0000000000000
0.0000060033558 0.0536844527767
0.0000060033563 0.0000000000000
0.0000070026522 0.0000000000000
0.0000070026527 0.0282252252554
0.0000070026532 0.0000000000000
0.0000070026881 0.0000000000000
0.0000070026886 0.0397480795783
0.0000070026891 0.0000000000000
0.0000070027098 0.0000000000000
0.0000070027103 0.0456935968346
0.0000070027108 0.0000000000000
0.0000070027176 0.0000000000000
0.0000070027181 0.0351270817421
0.0000070027186 0.0000000000000
0.0000070027206 0.0000000000000
0.0000070027211 0.0584880987488
0.0000070027216 0.0000000000000
0.0000070027279 0.0000000000000
0.0000070027284 0.0515628504833
0.0000070027289 0.0000000000000
0.0000070027447 0.0000000000000
0.0000070027452 0.0417434303533
0.0000070027457 0.0000000000000
0.0000070027491 0.0000000000000
0.0000070027496 0.0705109923980
0.0000070027499 0.0000000000000
0.0000070027501 0.0000000000000
0.0000070027504 0.0176314731602
0.0000070027504 0.0000000000000
0.0000070027509 0.0000000000000
0.0000070027509 0.0475582099966
0.0000070027514 0.0000000000000
0.0000070027516 0.0000000000000
0.0000070027516 0.0000000000000
0.0000070027521 0.0346570031189
0.0000070027521 0.0367411144792
0.0000070027526 0.0000000000000
0.0000070027526 0.0000000000000
0.0000070027607 0.0000000000000
0.0000070027612 0.0601822403174
0.0000070027617 0.0000000000000
0.0000070027646 0.0000000000000
0.0000070027651 0.0114847225192
0.0000070027656 0.0000000000000
0.0000070027777 0.0000000000000
0.0000070027782 0.0581000515690
0.0000070027787 0.0000000000000
0.0000070028079 0.0000000000000
0.0000070028084 0.0771694782546
0.0000070028089 0.0000000000000
0.0000070028485 0.0000000000000
0.0000070028490 0.0957463958441
0.0000070028495 0.0000000000000
0.0000080029101 0.0000000000000
0.0000080029106 0.0432757520823
0.0000080029111 0.0000000000000
0.0000080029217 0.0000000000000
0.0000080029222 0.0481503744791
0.0000080029227 0.0000000000000
0.0000080029350 0.0000000000000
0.0000080029355 0.0394188322809
0.0000080029360 0.0000000000000
0.0000080029563 0.0000000000000
0.0000080029568 0.0122215635513
0.0000080029573 0.0000000000000
0.0000080029621 0.0000000000000
0.0000080029626 0.0347536143696
0.0000080029631 0.0000000000000
0.0000080029658 0.0000000000000
0.0000080029663 0.0378195395688
0.0000080029668 0.0000000000000
0.0000080029927 0.0000000000000
0.0000080029929 0.0000000000000
0.0000080029932 0.0638989696636
0.0000080029934 0.0558390599088
0.0000080029937 0.0000000000000
0.0000080029939 0.0000000000000
0.0000080030069 0.0000000000000
0.0000080030074 0.0668993658386
0.0000080030079 0.0000000000000
0.0000090028646 0.0000000000000
0.0000090028651 0.0436231039757
0.0000090028656 0.0000000000000
0.0000090028840 0.0000000000000
0.0000090028845 0.0415567767760
0.0000090028850 0.0000000000000
0.0000090028933 0.0000000000000
0.0000090028938 0.0372203255092
0.0000090028943 0.0000000000000
0.0000090029024 0.0000000000000
0.0000090029029 0.0789321929829
0.0000090029034 0.0000000000000
0.0000090029063 0.0000000000000
0.0000090029068 0.0292321932673
0.0000090029073 0.0000000000000
0.0000090029076 0.0000000000000
0.0000090029081 0.0611975396478
0.0000090029086 0.0000000000000
0.0000090029217 0.0000000000000
0.0000090029222 0.0435253712012
0.0000090029227 0.0000000000000
0.0000090029303 0.0000000000000
0.0000090029308 0.0445236874594
0.0000090029313 0.0000000000000
0.0000090029427 0.0000000000000
0.0000090029432 0.0441425296391
0.0000090029437 0.0000000000000
0.0000090029487 0.0000000000000
0.0000090029492 0.0363987293333
0.0000090029497 0.0000000000000
0.0000090029558 0.0000000000000
0.0000090029563 0.0623720953352
0.0000090029568 0.0000000000000
0.0000090029654 0.0000000000000
0.0000090029659 0.0262085655312
0.0000090029664 0.0000000000000
0.0000090029786 0.0000000000000
0.0000090029791 0.0486130830898
0.0000090029796 0.0000000000000
0.0000090029847 0.0000000000000
0.0000090029852 0.0419098965052
0.0000090029857 0.0000000000000
0.0000090029935 0.0000000000000
0.0000090029940 0.0516852567778
0.0000090029945 0.0000000000000
0.0000090030154 0.0000000000000
0.0000090030159 0.0434593615241
0.0000090030164 0.0000000000000
0.0000090030237 0.0000000000000
0.0000090030242 0.0060706472511
0.0000090030247 0.0000000000000
0.0000100036250 0.0000000000000
0.0000100036255 0.0580297160150
0.0000100036260 0.0000000000000
0.0000110027676 0.0000000000000
0.0000110027681 0.0786192878871
0.0000110027686 0.0000000000000
0.0000110027836 0.0000000000000
0.0000110027841 0.0473372698393
0.0000110027846 0.0000000000000
0.0000110027885 0.0000000000000
0.0000110027890 0.0206759291925
0.0000110027895 0.0000000000000
0.0000110028143 0.0000000000000
0.0000110028148 0.0605211006746
0.0000110028153 0.0000000000000
0.0000110028257 0.0000000000000
0.0000110028262 0.0766535773797
0.0000110028267 0.0000000000000
0.0000110028286 0.0000000000000
0.0000110028291 0.0661820713614
0.0000110028296 0.0000000000000
0.0000110028352 0.0000000000000
0.0000110028357 0.0503852506602
0.0000110028362 0.0000000000000
0.0000110028503 0.0000000000000
0.0000110028508 0.0542969649024
0.0000110028513 0.0000000000000
0.0000110028594 0.0000000000000
0.0000110028599 0.1299926008750
0.0000110028604 0.0000000000000
0.0000110028699 0.0000000000000
0.0000110028704 0.0334092279594
0.0000110028708 0.0000000000000
0.0000110028709 0.0000000000000
0.0000110028713 0.0000000000000
0.0000110028713 0.0776889039180
0.0000110028718 0.0159709773008
0.0000110028718 0.0000000000000
0.0000110028723 0.0000000000000
0.0000110028944 0.0000000000000
0.0000110028949 0.0518501207530
0.0000110028954 0.0000000000000
0.0000110029113 0.0000000000000
0.0000110029118 0.0406219067123
0.0000110029123 0.0000000000000
0.0000110029187 0.0000000000000
0.0000110029192 0.0832076013201
0.0000110029197 0.0000000000000
0.0000120027455 0.0000000000000
0.0000120027460 0.0248542456259
0.0000120027465 0.0000000000000
0.0000120027766 0.0000000000000
0.0000120027771 0.0380207729535
0.0000120027776 0.0000000000000
0.0000130030160 0.0000000000000
0.0000130030165 0.0234387225733
0.0000130030170 0.0000000000000
0.0000130030223 0.0000000000000
0.0000130030228 0.0789275466707
0.0000130030233 0.0000000000000
0.0000130030494 0.0000000000000
0.0000130030499 0.0642317417497
0.0000130030502 0.0000000000000
0.0000130030504 0.0000000000000
0.0000130030507 0.0862107211954
0.0000130030512 0.0000000000000
0.0000130031239 0.0000000000000
0.0000130031244 0.0499839054144
0.0000130031249 0.0000000000000
0.0000130031402 0.0000000000000
0.0000130031407 0.0697935377031
0.0000130031412 0.0000000000000
0.0000140038391 0.0000000000000
0.0000140038396 0.0503722730295
0.0000140038401 0.0000000000000
0.0000140039045 0.0000000000000
0.0000140039050 0.0667173585735
0.0000140039055 0.0000000000000
0.0000150027844 0.0000000000000
0.0000150027849 0.0372164802853
0.0000150027854 0.0000000000000
0.0000150027923 0.0000000000000
0.0000150027928 0.1032855981943
0.0000150027933 0.0000000000000
0.0000150028104 0.0000000000000
0.0000150028109 0.0483097910537
0.0000150028114 0.0000000000000
0.0000150028241 0.0000000000000
0.0000150028246 0.0222702551570
0.0000150028251 0.0000000000000
0.0000150028348 0.0000000000000
0.0000150028353 0.0251764433462
0.0000150028358 0.0000000000000
0.0000150028464 0.0000000000000
0.0000150028469 0.0565771826822
0.0000150028474 0.0000000000000
0.0000150028565 0.0000000000000
0.0000150028570 0.0380662747698
0.0000150028575 0.0000000000000
0.0000150028643 0.0000000000000
0.0000150028648 0.0477137813474
0.0000150028653 0.0000000000000
0.0000150028812 0.0000000000000
0.0000150028817 0.0268686623028
0.0000150028822 0.0000000000000
0.0000150028860 0.0000000000000
0.0000150028865 0.0891946149511
0.0000150028870 0.0000000000000
0.0000150028950 0.0000000000000
0.0000150028955 0.0868142611319
0.0000150028960 0.0000000000000
0.0000150029015 0.0000000000000
0.0000150029020 0.0532936818967
0.0000150029021 0.0000000000000
0.0000150029025 0.0000000000000
0.0000150029026 0.0473177232844
0.0000150029031 0.0000000000000
0.0000150029077 0.0000000000000
0.0000150029082 0.0272398866279
0.0000150029087 0.0000000000000
0.0000150029167 0.0000000000000
0.0000150029172 0.0311344575801
0.0000150029177 0.0000000000000
0.0000160035827 0.0000000000000
0.0000160035832 0.0471973998195
0.0000160035837 0.0000000000000
0.0000160035873 0.0000000000000
0.0000160035878 0.0169483050451
0.0000160035883 0.0000000000000
0.0000160036805 0.0000000000000
0.0000160036810 0.0360752498717
0.0000160036815 0.0000000000000
0.0000160036995 0.0000000000000
0.0000160037000 0.0266321810322
0.0000160037005 0.0000000000000
0.0000170025848 0.0000000000000
0.0000170025853 0.0542394467614
0.0000170025858 0.0000000000000
0.0000170025946 0.0000000000000
0.0000170025951 0.0758355059925
0.0000170025956 0.0000000000000
0.0000170025974 0.0000000000000
0.0000170025979 0.0505183915382
0.0000170025984 0.0000000000000
0.0000170026030 0.0000000000000
0.0000170026034 0.0000000000000
0.0000170026035 0.0318384539914
0.0000170026039 0.0745471957643
0.0000170026040 0.0000000000000
0.0000170026044 0.0000000000000
0.0000170026044 0.0000000000000
0.0000170026049 0.0465978653246
0.0000170026054 0.0000000000000
0.0000170026121 0.0000000000000
0.0000170026126 0.0576581712545
0.0000170026131 0.0000000000000
0.0000170026140 0.0000000000000
0.0000170026145 0.0451456524272
0.0000170026150 0.0000000000000
0.0000170026221 0.0000000000000
0.0000170026226 0.0759960440908
0.0000170026230 0.0000000000000
0.0000170026231 0.0000000000000
0.0000170026235 0.0405571787765
0.0000170026240 0.0000000000000
0.0000170026244 0.0000000000000
0.0000170026249 0.0431011148296
0.0000170026253 0.0000000000000
0.0000170026254 0.0000000000000
0.0000170026258 0.0379578074120
0.0000170026263 0.0000000000000
0.0000170026270 0.0000000000000
0.0000170026273 0.0000000000000
0.0000170026275 0.0365680794031
0.0000170026278 0.0372397118464
0.0000170026278 0.0000000000000
0.0000170026280 0.0000000000000
0.0000170026283 0.0000000000000
0.0000170026283 0.0323702164149
0.0000170026288 0.0000000000000
0.0000170026294 0.0000000000000
0.0000170026299 0.0352985146415
0.0000170026304 0.0000000000000
0.0000170026329 0.0000000000000
0.0000170026334 0.0294617851784
0.0000170026338 0.0000000000000
0.0000170026339 0.0000000000000
0.0000170026343 0.1043303775747
0.0000170026348 0.0000000000000
0.0000170026530 0.0000000000000
0.0000170026535 0.0186344357305
0.0000170026540 0.0000000000000
0.0000170026592 0.0000000000000
0.0000170026597 0.0362194457684
0.0000170026602 0.0000000000000
0.0000170026662 0.0000000000000
0.0000170026667 0.0464942044966
0.0000170026672 0.0000000000000
0.0000170026692 0.0000000000000
0.0000170026697 0.0348899596009
0.0000170026702 0.0000000000000
0.0000170026799 0.0000000000000
0.0000170026804 0.0375212142803
0.0000170026807 0.0000000000000
0.0000170026809 0.0000000000000
0.0000170026812 0.0297940766115
0.0000170026817 0.0000000000000
0.0000170026818 0.0000000000000
0.0000170026823 0.0467875630376
0.0000170026828 0.0000000000000
0.0000170026922 0.0000000000000
0.0000170026927 0.0472222335573
0.0000170026932 0.0000000000000
0.0000170026940 0.0000000000000
0.0000170026945 0.0260781483535
0.0000170026950 0.0000000000000
0.0000170027027 0.0000000000000
0.0000170027032 0.0289814526247
0.0000170027037 0.0000000000000
0.0000170027125 0.0000000000000
0.0000170027130 0.0593894833208
0.0000170027135 0.0000000000000
0.0000170027251 0.0000000000000
0.0000170027256 0.0289170451242
0.0000170027261 0.0000000000000
0.0000170027417 0.0000000000000
0.0000170027422 0.0241906240657
0.0000170027427 0.0000000000000
0.0000180030913 0.0000000000000
0.0000180030918 0.0685093931341
0.0000180030923 0.0000000000000
0.0000180031718 0.0000000000000
0.0000180031723 0.0210316124043
0.0000180031728 0.0000000000000
0.0000180032080 0.0000000000000
0.0000180032085 0.0517720947512
0.0000180032090 0.0000000000000
0.0000180032575 0.0000000000000
0.0000180032580 0.0395365922632
0.0000180032585 0.0000000000000
0.0000190027595 0.0000000000000
0.0000190027600 0.0490695432117
0.0000190027605 0.0000000000000
0.0000190027884 0.0000000000000
0.0000190027889 0.0352879402757
0.0000190027894 0.0000000000000
0.0000190027923 0.0000000000000
0.0000190027928 0.0294084326966
0.0000190027933 0.0000000000000
0.0000190028043 0.0000000000000
0.0000190028048 0.0521066292315
0.0000190028053 0.0000000000000
0.0000190028386 0.0000000000000
0.0000190028391 0.0658427303512
0.0000190028396 0.0000000000000
0.0000190028443 0.0000000000000
0.0000190028448 0.0404387779235
0.0000190028453 0.0000000000000
0.0000190028524 0.0000000000000
0.0000190028529 0.0204043602537
0.0000190028534 0.0000000000000
0.0000190028600 0.0000000000000
0.0000190028605 0.0419267193598
0.0000190028610 0.0000000000000
0.0000190028680 0.0000000000000
0.0000190028685 0.0319280156650
0.0000190028690 0.0000000000000
0.0000190028756 0.0000000000000
0.0000190028761 0.0616394199623
0.0000190028766 0.0000000000000
0.0000190028911 0.0000000000000
0.0000190028916 0.0334633815295
0.0000190028921 0.0000000000000
0.0000190029051 0.0000000000000
0.0000190029056 0.0471435666848
0.0000190029061 0.0000000000000
0.0000190029491 0.0000000000000
0.0000190029496 0.0992931342500
0.0000190029501 0.0000000000000
0.0000190029798 0.0000000000000
0.0000190029803 0.0473800479553
0.0000190029808 0.0000000000000
0.0000200027712 0.0000000000000
0.0000200027713 0.0000000000000
0.0000200027717 0.0365808968162
0.0000200027718 0.0265118575673
0.0000200027722 0.0000000000000
0.0000200027723 0.0000000000000
0.0000200028018 0.0000000000000
0.0000200028023 0.0259385987690
0.0000200028026 0.0000000000000
0.0000200028028 0.0000000000000
0.0000200028031 0.0457423030042
0.0000200028036 0.0000000000000
0.0000200028200 0.0000000000000
0.0000200028205 0.0429074116750
0.0000200028210 0.0000000000000
0.0000200028557 0.0000000000000
0.0000200028562 0.0532344013614
0.0000200028567 0.0000000000000
0.0000200028672 0.0000000000000
0.0000200028677 0.0491885849353
0.0000200028682 0.0000000000000
0.0000200028875 0.0000000000000
0.0000200028880 0.0510548002739
0.0000200028885 0.0000000000000
0.0000200029103 0.0000000000000
0.0000200029108 0.0383384845793
0.0000200029113 0.0000000000000
0.0000200029263 0.0000000000000
0.0000200029268 0.0403083607459
0.0000200029273 0.0000000000000
0.0000210028213 0.0000000000000
0.0000210028218 0.0436227835403
0.0000210028223 0.0000000000000
0.0000210028341 0.0000000000000
0.0000210028346 0.0605771768567
0.0000210028351 0.0000000000000
0.0000210028601 0.0000000000000
0.0000210028606 0.0396589985577
0.0000210028611 0.0000000000000
0.0000210028682 0.0000000000000
0.0000210028687 0.0594117535760
0.0000210028692 0.0000000000000
0.0000210029145 0.0000000000000
0.0000210029150 0.0851375832886
0.0000210029155 0.0000000000000
0.0000210029219 0.0000000000000
0.0000210029224 0.0358121724691
0.0000210029229 0.0000000000000
0.0000210029274 0.0000000000000
0.0000210029279 0.0564419589746
0.0000210029284 0.0000000000000
0.0000210029594 0.0000000000000
0.0000210029599 0.0554247370322
0.0000210029604 0.0000000000000
0.0000210029799 0.0000000000000
0.0000210029804 0.0535833554314
0.0000210029809 0.0000000000000
0.0000210029853 0.0000000000000
0.0000210029858 0.0232778640396
0.0000210029863 0.0000000000000
0.0000210029983 0.0000000000000
0.0000210029988 0.0135364699115
0.0000210029993 0.0000000000000
0.0000220031685 0.0000000000000
0.0000220031690 0.0887716403207
0.0000220031695 0.0000000000000
0.0000220032340 0.0000000000000
0.0000220032345 0.0164053273852
0.0000220032350 0.0000000000000
0.0000220032555 0.0000000000000
0.0000220032560 0.0321056970532
0.0000220032565 0.0000000000000
0.0000220033446 0.0000000000000
0.0000220033451 0.0399640529881
0.0000220033456 0.0000000000000
0.0000220033690 0.0000000000000
0.0000220033695 0.0368657638210
0.0000220033700 0.0000000000000
0.0000230033312 0.0000000000000
0.0000230033317 0.0369654192074
0.0000230033322 0.0000000000000
0.0000230033404 0.0000000000000
0.0000230033409 0.0298610475946
0.0000230033414 0.0000000000000
0.0000230033582 0.0000000000000
0.0000230033587 0.0205921353547
0.0000230033592 0.0000000000000
0.0000240030074 0.0000000000000
0.0000240030079 0.0727154272232
0.0000240030084 0.0000000000000
0.0000240030600 0.0000000000000
0.0000240030605 0.0351964559902
0.0000240030610 0.0000000000000
0.0000240030858 0.0000000000000
0.0000240030863 0.0236348289928
0.0000240030868 0.0000000000000
0.0000240031107 0.0000000000000
0.0000240031112 0.0797358447805
0.0000240031117 0.0000000000000
0.0000250025429 0.0000000000000
0.0000250025434 0.0089880506766
0.0000250025439 0.0000000000000
0.0000250025468 0.0000000000000
0.0000250025473 0.0489391260340
0.0000250025478 0.0000000000000
0.0000250025523 0.0000000000000
0.0000250025528 0.0445397092257
0.0000250025533 0.0000000000000
0.0000250025547 0.0000000000000
0.0000250025552 0.0426622786507
0.0000250025557 0.0000000000000
0.0000250025639 0.0000000000000
0.0000250025644 0.0192354121845
0.0000250025649 0.0000000000000
0.0000250025657 0.0000000000000
0.0000250025662 0.0146434137452
0.0000250025667 0.0000000000000
0.0000250025724 0.0000000000000
0.0000250025729 0.0140361888024
0.0000250025734 0.0000000000000
0.0000250025747 0.0000000000000
0.0000250025752 0.0368348418120
0.0000250025757 0.0000000000000
0.0000250025767 0.0000000000000
0.0000250025772 0.0500894888543
0.0000250025777 0.0000000000000
0.0000250025858 0.0000000000000
0.0000250025860 0.0000000000000
0.0000250025863 0.0217354485979
0.0000250025865 0.0875717702425
0.0000250025868 0.0000000000000
0.0000250025870 0.0000000000000
0.0000250025895 0.0000000000000
0.0000250025900 0.0290782240932
0.0000250025905 0.0000000000000
0.0000250025913 0.0000000000000
0.0000250025918 0.0350315920149
0.0000250025923 0.0000000000000
0.0000250025952 0.0000000000000
0.0000250025957 0.0359856881981
0.0000250025962 0.0000000000000
0.0000250025970 0.0000000000000
0.0000250025975 0.0477666531762
0.0000250025980 0.0000000000000
0.0000250025985 0.0000000000000
0.0000250025990 0.0794541821290
0.0000250025995 0.0000000000000
0.0000250026021 0.0000000000000
0.0000250026026 0.0206530180667
0.0000250026031 0.0000000000000
0.0000250026063 0.0000000000000
0.0000250026068 0.0682043387038
0.0000250026071 0.0000000000000
0.0000250026073 0.0000000000000
0.0000250026076 0.0354532849040
0.0000250026079 0.0000000000000
0.0000250026081 0.0000000000000
0.0000250026084 0.0360952770796
0.0000250026088 0.0000000000000
0.0000250026089 0.0000000000000
0.0000250026091 0.0000000000000
0.0000250026093 0.0525805530787
0.0000250026096 0.0723712796831
0.0000250026098 0.0000000000000
0.0000250026101 0.0000000000000
0.0000250026123 0.0000000000000
0.0000250026128 0.0393537839097
0.0000250026133 0.0000000000000
0.0000250026139 0.0000000000000
0.0000250026144 0.0662506445212
0.0000250026149 0.0000000000000
0.0000250026168 0.0000000000000
0.0000250026171 0.0000000000000
0.0000250026173 0.0443288627812
0.0000250026176 0.0469106102028
0.0000250026178 0.0000000000000
0.0000250026181 0.0000000000000
0.0000250026192 0.0000000000000
0.0000250026197 0.0939312899400
0.0000250026202 0.0000000000000
0.0000250026231 0.0000000000000
0.0000250026236 0.0648509830172
0.0000250026238 0.0000000000000
0.0000250026241 0.0000000000000
0.0000250026243 0.0243091851363
0.0000250026248 0.0000000000000
0.0000250026255 0.0000000000000
0.0000250026260 0.0393363201844
0.0000250026265 0.0000000000000
0.0000250026311 0.0000000000000
0.0000250026316 0.0308310053264
0.0000250026321 0.0000000000000
0.0000250026345 0.0000000000000
0.0000250026350 0.0491459670369
0.0000250026355 0.0000000000000
0.0000250026447 0.0000000000000
0.0000250026452 0.0536498457615
0.0000250026457 0.0000000000000
0.0000250026487 0.0000000000000
0.0000250026492 0.0382516466059
0.0000250026497 0.0000000000000
0.0000250026569 0.0000000000000
0.0000250026574 0.0434401354045
0.0000250026579 0.0000000000000
0.0000250026581 0.0000000000000
0.0000250026586 0.0368500624900
0.0000250026586 0.0000000000000
0.0000250026591 0.0000000000000
0.0000250026591 0.0224149317067
0.0000250026596 0.0000000000000
0.0000250026609 0.0000000000000
0.0000250026614 0.0269646326829
0.0000250026619 0.0000000000000
0.0000250026652 0.0000000000000
0.0000250026657 0.0547039177664
0.0000250026662 0.0000000000000
0.0000250026731 0.0000000000000
0.0000250026732 0.0000000000000
0.0000250026736 0.0476322305569
0.0000250026737 0.0305192217542
0.0000250026738 0.0000000000000
0.0000250026741 0.0000000000000
0.0000250026742 0.0000000000000
0.0000250026743 0.0748029031544
0.0000250026748 0.0000000000000
0.0000250026860 0.0000000000000
0.0000250026865 0.0253230425078
0.0000250026870 0.0000000000000
0.0000250026876 0.0000000000000
0.0000250026881 0.0477113780824
0.0000250026886 0.0000000000000
0.0000250026941 0.0000000000000
0.0000250026946 0.0281696297263
0.0000250026951 0.0000000000000
0.0000250027195 0.0000000000000
0.0000250027200 0.0299864980247
0.0000250027205 0.0000000000000
0.0000250027242 0.0000000000000
0.0000250027247 0.0566651421792
0.0000250027252 0.0000000000000
0.0000260028647 0.0000000000000
0.0000260028652 0.0617347494718
0.0000260028657 0.0000000000000
0.0000260029087 0.0000000000000
0.0000260029092 0.0280568364916
0.0000260029097 0.0000000000000
0.0000260029123 0.0000000000000
0.0000260029128 0.0710885770731
0.0000260029133 0.0000000000000
0.0000260029364 0.0000000000000
0.0000260029369 0.0131819082233
0.0000260029374 0.0000000000000
0.0000260029447 0.0000000000000
0.0000260029452 0.0123559861706
0.0000260029457 0.0000000000000
0.0000260029532 0.0000000000000
0.0000260029537 0.0466837419920
0.0000260029542 0.0000000000000
0.0000260029641 0.0000000000000
0.0000260029646 0.0309912229894
0.0000260029651 0.0000000000000
0.0000260029857 0.0000000000000
0.0000260029862 0.0368409300832
0.0000260029867 0.0000000000000
0.0000270030181 0.0000000000000
0.0000270030186 0.0186869871240
0.0000270030191 0.0000000000000
0.0000270030297 0.0000000000000
0.0000270030302 0.0302846630956
0.0000270030307 0.0000000000000
0.0000270030406 0.0000000000000
0.0000270030411 0.0380731641293
0.0000270030416 0.0000000000000
0.0000270030416 0.0000000000000
0.0000270030421 0.0418975597452
0.0000270030426 0.0000000000000
0.0000270030625 0.0000000000000
0.0000270030630 0.0636206715830
0.0000270030635 0.0000000000000
0.0000270030709 0.0000000000000
0.0000270030714 0.0321709056421
0.0000270030719 0.0000000000000
0.0000270030763 0.0000000000000
0.0000270030768 0.0142404663228
0.0000270030773 0.0000000000000
0.0000270030908 0.0000000000000
0.0000270030913 0.0329236082229
0.0000270030918 0.0000000000000
0.0000270031143 0.0000000000000
0.0000270031148 0.0243974650687
0.0000270031153 0.0000000000000
0.0000270031165 0.0000000000000
0.0000270031170 0.0409489109625
0.0000270031175 0.0000000000000
0.0000280026952 0.0000000000000
0.0000280026957 0.0158679573435
0.0000280026962 0.0000000000000
0.0000280027175 0.0000000000000
0.0000280027180 0.0542165356356
0.0000280027185 0.0000000000000
0.0000280027364 0.0000000000000
0.0000280027369 0.0340883906329
0.0000280027374 0.0000000000000
0.0000280027425 0.0000000000000
0.0000280027430 0.0214555483406
0.0000280027435 0.0000000000000
0.0000280027549 0.0000000000000
0.0000280027554 0.0691883955899
0.0000280027559 0.0000000000000
0.0000280027840 0.0000000000000
0.0000280027845 0.0344645817056
0.0000280027850 0.0000000000000
0.0000280027857 0.0000000000000
0.0000280027862 0.0333517098184
0.0000280027867 0.0000000000000
0.0000280027921 0.0000000000000
0.0000280027926 0.0411762598263
0.0000280027929 0.0000000000000
0.0000280027931 0.0000000000000
0.0000280027932 0.0000000000000
0.0000280027934 0.0423088384861
0.0000280027937 0.0364157124056
0.0000280027939 0.0000000000000
0.0000280027942 0.0000000000000
0.0000280028100 0.0000000000000
0.0000280028105 0.0780856028516
0.0000280028110 0.0000000000000
0.0000280028194 0.0000000000000
0.0000280028199 0.0330620362837
0.0000280028204 0.0000000000000
0.0000280028218 0.0000000000000
0.0000280028223 0.0304224502858
0.0000280028228 0.0000000000000
0.0000280028532 0.0000000000000
0.0000280028537 0.0543182738516
0.0000280028542 0.0000000000000
0.0000290029548 0.0000000000000
0.0000290029553 0.0128707655218
0.0000290029558 0.0000000000000
0.0000290029674 0.0000000000000
0.0000290029679 0.0241683538106
0.0000290029684 0.0000000000000
0.0000290030209 0.0000000000000
0.0000290030214 0.0428317889381
0.0000290030219 0.0000000000000
0.0000290030257 0.0000000000000
0.0000290030262 0.0822552675312
0.0000290030267 0.0000000000000
0.0000290030350 0.0000000000000
0.0000290030355 0.0627902634357
0.0000290030360 0.0000000000000
0.0000290031465 0.0000000000000
0.0000290031470 0.0467917286968
0.0000290031475 0.0000000000000
0.0000300034909 0.0000000000000
0.0000300034914 0.0364509602915
0.0000300034919 0.0000000000000
0.0000300035497 0.0000000000000
0.0000300035502 0.0018287244055
0.0000300035507 0.0000000000000
0.0000310027416 0.0000000000000
0.0000310027421 0.0446779770689
0.0000310027425 0.0000000000000
0.0000310027426 0.0000000000000
0.0000310027430 0.0246249741501
0.0000310027435 0.0000000000000
0.0000310027653 0.0000000000000
0.0000310027658 0.0270610837160
0.0000310027663 0.0000000000000
0.0000310027712 0.0000000000000
0.0000310027717 0.0741783747041
0.0000310027722 0.0000000000000
0.0000310027828 0.0000000000000
0.0000310027833 0.0482357704934
0.0000310027838 0.0000000000000
0.0000310028095 0.0000000000000
0.0000310028100 0.0454454196746
0.0000310028105 0.0000000000000
0.0000310028110 0.0000000000000
0.0000310028115 0.0776486892846
0.0000310028120 0.0000000000000
0.0000310028179 0.0000000000000
0.0000310028184 0.0478127958631
0.0000310028189 0.0000000000000
0.0000310028501 0.0000000000000
0.0000310028506 0.0258556060196
0.0000310028511 0.0000000000000
0.0000310028729 0.0000000000000
0.0000310028734 0.0139578423652
0.0000310028739 0.0000000000000
0.0000320033456 0.0000000000000
0.0000320033461 0.0537546281131
0.0000320033466 0.0000000000000
0.0000320033542 0.0000000000000
0.0000320033547 0.0499321551093
0.0000320033552 0.0000000000000
0.0000320033797 0.0000000000000
0.0000320033802 0.0402939411562
0.0000320033807 0.0000000000000
0.0000320033914 0.0000000000000
0.0000320033919 0.0462199118576
0.0000320033924 0.0000000000000
0.0000320034206 0.0000000000000
0.0000320034211 0.0115542569849
0.0000320034216 0.0000000000000
0.0000320034269 0.0000000000000
0.0000320034274 0.0578711005286
0.0000320034279 0.0000000000000
0.0000330034185 0.0000000000000
0.0000330034190 0.0373246272078
0.0000330034195 0.0000000000000
0.0000330035184 0.0000000000000
0.0000330035189 0.0513713903760
0.0000330035194 0.0000000000000
0.0000340027518 0.0000000000000
0.0000340027523 0.0359722299144
0.0000340027528 0.0000000000000
0.0000340028179 0.0000000000000
0.0000340028184 0.0373613170526
0.0000340028189 0.0000000000000
0.0000340028258 0.0000000000000
0.0000340028263 0.0260288013133
0.0000340028268 0.0000000000000
0.0000340028503 0.0000000000000
0.0000340028508 0.0316684630509
0.0000340028513 0.0000000000000
0.0000340028523 0.0000000000000
0.0000340028528 0.0354228435480
0.0000340028533 0.0000000000000
0.0000340028586 0.0000000000000
0.0000340028591 0.0408215379204
0.0000340028596 0.0000000000000
0.0000340028675 0.0000000000000
0.0000340028680 0.0457624904297
0.0000340028685 0.0000000000000
0.0000340028757 0.0000000000000
0.0000340028762 0.0339802437103
0.0000340028767 0.0000000000000
0.0000340028821 0.0000000000000
0.0000340028826 0.0581724699527
0.0000340028831 0.0000000000000
0.0000340028887 0.0000000000000
0.0000340028892 0.0435662267053
0.0000340028897 0.0000000000000
0.0000340028933 0.0000000000000
0.0000340028938 0.0500686605582
0.0000340028943 0.0000000000000
0.0000340028989 0.0000000000000
0.0000340028994 0.0477688962234
0.0000340028999 0.0000000000000
0.0000350031725 0.0000000000000
0.0000350031730 0.0433613083143
0.0000350031734 0.0000000000000
0.0000350031735 0.0000000000000
0.0000350031739 0.0745725101550
0.0000350031744 0.0000000000000
0.0000350031945 0.0000000000000
0.0000350031950 0.0485589295197
0.0000350031955 0.0000000000000
0.0000350032075 0.0000000000000
0.0000350032080 0.0239096022848
0.0000350032085 0.0000000000000
0.0000350032604 0.0000000000000
0.0000350032609 0.0317346329457
0.0000350032614 0.0000000000000
0.0000360023694 0.0000000000000
0.0000360023699 0.0351003253924
0.0000360023704 0.0000000000000
0.0000360023814 0.0000000000000
0.0000360023819 0.0108843869359
0.0000360023824 0.0000000000000
0.0000360023894 0.0000000000000
0.0000360023899 0.0509298304968
0.0000360023904 0.0000000000000
0.0000360023954 0.0000000000000
0.0000360023959 0.0246864977327
0.0000360023964 0.0000000000000
0.0000360023965 0.0000000000000
0.0000360023970 0.0712923739404
0.0000360023975 0.0000000000000
0.0000360023982 0.0000000000000
0.0000360023987 0.0333299202162
0.0000360023990 0.0000000000000
0.0000360023992 0.0000000000000
0.0000360023993 0.0000000000000
0.0000360023995 0.0188154816897
0.0000360023997 0.0000000000000
0.0000360023998 0.0566702691444
0.0000360024000 0.0000000000000
0.0000360024002 0.0408647966895
0.0000360024003 0.0000000000000
0.0000360024007 0.0000000000000
0.0000360024009 0.0000000000000
0.0000360024014 0.0389277651438
0.0000360024019 0.0000000000000
0.0000360024035 0.0000000000000
0.0000360024040 0.0739428547394
0.0000360024045 0.0000000000000
0.0000360024051 0.0000000000000
0.0000360024056 0.0231211711652
0.0000360024061 0.0000000000000
0.0000360024062 0.0000000000000
0.0000360024067 0.0390484090440
0.0000360024072 0.0000000000000
0.0000360024090 0.0000000000000
0.0000360024095 0.0365057547322
0.0000360024100 0.0000000000000
0.0000360024102 0.0000000000000
0.0000360024107 0.0402396273684
0.0000360024112 0.0000000000000
0.0000360024116 0.0000000000000
0.0000360024121 0.0591123067638
0.0000360024126 0.0000000000000
0.0000360024126 0.0000000000000
0.0000360024129 0.0000000000000
0.0000360024131 0.0203035833437
0.0000360024132 0.0000000000000
0.0000360024134 0.0238549680617
0.0000360024136 0.0000000000000
0.0000360024137 0.0531059067956
0.0000360024139 0.0000000000000
0.0000360024141 0.0000000000000
0.0000360024142 0.0000000000000
0.0000360024142 0.0000000000000
0.0000360024146 0.0747383354362
0.0000360024147 0.0673992449472
0.0000360024150 0.0000000000000
0.0000360024151 0.0000000000000
0.0000360024152 0.0000000000000
0.0000360024155 0.0530030470560
0.0000360024160 0.0000000000000
0.0000360024163 0.0000000000000
0.0000360024168 0.0315492611096
0.0000360024173 0.0000000000000
0.0000360024180 0.0000000000000
0.0000360024181 0.0000000000000
0.0000360024185 0.0447511965408
0.0000360024186 0.0910126047731
0.0000360024190 0.0000000000000
0.0000360024190 0.0000000000000
0.0000360024191 0.0000000000000
0.0000360024191 0.0000000000000
0.0000360024195 0.0310277526166
0.0000360024196 0.0697437100099
0.0000360024197 0.0000000000000
0.0000360024200 0.0000000000000
0.0000360024201 0.0000000000000
0.0000360024202 0.0625254236387
0.0000360024205 0.0000000000000
0.0000360024207 0.0000000000000
0.0000360024210 0.0586870890862
0.0000360024215 0.0000000000000
0.0000360024221 0.0000000000000
0.0000360024225 0.0000000000000
0.0000360024226 0.0440151565970
0.0000360024230 0.0154730208042
0.0000360024231 0.0000000000000
0.0000360024235 0.0000000000000
0.0000360024254 0.0000000000000
0.0000360024257 0.0000000000000
0.0000360024259 0.0583886035801
0.0000360024262 0.0472018859141
0.0000360024264 0.0000000000000
0.0000360024267 0.0000000000000
0.0000360024282 0.0000000000000
0.0000360024287 0.0371749839106
0.0000360024292 0.0000000000000
0.0000360024297 0.0000000000000
0.0000360024302 0.0458653501693
0.0000360024307 0.0000000000000
0.0000360024312 0.0000000000000
0.0000360024317 0.0024075908219
0.0000360024321 0.0000000000000
0.0000360024322 0.0000000000000
0.0000360024326 0.0352107153622
0.0000360024331 0.0000000000000
0.0000360024341 0.0000000000000
0.0000360024345 0.0000000000000
0.0000360024346 0.0808035352868
0.0000360024346 0.0000000000000
0.0000360024348 0.0000000000000
0.0000360024350 0.0216234564515
0.0000360024351 0.0000000000000
0.0000360024351 0.0439060483685
0.0000360024353 0.0318666523000
0.0000360024355 0.0000000000000
0.0000360024356 0.0000000000000
0.0000360024358 0.0000000000000
0.0000360024360 0.0000000000000
0.0000360024365 0.0655216541545
0.0000360024368 0.0000000000000
0.0000360024370 0.0000000000000
0.0000360024373 0.0221246173013
0.0000360024378 0.0000000000000
0.0000360024390 0.0000000000000
0.0000360024393 0.0000000000000
0.0000360024395 0.0267121296460
0.0000360024398 0.0656317236890
0.0000360024400 0.0000000000000
0.0000360024403 0.0000000000000
0.0000360024414 0.0000000000000
0.0000360024419 0.0338709752642
0.0000360024422 0.0000000000000
0.0000360024424 0.0000000000000
0.0000360024427 0.0751553820130
0.0000360024430 0.0000000000000
0.0000360024432 0.0000000000000
0.0000360024433 0.0000000000000
0.0000360024434 0.0000000000000
0.0000360024435 0.0528221613145
0.0000360024438 0.0584757619888
0.0000360024439 0.0734972894186
0.0000360024440 0.0000000000000
0.0000360024443 0.0000000000000
0.0000360024444 0.0000000000000
0.0000360024461 0.0000000000000
0.0000360024466 0.0615939181461
0.0000360024471 0.0000000000000
0.0000360024473 0.0000000000000
0.0000360024478 0.0894392673225
0.0000360024479 0.0000000000000
0.0000360024483 0.0000000000000
0.0000360024484 0.0591664603339
0.0000360024489 0.0000000000000
0.0000360024492 0.0000000000000
0.0000360024497 0.0724598800507
0.0000360024501 0.0000000000000
0.0000360024502 0.0000000000000
0.0000360024506 0.0586305322512
0.0000360024511 0.0000000000000
0.0000360024519 0.0000000000000
0.0000360024522 0.0000000000000
0.0000360024524 0.0844199683760
0.0000360024527 0.0642463215570
0.0000360024529 0.0000000000000
0.0000360024530 0.0000000000000
0.0000360024532 0.0000000000000
0.0000360024535 0.0284617065260
0.0000360024537 0.0000000000000
0.0000360024538 0.0000000000000
0.0000360024540 0.0000000000000
0.0000360024542 0.0489163751259
0.0000360024543 0.0346445061411
0.0000360024546 0.0000000000000
0.0000360024547 0.0000000000000
0.0000360024548 0.0000000000000
0.0000360024548 0.0000000000000
0.0000360024551 0.0837021932458
0.0000360024553 0.0802628006741
0.0000360024556 0.0000000000000
0.0000360024558 0.0000000000000
0.0000360024565 0.0000000000000
0.0000360024570 0.0743454817266
0.0000360024575 0.0000000000000
0.0000360024578 0.0000000000000
0.0000360024583 0.0362255340396
0.0000360024588 0.0000000000000
0.0000360024620 0.0000000000000
0.0000360024624 0.0000000000000
0.0000360024625 0.0620221799593
0.0000360024629 0.0072477664211
0.0000360024630 0.0000000000000
0.0000360024630 0.0000000000000
0.0000360024631 0.0000000000000
0.0000360024634 0.0000000000000
0.0000360024635 0.0551490024342
0.0000360024636 0.0388949205229
0.0000360024640 0.0000000000000
0.0000360024641 0.0000000000000
0.0000360024642 0.0000000000000
0.0000360024645 0.0000000000000
0.0000360024647 0.0628522676713
0.0000360024647 0.0000000000000
0.0000360024650 0.0602714815557
0.0000360024652 0.0000000000000
0.0000360024652 0.0353744578138
0.0000360024655 0.0000000000000
0.0000360024657 0.0000000000000
0.0000360024659 0.0000000000000
0.0000360024663 0.0000000000000
0.0000360024664 0.0265895631338
0.0000360024668 0.0209707296924
0.0000360024669 0.0000000000000
0.0000360024673 0.0000000000000
0.0000360024677 0.0000000000000
0.0000360024682 0.0507984520131
0.0000360024684 0.0000000000000
0.0000360024686 0.0000000000000
0.0000360024687 0.0000000000000
0.0000360024689 0.0307408027821
0.0000360024691 0.0047600667677
0.0000360024694 0.0000000000000
0.0000360024696 0.0000000000000
0.0000360024715 0.0000000000000
0.0000360024720 0.0217745417077
0.0000360024723 0.0000000000000
0.0000360024725 0.0000000000000
0.0000360024728 0.0463959910692
0.0000360024733 0.0000000000000
0.0000360024753 0.0000000000000
0.0000360024758 0.0295159387485
0.0000360024763 0.0000000000000
0.0000360024773 0.0000000000000
0.0000360024778 0.0250514735690
0.0000360024782 0.0000000000000
0.0000360024783 0.0000000000000
0.0000360024783 0.0000000000000
0.0000360024787 0.0000000000000
0.0000360024787 0.0465010938561
0.0000360024788 0.0593426997632
0.0000360024792 0.0402027773059
0.0000360024792 0.0000000000000
0.0000360024793 0.0000000000000
0.0000360024797 0.0000000000000
0.0000360024804 0.0000000000000
0.0000360024809 0.0322687986342
0.0000360024810 0.0000000000000
0.0000360024814 0.0000000000000
0.0000360024815 0.0342412382834
0.0000360024820 0.0000000000000
0.0000360024827 0.0000000000000
0.0000360024832 0.0772388525027
0.0000360024837 0.0000000000000
0.0000360024848 0.0000000000000
0.0000360024850 0.0000000000000
0.0000360024853 0.0847780548528
0.0000360024855 0.0862269031793
0.0000360024858 0.0000000000000
0.0000360024860 0.0000000000000
0.0000360024868 0.0000000000000
0.0000360024873 0.0668261463666
0.0000360024878 0.0000000000000
0.0000360024881 0.0000000000000
0.0000360024886 0.0437445489642
0.0000360024891 0.0000000000000
0.0000360024899 0.0000000000000
0.0000360024904 0.0283814374768
0.0000360024909 0.0000000000000
0.0000360024924 0.0000000000000
0.0000360024926 0.0000000000000
0.0000360024929 0.0383277499958
0.0000360024929 0.0000000000000
0.0000360024931 0.0266539706343
0.0000360024934 0.0000000000000
0.0000360024934 0.0343365677929
0.0000360024936 0.0000000000000
0.0000360024939 0.0000000000000
0.0000360024942 0.0000000000000
0.0000360024947 0.0178264580560
0.0000360024952 0.0000000000000
0.0000360024992 0.0000000000000
0.0000360024994 0.0000000000000
0.0000360024997 0.0538401843452
0.0000360024999 0.0457190714430
0.0000360025002 0.0000000000000
0.0000360025002 0.0000000000000
0.0000360025004 0.0000000000000
0.0000360025007 0.0124242388950
0.0000360025012 0.0000000000000
0.0000360025035 0.0000000000000
0.0000360025040 0.0397426321778
0.0000360025043 0.0000000000000
0.0000360025045 0.0000000000000
0.0000360025048 0.0169949283851
0.0000360025053 0.0000000000000
0.0000360025074 0.0000000000000
0.0000360025079 0.0332836173116
0.0000360025082 0.0000000000000
0.0000360025084 0.0000000000000
0.0000360025087 0.0718077941623
0.0000360025092 0.0000000000000
0.0000360025099 0.0000000000000
0.0000360025104 0.0505097397844
0.0000360025104 0.0000000000000
0.0000360025105 0.0000000000000
0.0000360025109 0.0000000000000
0.0000360025109 0.0000000000000
0.0000360025109 0.1242391845967
0.0000360025110 0.0368824264579
0.0000360025114 0.0597153660474
0.0000360025114 0.0000000000000
0.0000360025115 0.0000000000000
0.0000360025119 0.0000000000000
0.0000360025160 0.0000000000000
0.0000360025165 0.0545664510116
0.0000360025170 0.0000000000000
0.0000360025194 0.0000000000000
0.0000360025199 0.0758885380389
0.0000360025204 0.0000000000000
0.0000360025234 0.0000000000000
0.0000360025239 0.0950763655775
0.0000360025244 0.0000000000000
0.0000360025338 0.0000000000000
0.0000360025343 0.0239277068807
0.0000360025348 0.0000000000000
0.0000360025493 0.0000000000000
0.0000360025498 0.0193184049339
0.0000360025503 0.0000000000000
0.0000370027487 0.0000000000000
0.0000370027492 0.0613587186168
0.0000370027494 0.0000000000000
0.0000370027497 0.0000000000000
0.0000370027499 0.0574186458483
0.0000370027504 0.0000000000000
0.0000370027871 0.0000000000000
0.0000370027876 0.0595029174262
0.0000370027881 0.0000000000000
0.0000370028011 0.0000000000000
0.0000370028012 0.0000000000000
0.0000370028016 0.0198136377302
0.0000370028017 0.0448109577291
0.0000370028021 0.0000000000000
0.0000370028022 0.0000000000000
0.0000370028158 0.0000000000000
0.0000370028163 0.0311983844277
0.0000370028168 0.0000000000000
0.0000370028269 0.0000000000000
0.0000370028274 0.0322744062524
0.0000370028279 0.0000000000000
0.0000370028348 0.0000000000000
0.0000370028353 0.0629775578837
0.0000370028358 0.0000000000000
0.0000370028417 0.0000000000000
0.0000370028422 0.0496530559403
0.0000370028427 0.0000000000000
0.0000370028434 0.0000000000000
0.0000370028439 0.0741264641812
0.0000370028444 0.0000000000000
0.0000370028447 0.0000000000000
0.0000370028452 0.0356392976107
0.0000370028457 0.0000000000000
0.0000370028508 0.0000000000000
0.0000370028513 0.0194658051838
0.0000370028518 0.0000000000000
0.0000370028802 0.0000000000000
0.0000370028807 0.0429463445671
0.0000370028812 0.0000000000000
0.0000370028962 0.0000000000000
0.0000370028967 0.0576860491278
0.0000370028972 0.0000000000000
0.0000380035070 0.0000000000000
0.0000380035075 0.0112009770380
0.0000380035080 0.0000000000000
0.0000380035452 0.0000000000000
0.0000380035457 0.0758472018819
0.0000380035462 0.0000000000000
0.0000390027462 0.0000000000000
0.0000390027467 0.0717145474824
0.0000390027472 0.0000000000000
0.0000390027524 0.0000000000000
0.0000390027529 0.0025452177944
0.0000390027534 0.0000000000000
0.0000390027597 0.0000000000000
0.0000390027602 0.0443476082477
0.0000390027607 0.0000000000000
0.0000390027673 0.0000000000000
0.0000390027678 0.0192956540257
0.0000390027683 0.0000000000000
0.0000390027850 0.0000000000000
0.0000390027855 0.0305208239308
0.0000390027860 0.0000000000000
0.0000390027917 0.0000000000000
0.0000390027922 0.0157123859927
0.0000390027927 0.0000000000000
0.0000390028115 0.0000000000000
0.0000390028120 0.0646321256895
0.0000390028125 0.0000000000000
0.0000390028432 0.0000000000000
0.0000390028437 0.0346677377023
0.0000390028442 0.0000000000000
0.0000390028895 0.0000000000000
0.0000390028900 0.0331197146424
0.0000390028905 0.0000000000000
0.0000390029194 0.0000000000000
0.0000390029199 0.0453444825469
0.0000390029204 0.0000000000000
0.0000400028030 0.0000000000000
0.0000400028035 0.0636398977026
0.0000400028040 0.0000000000000
0.0000400028118 0.0000000000000
0.0000400028123 0.0634203995043
0.0000400028128 0.0000000000000
0.0000400028202 0.0000000000000
0.0000400028207 0.0357410358267
0.0000400028212 0.0000000000000
0.0000400028420 0.0000000000000
0.0000400028425 0.0341910901549
0.0000400028430 0.0000000000000
0.0000400028458 0.0000000000000
0.0000400028463 0.0646816329474
0.0000400028468 0.0000000000000
0.0000400028552 0.0000000000000
0.0000400028557 0.0639044170642
0.0000400028562 0.0000000000000
0.0000400028666 0.0000000000000
0.0000400028671 0.0085657169170
0.0000400028676 0.0000000000000
0.0000400028717 0.0000000000000
0.0000400028722 0.0279996387859
0.0000400028727 0.0000000000000
0.0000400028855 0.0000000000000
0.0000400028860 0.0506012240700
0.0000400028865 0.0000000000000
0.0000400029246 0.0000000000000
0.0000400029251 0.0373211024192
0.0000400029256 0.0000000000000
0.0000400029321 0.0000000000000
0.0000400029326 0.0472390564119
0.0000400029331 0.0000000000000
0.0000400029571 0.0000000000000
0.0000400029576 0.0221760471712
0.0000400029581 0.0000000000000
0.0000410031733 0.0000000000000
0.0000410031738 0.0455109486988
0.0000410031743 0.0000000000000
0.0000410031866 0.0000000000000
0.0000410031871 0.0401268341337
0.0000410031876 0.0000000000000
0.0000410032011 0.0000000000000
0.0000410032016 0.0249490944824
0.0000410032021 0.0000000000000
0.0000410032061 0.0000000000000
0.0000410032066 0.0516064296876
0.0000410032071 0.0000000000000
0.0000410032240 0.0000000000000
0.0000410032245 0.0373122904478
0.0000410032250 0.0000000000000
0.0000420028472 0.0000000000000
0.0000420028477 0.0591488363910
0.0000420028482 0.0000000000000
0.0000420028514 0.0000000000000
0.0000420028519 0.0521758432619
0.0000420028524 0.0000000000000
0.0000420028526 0.0000000000000
0.0000420028531 0.0213584564369
0.0000420028536 0.0000000000000
0.0000420028575 0.0000000000000
0.0000420028580 0.0449809486696
0.0000420028585 0.0000000000000
0.0000420028886 0.0000000000000
0.0000420028891 0.0331083391883
0.0000420028896 0.0000000000000
0.0000420029052 0.0000000000000
0.0000420029057 0.0263668605822
0.0000420029062 0.0000000000000
0.0000420029185 0.0000000000000
0.0000420029190 0.0593821133083
0.0000420029195 0.0000000000000
0.0000420029259 0.0000000000000
0.0000420029264 0.0476916713099
0.0000420029269 0.0000000000000
0.0000420029603 0.0000000000000
0.0000420029608 0.0439488264845
0.0000420029613 0.0000000000000
0.0000430026965 0.0000000000000
0.0000430026970 0.0394862839170
0.0000430026975 0.0000000000000
0.0000430027022 0.0000000000000
0.0000430027027 0.0384033727328
0.0000430027032 0.0000000000000
0.0000430027124 0.0000000000000
0.0000430027129 0.0440041015783
0.0000430027134 0.0000000000000
0.0000430027226 0.0000000000000
0.0000430027231 0.0384600897855
0.0000430027236 0.0000000000000
0.0000430027300 0.0000000000000
0.0000430027305 0.0267545873267
0.0000430027310 0.0000000000000
0.0000430027315 0.0000000000000
0.0000430027320 0.0282151315426
0.0000430027325 0.0000000000000
0.0000430027410 0.0000000000000
0.0000430027415 0.0335712080167
0.0000430027420 0.0000000000000
0.0000430027429 0.0000000000000
0.0000430027434 0.0883018821328
0.0000430027439 0.0000000000000
0.0000430027470 0.0000000000000
0.0000430027475 0.0345565466442
0.0000430027480 0.0000000000000
0.0000430027518 0.0000000000000
0.0000430027523 0.0543251632111
0.0000430027528 0.0000000000000
0.0000430027612 0.0000000000000
0.0000430027617 0.0268717064384
0.0000430027622 0.0000000000000
0.0000430027628 0.0000000000000
0.0000430027633 0.0265360504344
0.0000430027638 0.0000000000000
0.0000430027703 0.0000000000000
0.0000430027708 0.0408688021310
0.0000430027713 0.0000000000000
0.0000430027715 0.0000000000000
0.0000430027720 0.0580377268981
0.0000430027725 0.0000000000000
0.0000430027854 0.0000000000000
0.0000430027859 0.0467692982240
0.0000430027864 0.0000000000000
0.0000430027961 0.0000000000000
0.0000430027966 0.0458486875324
0.0000430027971 0.0000000000000
0.0000430028032 0.0000000000000
0.0000430028037 0.0402391467154
0.0000430028042 0.0000000000000
0.0000430028573 0.0000000000000
0.0000430028578 0.0463064293956
0.0000430028583 0.0000000000000
0.0000430028714 0.0000000000000
0.0000430028719 0.0158086768082
0.0000430028724 0.0000000000000
0.0000440025608 0.0000000000000
0.0000440025613 0.0651882411978
0.0000440025618 0.0000000000000
0.0000440025744 0.0000000000000
0.0000440025749 0.0281066641848
0.0000440025754 0.0000000000000
0.0000440025800 0.0000000000000
0.0000440025805 0.0263952191086
0.0000440025810 0.0000000000000
0.0000440025819 0.0000000000000
0.0000440025823 0.0000000000000
0.0000440025824 0.0264213345877
0.0000440025828 0.0419044491047
0.0000440025829 0.0000000000000
0.0000440025833 0.0000000000000
0.0000440025846 0.0000000000000
0.0000440025847 0.0000000000000
0.0000440025851 0.0308489497047
0.0000440025852 0.0172434259804
0.0000440025856 0.0000000000000
0.0000440025857 0.0000000000000
0.0000440025921 0.0000000000000
0.0000440025926 0.0571315357962
0.0000440025931 0.0000000000000
0.0000440025932 0.0000000000000
0.0000440025937 0.0632640270652
0.0000440025941 0.0000000000000
0.0000440025942 0.0000000000000
0.0000440025946 0.0443855798339
0.0000440025951 0.0000000000000
0.0000440025957 0.0000000000000
0.0000440025962 0.0435798452067
0.0000440025967 0.0000000000000
0.0000440025980 0.0000000000000
0.0000440025985 0.0511137603739
0.0000440025989 0.0000000000000
0.0000440025990 0.0000000000000
0.0000440025994 0.0185384653504
0.0000440025997 0.0000000000000
0.0000440025999 0.0000000000000
0.0000440026002 0.0424131401847
0.0000440026007 0.0000000000000
0.0000440026025 0.0000000000000
0.0000440026030 0.0403703649814
0.0000440026035 0.0000000000000
0.0000440026113 0.0000000000000
0.0000440026118 0.0426427320958
0.0000440026118 0.0000000000000
0.0000440026123 0.0000000000000
0.0000440026123 0.0194300766450
0.0000440026128 0.0000000000000
0.0000440026192 0.0000000000000
0.0000440026193 0.0000000000000
0.0000440026197 0.0488365867297
0.0000440026198 0.0485087813912
0.0000440026202 0.0000000000000
0.0000440026203 0.0000000000000
0.0000440026211 0.0000000000000
0.0000440026213 0.0000000000000
0.0000440026216 0.0000000000000
0.0000440026216 0.0204577127355
0.0000440026218 0.0498783219745
0.0000440026221 0.0503282131722
0.0000440026221 0.0000000000000
0.0000440026223 0.0000000000000
0.0000440026226 0.0000000000000
0.0000440026227 0.0000000000000
0.0000440026232 0.0598880806881
0.0000440026237 0.0000000000000
0.0000440026248 0.0000000000000
0.0000440026253 0.0174587585194
0.0000440026255 0.0000000000000
0.0000440026258 0.0000000000000
0.0000440026260 0.0251666700687
0.0000440026265 0.0000000000000
0.0000440026317 0.0000000000000
0.0000440026322 0.0000000000000
0.0000440026322 0.0648335192919
0.0000440026327 0.0418637538183
0.0000440026327 0.0000000000000
0.0000440026328 0.0000000000000
0.0000440026332 0.0000000000000
0.0000440026333 0.0507279562414
0.0000440026338 0.0000000000000
0.0000440026379 0.0000000000000
0.0000440026384 0.0380742856530
0.0000440026389 0.0000000000000
0.0000440026389 0.0000000000000
0.0000440026394 0.0213068663494
0.0000440026398 0.0000000000000
0.0000440026399 0.0000000000000
0.0000440026403 0.0409251987484
0.0000440026408 0.0000000000000
0.0000440026408 0.0000000000000
0.0000440026413 0.0408782549731
0.0000440026418 0.0000000000000
0.0000440026504 0.0000000000000
0.0000440026509 0.0506957524911
0.0000440026513 0.0000000000000
0.0000440026514 0.0000000000000
0.0000440026518 0.0473806888260
0.0000440026523 0.0000000000000
0.0000440026566 0.0000000000000
0.0000440026571 0.0469615594196
0.0000440026576 0.0000000000000
0.0000440026603 0.0000000000000
0.0000440026608 0.0712370988467
0.0000440026613 0.0000000000000
0.0000440026628 0.0000000000000
0.0000440026632 0.0000000000000
0.0000440026633 0.0307060355493
0.0000440026636 0.0000000000000
0.0000440026637 0.0132765968622
0.0000440026638 0.0000000000000
0.0000440026641 0.0507234701468
0.0000440026642 0.0000000000000
0.0000440026643 0.0000000000000
0.0000440026646 0.0000000000000
0.0000440026648 0.0180059018386
0.0000440026653 0.0000000000000
0.0000440026687 0.0000000000000
0.0000440026692 0.0796358689588
0.0000440026697 0.0000000000000
0.0000440026714 0.0000000000000
0.0000440026719 0.0622948704217
0.0000440026724 0.0000000000000
0.0000440026735 0.0000000000000
0.0000440026740 0.0219666426856
0.0000440026745 0.0000000000000
0.0000440026803 0.0000000000000
0.0000440026808 0.0425294582080
0.0000440026813 0.0000000000000
0.0000440026909 0.0000000000000
0.0000440026913 0.0000000000000
0.0000440026914 0.0395593431713
0.0000440026918 0.0520157858166
0.0000440026919 0.0000000000000
0.0000440026923 0.0000000000000
0.0000440026996 0.0000000000000
0.0000440027001 0.0287379217770
0.0000440027006 0.0000000000000
0.0000440027074 0.0000000000000
0.0000440027076 0.0000000000000
0.0000440027079 0.0139839578443
0.0000440027081 0.0733276189135
0.0000440027084 0.0000000000000
0.0000440027086 0.0000000000000
0.0000440027095 0.0000000000000
0.0000440027100 0.0224583506934
0.0000440027105 0.0000000000000
0.0000440027128 0.0000000000000
0.0000440027133 0.0329586958911
0.0000440027138 0.0000000000000
0.0000440027163 0.0000000000000
0.0000440027168 0.0727854423419
0.0000440027173 0.0000000000000
0.0000440027177 0.0000000000000
0.0000440027182 0.0251857359706
0.0000440027187 0.0000000000000
0.0000440027215 0.0000000000000
0.0000440027220 0.0460053804068
0.0000440027225 0.0000000000000
0.0000440027896 0.0000000000000
0.0000440027901 0.0408160905199
0.0000440027906 0.0000000000000
0.0000450023953 0.0000000000000
0.0000450023958 0.0544599062657
0.0000450023963 0.0000000000000
0.0000450023984 0.0000000000000
0.0000450023989 0.0717305692487
0.0000450023994 0.0000000000000
0.0000450024035 0.0000000000000
0.0000450024040 0.0090124037614
0.0000450024045 0.0000000000000
0.0000450024086 0.0000000000000
0.0000450024091 0.0648030779359
0.0000450024096 0.0000000000000
0.0000450024125 0.0000000000000
0.0000450024130 0.0425659878352
0.0000450024135 0.0000000000000
0.0000450024156 0.0000000000000
0.0000450024161 0.0431097665834
0.0000450024166 0.0000000000000
0.0000450024189 0.0000000000000
0.0000450024194 0.0361696180752
0.0000450024199 0.0000000000000
0.0000450024237 0.0000000000000
0.0000450024242 0.0187874435987
0.0000450024247 0.0000000000000
0.0000450024268 0.0000000000000
0.0000450024273 0.0212664914983
0.0000450024278 0.0000000000000
0.0000450024287 0.0000000000000
0.0000450024292 0.0290469816489
0.0000450024297 0.0000000000000
0.0000450024300 0.0000000000000
0.0000450024304 0.0000000000000
0.0000450024305 0.0486158067901
0.0000450024309 0.0395372331338
0.0000450024310 0.0000000000000
0.0000450024314 0.0000000000000
0.0000450024343 0.0000000000000
0.0000450024348 0.0453359910108
0.0000450024348 0.0000000000000
0.0000450024353 0.0000000000000
0.0000450024353 0.0165974283632
0.0000450024358 0.0000000000000
0.0000450024363 0.0000000000000
0.0000450024368 0.0495186333211
0.0000450024369 0.0000000000000
0.0000450024373 0.0000000000000
0.0000450024374 0.0455441137550
0.0000450024379 0.0000000000000
0.0000450024397 0.0000000000000
0.0000450024402 0.0201499346049
0.0000450024402 0.0000000000000
0.0000450024407 0.0000000000000
0.0000450024407 0.0665619474404
0.0000450024411 0.0000000000000
0.0000450024412 0.0000000000000
0.0000450024416 0.0422139896296
0.0000450024421 0.0000000000000
0.0000450024421 0.0000000000000
0.0000450024425 0.0000000000000
0.0000450024426 0.0514162513216
0.0000450024428 0.0000000000000
0.0000450024430 0.0364836446947
0.0000450024431 0.0000000000000
0.0000450024433 0.0082411159317
0.0000450024435 0.0000000000000
0.0000450024438 0.0000000000000
0.0000450024441 0.0000000000000
0.0000450024446 0.0232040036970
0.0000450024451 0.0000000000000
0.0000450024453 0.0000000000000
0.0000450024458 0.0058503479644
0.0000450024463 0.0000000000000
0.0000450024465 0.0000000000000
0.0000450024470 0.0407630584734
0.0000450024475 0.0000000000000
0.0000450024475 0.0000000000000
0.0000450024480 0.0000000000000
0.0000450024480 0.0737233565411
0.0000450024481 0.0000000000000
0.0000450024485 0.0344993489385
0.0000450024485 0.0000000000000
0.0000450024486 0.0282595118353
0.0000450024490 0.0000000000000
0.0000450024491 0.0000000000000
0.0000450024491 0.0000000000000
0.0000450024496 0.0525664539243
0.0000450024501 0.0000000000000
0.0000450024502 0.0000000000000
0.0000450024502 0.0000000000000
0.0000450024507 0.0544671160605
0.0000450024507 0.0436477774958
0.0000450024512 0.0000000000000
0.0000450024512 0.0000000000000
0.0000450024555 0.0000000000000
0.0000450024560 0.0338269154069
0.0000450024565 0.0000000000000
0.0000450024591 0.0000000000000
0.0000450024595 0.0000000000000
0.0000450024596 0.0452704619866
0.0000450024600 0.0320159751620
0.0000450024601 0.0000000000000
0.0000450024603 0.0000000000000
0.0000450024605 0.0000000000000
0.0000450024608 0.0494699271515
0.0000450024613 0.0000000000000
0.0000450024625 0.0000000000000
0.0000450024625 0.0000000000000
0.0000450024628 0.0000000000000
0.0000450024629 0.0000000000000
0.0000450024630 0.0335108059578
0.0000450024630 0.0612608256247
0.0000450024633 0.0306837652941
0.0000450024634 0.0267590734213
0.0000450024635 0.0000000000000
0.0000450024635 0.0000000000000
0.0000450024638 0.0000000000000
0.0000450024639 0.0000000000000
0.0000450024639 0.0000000000000
0.0000450024644 0.0265482269768
0.0000450024649 0.0000000000000
0.0000450024656 0.0000000000000
0.0000450024661 0.0657929026580
0.0000450024666 0.0000000000000
0.0000450024666 0.0000000000000
0.0000450024670 0.0000000000000
0.0000450024671 0.0625449701936
0.0000450024675 0.0857656365275
0.0000450024676 0.0000000000000
0.0000450024680 0.0000000000000
0.0000450024692 0.0000000000000
0.0000450024697 0.0234462528034
0.0000450024702 0.0000000000000
0.0000450024711 0.0000000000000
0.0000450024716 0.0523679442399
0.0000450024721 0.0000000000000
0.0000450024737 0.0000000000000
0.0000450024737 0.0000000000000
0.0000450024742 0.0417658608262
0.0000450024742 0.0231511318682
0.0000450024747 0.0000000000000
0.0000450024747 0.0000000000000
0.0000450024747 0.0000000000000
0.0000450024752 0.0273813588244
0.0000450024757 0.0000000000000
0.0000450024777 0.0000000000000
0.0000450024782 0.0653418899366
0.0000450024787 0.0000000000000
0.0000450024805 0.0000000000000
0.0000450024810 0.0682181174228
0.0000450024814 0.0000000000000
0.0000450024815 0.0000000000000
0.0000450024819 0.0462827171815
0.0000450024824 0.0000000000000
0.0000450024832 0.0000000000000
0.0000450024837 0.0358280340177
0.0000450024842 0.0000000000000
0.0000450024877 0.0000000000000
0.0000450024878 0.0000000000000
0.0000450024879 0.0000000000000
0.0000450024882 0.0338136173408
0.0000450024883 0.0815362106597
0.0000450024884 0.0389615710707
0.0000450024887 0.0000000000000
0.0000450024888 0.0000000000000
0.0000450024889 0.0000000000000
0.0000450024891 0.0000000000000
0.0000450024896 0.0171375221051
0.0000450024901 0.0000000000000
0.0000450024906 0.0000000000000
0.0000450024911 0.0569676331269
0.0000450024916 0.0000000000000
0.0000450024923 0.0000000000000
0.0000450024928 0.0179410136851
0.0000450024933 0.0000000000000
0.0000450024953 0.0000000000000
0.0000450024958 0.0327987986634
0.0000450024963 0.0000000000000
0.0000450024970 0.0000000000000
0.0000450024975 0.0000000000000
0.0000450024975 0.0395638292659
0.0000450024980 0.0267017154979
0.0000450024980 0.0000000000000
0.0000450024985 0.0000000000000
0.0000450024992 0.0000000000000
0.0000450024997 0.0345643973096
0.0000450024999 0.0000000000000
0.0000450025002 0.0000000000000
0.0000450025004 0.0404117011385
0.0000450025004 0.0000000000000
0.0000450025007 0.0000000000000
0.0000450025009 0.0000000000000
0.0000450025009 0.0588037275449
0.0000450025012 0.0512589175766
0.0000450025014 0.0000000000000
0.0000450025017 0.0000000000000
0.0000450025091 0.0000000000000
0.0000450025096 0.0502843135325
0.0000450025101 0.0000000000000
0.0000450025125 0.0000000000000
0.0000450025130 0.0460297334916
0.0000450025135 0.0000000000000
0.0000450025204 0.0000000000000
0.0000450025204 0.0000000000000
0.0000450025209 0.0462527564785
0.0000450025209 0.0342681548508
0.0000450025214 0.0000000000000
0.0000450025214 0.0000000000000
0.0000450025277 0.0000000000000
0.0000450025281 0.0000000000000
0.0000450025282 0.0598475456194
0.0000450025286 0.0194201431499
0.0000450025287 0.0000000000000
0.0000450025291 0.0000000000000
0.0000450025309 0.0000000000000
0.0000450025314 0.0539981589609
0.0000450025319 0.0000000000000
0.0000450025320 0.0000000000000
0.0000450025325 0.0000000000000
0.0000450025325 0.0525060518654
0.0000450025330 0.0584478841154
0.0000450025330 0.0000000000000
0.0000450025335 0.0000000000000
0.0000450025338 0.0000000000000
0.0000450025343 0.0348233090530
0.0000450025348 0.0000000000000
0.0000450025375 0.0000000000000
0.0000450025380 0.0220762315671
0.0000450025385 0.0000000000000
0.0000450025395 0.0000000000000
0.0000450025400 0.0565927237955
0.0000450025405 0.0000000000000
0.0000450025451 0.0000000000000
0.0000450025456 0.0413885482298
0.0000450025461 0.0000000000000
0.0000450025482 0.0000000000000
0.0000450025487 0.0307417640881
0.0000450025491 0.0000000000000
0.0000450025492 0.0000000000000
0.0000450025496 0.0233440339344
0.0000450025501 0.0000000000000
0.0000450025510 0.0000000000000
0.0000450025515 0.0456585091664
0.0000450025520 0.0000000000000
0.0000450025523 0.0000000000000
0.0000450025528 0.0399150263832
0.0000450025533 0.0000000000000
0.0000450025676 0.0000000000000
0.0000450025681 0.0725782809037
0.0000450025686 0.0000000000000
0.0000460028697 0.0000000000000
0.0000460028702 0.0091181474190
0.0000460028707 0.0000000000000
0.0000460028934 0.0000000000000
0.0000460028939 0.0585459373251
0.0000460028944 0.0000000000000
0.0000460029031 0.0000000000000
0.0000460029036 0.0209308354943
0.0000460029041 0.0000000000000
0.0000460029236 0.0000000000000
0.0000460029241 0.0344642612703
0.0000460029246 0.0000000000000
0.0000460029508 0.0000000000000
0.0000460029513 0.0364852468713
0.0000460029518 0.0000000000000
0.0000470034326 0.0000000000000
0.0000470034331 0.0474242680303
0.0000470034336 0.0000000000000
0.0000470034452 0.0000000000000
0.0000470034457 0.0212467847258
0.0000470034462 0.0000000000000
0.0000470034992 0.0000000000000
0.0000470034997 0.0448053501109
0.0000470035002 0.0000000000000
0.0000470035331 0.0000000000000
0.0000470035336 0.0740989067432
0.0000470035341 0.0000000000000
0.0000480026694 0.0000000000000
0.0000480026699 0.0243742335075
0.0000480026704 0.0000000000000
0.0000480026853 0.0000000000000
0.0000480026858 0.0375670365319
0.0000480026863 0.0000000000000
0.0000480027153 0.0000000000000
0.0000480027158 0.1073794799192
0.0000480027163 0.0000000000000
0.0000490028161 0.0000000000000
0.0000490028166 0.0217157418254
0.0000490028171 0.0000000000000
0.0000490028546 0.0000000000000
0.0000490028551 0.0114722255415
0.0000490028556 0.0000000000000
0.0000490028579 0.0000000000000
0.0000490028584 0.0453129196673
0.0000490028589 0.0000000000000
0.0000490028609 0.0000000000000
0.0000490028614 0.0305339617792
0.0000490028619 0.0000000000000
0.0000490028629 0.0000000000000
0.0000490028634 0.0066330112482
0.0000490028638 0.0000000000000
0.0000490028639 0.0000000000000
0.0000490028643 0.0491635909799
0.0000490028648 0.0000000000000
0.0000490028722 0.0000000000000
0.0000490028727 0.0276707119237
0.0000490028732 0.0000000000000
0.0000490028798 0.0000000000000
0.0000490028799 0.0000000000000
0.0000490028803 0.0249945962987
0.0000490028804 0.0300574744495
0.0000490028808 0.0000000000000
0.0000490028809 0.0000000000000
0.0000490028976 0.0000000000000
0.0000490028981 0.0895097630942
0.0000490028986 0.0000000000000
0.0000490029172 0.0000000000000
0.0000490029177 0.0075483347569
0.0000490029182 0.0000000000000
