0.0000000027832 0.0000000000000
0.0000000028032 0.1542761511853
0.0000000028226 0.1596214930760
0.0000000028267 0.1098888089571
0.0000000028274 0.2277458831659
0.0000000028359 0.1976017309608
0.0000000028780 0.1651691898750
0.0000000028967 0.2576867191567
0.0000000029261 0.0634038970850
0.0000000029272 0.1898156331920
0.0000000029585 0.1828096352243
0.0000000029749 0.1173466207345
0.0000000029949 0.0000000000000
0.0000010029472 0.0000000000000
0.0000010029672 0.1619094013036
0.0000010029743 0.1917074833567
0.0000010029837 0.2365846109806
0.0000010029869 0.2185053294524
0.0000010029881 0.1557897274477
0.0000010030010 0.0560292382747
0.0000010030229 0.1234835980980
0.0000010030303 0.1337883175292
0.0000010030308 0.0789438888723
0.0000010030491 0.1352855515899
0.0000010030499 0.1556993646857
0.0000010030648 0.1219632926938
0.0000010030760 0.0625906322276
0.0000010030825 0.2132695764432
0.0000010031025 0.0000000000000
0.0000020028134 0.0000000000000
0.0000020028334 0.0997076173441
0.0000020028727 0.0708021078917
0.0000020029005 0.0336942551819
0.0000020029098 0.1299680875726
0.0000020029168 0.1026045129088
0.0000020029562 0.1198388064824
0.0000020029762 0.0000000000000
0.0000030025730 0.0000000000000
0.0000030025930 0.1152754870049
0.0000030026055 0.1218296711629
0.0000030026145 0.2004620968983
0.0000030026163 0.1252283684481
0.0000030026223 0.0619763577076
0.0000030026235 0.1006665200572
0.0000030026263 0.0813514796942
0.0000030026275 0.0806684717969
0.0000030026280 0.2036858364955
0.0000030026331 0.1313018996171
0.0000030026852 0.1781992117538
0.0000030026898 0.1759420653175
0.0000030026901 0.2152138177837
0.0000030027101 0.0000000000000
0.0000040028065 0.0000000000000
0.0000040028265 0.0863954521608
0.0000040028446 0.1794066120622
0.0000040028513 0.1803434047377
0.0000040028567 0.2176334249303
0.0000040028629 0.0419783094473
0.0000040028770 0.2602279315095
0.0000040028959 0.0552020344807
0.0000040029170 0.1263752064798
0.0000040029568 0.1346361894018
0.0000040029768 0.0000000000000
