0.0000000000000 0.0000000000000
0.0000000000000 0.0000000000000
0.0000000006947 0.0000000000000
0.0000000006952 0.0360970394739
0.0000000006957 0.0000000000000
0.0000000007340 0.0000000000000
0.0000000007345 0.0469887964223
0.0000000007350 0.0000000000000
0.0000000007478 0.0000000000000
0.0000000007483 0.0553023307377
0.0000000007488 0.0000000000000
0.0000000007498 0.0000000000000
0.0000000007503 0.0251301404415
0.0000000007508 0.0000000000000
0.0000000007663 0.0000000000000
0.0000000007668 0.0472437027241
0.0000000007673 0.0000000000000
0.0000000007746 0.0000000000000
0.0000000007751 0.0490234005247
0.0000000007756 0.0000000000000
0.0000000008134 0.0000000000000
0.0000000008139 0.0397506430610
0.0000000008144 0.0000000000000
0.0000010004805 0.0000000000000
0.0000010004810 0.0717017300694
0.0000010004815 0.0000000000000
0.0000010004920 0.0000000000000
0.0000010004925 0.0538868076851
0.0000010004930 0.0000000000000
0.0000010005140 0.0000000000000
0.0000010005145 0.0504845856113
0.0000010005150 0.0000000000000
0.0000010005232 0.0000000000000
0.0000010005237 0.0615394441406
0.0000010005242 0.0000000000000
0.0000010005368 0.0000000000000
0.0000010005373 0.0283931333662
0.0000010005378 0.0000000000000
0.0000010005390 0.0000000000000
0.0000010005395 0.0291722718614
0.0000010005400 0.0000000000000
0.0000010005448 0.0000000000000
0.0000010005453 0.0686963671468
0.0000010005458 0.0000000000000
0.0000010005571 0.0000000000000
0.0000010005576 0.0000000000000
0.0000010005576 0.0469362450288
0.0000010005581 0.0326046148558
0.0000010005581 0.0000000000000
0.0000010005586 0.0000000000000
0.0000010005644 0.0000000000000
0.0000010005649 0.0612738032554
0.0000010005654 0.0000000000000
0.0000010005705 0.0000000000000
0.0000010005710 0.0230423440750
0.0000010005715 0.0000000000000
0.0000010005782 0.0000000000000
0.0000010005787 0.0469958459995
0.0000010005792 0.0000000000000
0.0000010005792 0.0000000000000
0.0000010005797 0.0246067093365
0.0000010005802 0.0000000000000
0.0000010005945 0.0000000000000
0.0000010005950 0.0475162329689
0.0000010005955 0.0000000000000
0.0000010005980 0.0000000000000
0.0000010005985 0.0748270960215
0.0000010005990 0.0000000000000
0.0000010006042 0.0000000000000
0.0000010006047 0.0343271149507
0.0000010006052 0.0000000000000
0.0000020004128 0.0000000000000
0.0000020004133 0.0424740228966
0.0000020004138 0.0000000000000
0.0000020004243 0.0000000000000
0.0000020004248 0.0603205081605
0.0000020004253 0.0000000000000
0.0000020004392 0.0000000000000
0.0000020004397 0.0257269512362
0.0000020004402 0.0000000000000
0.0000020004418 0.0000000000000
0.0000020004423 0.0352445212891
0.0000020004428 0.0000000000000
0.0000020004549 0.0000000000000
0.0000020004554 0.0362782456508
0.0000020004559 0.0000000000000
0.0000020004575 0.0000000000000
0.0000020004580 0.0370700413413
0.0000020004585 0.0000000000000
0.0000020004588 0.0000000000000
0.0000020004593 0.0353978495926
0.0000020004598 0.0000000000000
0.0000020004752 0.0000000000000
0.0000020004757 0.0213131148382
0.0000020004762 0.0000000000000
0.0000020004934 0.0000000000000
0.0000020004939 0.0323849564399
0.0000020004944 0.0000000000000
0.0000020004969 0.0000000000000
0.0000020004974 0.0433242980342
0.0000020004979 0.0000000000000
0.0000020005080 0.0000000000000
0.0000020005085 0.0485103835678
0.0000020005090 0.0000000000000
0.0000020005195 0.0000000000000
0.0000020005200 0.0250596446698
0.0000020005205 0.0000000000000
0.0000020005248 0.0000000000000
0.0000020005253 0.0578744650995
0.0000020005258 0.0000000000000
0.0000020005399 0.0000000000000
0.0000020005404 0.0298320481976
0.0000020005409 0.0000000000000
0.0000020005750 0.0000000000000
0.0000020005755 0.0737943329658
0.0000020005760 0.0000000000000
0.0000030005674 0.0000000000000
0.0000030005679 0.0498406708237
0.0000030005684 0.0000000000000
0.0000030005717 0.0000000000000
0.0000030005722 0.0504570281733
0.0000030005727 0.0000000000000
0.0000030006005 0.0000000000000
0.0000030006010 0.0435133548765
0.0000030006015 0.0000000000000
0.0000030006039 0.0000000000000
0.0000030006043 0.0000000000000
0.0000030006044 0.0481817771410
0.0000030006048 0.0234784565537
0.0000030006049 0.0000000000000
0.0000030006053 0.0000000000000
0.0000030006066 0.0000000000000
0.0000030006071 0.0427878892984
0.0000030006076 0.0000000000000
0.0000030006470 0.0000000000000
0.0000030006475 0.0519999242680
0.0000030006480 0.0000000000000
0.0000030006796 0.0000000000000
0.0000030006801 0.0638106897313
0.0000030006806 0.0000000000000
0.0000040004580 0.0000000000000
0.0000040004585 0.0559965538715
0.0000040004590 0.0000000000000
0.0000040005079 0.0000000000000
0.0000040005084 0.0640332320652
0.0000040005089 0.0000000000000
0.0000040005091 0.0000000000000
0.0000040005096 0.0311959811627
0.0000040005101 0.0000000000000
0.0000040005159 0.0000000000000
0.0000040005164 0.0331354159733
0.0000040005169 0.0000000000000
0.0000040005247 0.0000000000000
0.0000040005252 0.0224098047415
0.0000040005257 0.0000000000000
0.0000040005257 0.0000000000000
0.0000040005262 0.0168369537693
0.0000040005264 0.0000000000000
0.0000040005265 0.0000000000000
0.0000040005267 0.0000000000000
0.0000040005269 0.0606310099914
0.0000040005270 0.0410918251179
0.0000040005274 0.0000000000000
0.0000040005275 0.0000000000000
0.0000040005314 0.0000000000000
0.0000040005319 0.0338977316139
0.0000040005324 0.0000000000000
0.0000040005695 0.0000000000000
0.0000040005700 0.0507813087232
0.0000040005705 0.0000000000000
0.0000040005725 0.0000000000000
0.0000040005730 0.0226296233751
0.0000040005735 0.0000000000000
0.0000040005890 0.0000000000000
0.0000040005895 0.0274106786567
0.0000040005900 0.0000000000000
0.0000040005972 0.0000000000000
0.0000040005977 0.0343543519534
0.0000040005982 0.0000000000000
0.0000040006238 0.0000000000000
0.0000040006243 0.0397918190003
0.0000040006248 0.0000000000000
0.0000050005828 0.0000000000000
0.0000050005833 0.0484168164526
0.0000050005838 0.0000000000000
0.0000050005956 0.0000000000000
0.0000050005961 0.0505920916632
0.0000050005966 0.0000000000000
0.0000050006013 0.0000000000000
0.0000050006018 0.0482851175336
0.0000050006023 0.0000000000000
0.0000050006126 0.0000000000000
0.0000050006131 0.0736148891833
0.0000050006136 0.0000000000000
0.0000050006425 0.0000000000000
0.0000050006430 0.0209457357370
0.0000050006435 0.0000000000000
0.0000050006606 0.0000000000000
0.0000050006611 0.0371789893521
0.0000050006616 0.0000000000000
0.0000050006888 0.0000000000000
0.0000050006893 0.0597328297726
0.0000050006898 0.0000000000000
0.0000050006928 0.0000000000000
0.0000050006933 0.0296080639047
0.0000050006938 0.0000000000000
0.0000050007104 0.0000000000000
0.0000050007109 0.0286733540588
0.0000050007114 0.0000000000000
0.0000050007199 0.0000000000000
0.0000050007204 0.0637656685680
0.0000050007209 0.0000000000000
0.0000060005917 0.0000000000000
0.0000060005922 0.0171969628581
0.0000060005927 0.0000000000000
0.0000060006208 0.0000000000000
0.0000060006213 0.0555573972572
0.0000060006218 0.0000000000000
0.0000060006240 0.0000000000000
0.0000060006245 0.0594715147643
0.0000060006250 0.0000000000000
0.0000060006265 0.0000000000000
0.0000060006270 0.0441056795766
0.0000060006275 0.0000000000000
0.0000060006398 0.0000000000000
0.0000060006403 0.0274004247263
0.0000060006408 0.0000000000000
0.0000060006433 0.0000000000000
0.0000060006438 0.0479896761631
0.0000060006443 0.0000000000000
0.0000060006775 0.0000000000000
0.0000060006780 0.0667407503523
0.0000060006785 0.0000000000000
0.0000060007078 0.0000000000000
0.0000060007083 0.0417536842838
0.0000060007088 0.0000000000000
0.0000060007503 0.0000000000000
0.0000060007508 0.0737884049123
0.0000060007513 0.0000000000000
0.0000070006158 0.0000000000000
0.0000070006163 0.0335583906037
0.0000070006168 0.0000000000000
0.0000070006442 0.0000000000000
0.0000070006447 0.0366640497833
0.0000070006452 0.0000000000000
0.0000070006864 0.0000000000000
0.0000070006869 0.0283240795535
0.0000070006874 0.0000000000000
0.0000070006927 0.0000000000000
0.0000070006932 0.0453731615086
0.0000070006937 0.0000000000000
0.0000070007087 0.0000000000000
0.0000070007092 0.0444815502140
0.0000070007097 0.0000000000000
0.0000080005551 0.0000000000000
0.0000080005556 0.0341088984937
0.0000080005561 0.0000000000000
0.0000080005612 0.0000000000000
0.0000080005617 0.0791371113739
0.0000080005619 0.0000000000000
0.0000080005622 0.0000000000000
0.0000080005624 0.0407576110729
0.0000080005629 0.0000000000000
0.0000080005758 0.0000000000000
0.0000080005763 0.0236872201686
0.0000080005768 0.0000000000000
0.0000080005787 0.0000000000000
0.0000080005792 0.0439388929894
0.0000080005797 0.0000000000000
0.0000080005892 0.0000000000000
0.0000080005897 0.0511823335337
0.0000080005902 0.0000000000000
0.0000080005994 0.0000000000000
0.0000080005999 0.0333469032885
0.0000080006004 0.0000000000000
0.0000080006066 0.0000000000000
0.0000080006071 0.0606487941520
0.0000080006076 0.0000000000000
0.0000080006185 0.0000000000000
0.0000080006190 0.0505691805374
0.0000080006195 0.0000000000000
0.0000080006272 0.0000000000000
0.0000080006277 0.0399634121174
0.0000080006282 0.0000000000000
0.0000080006315 0.0000000000000
0.0000080006320 0.0476065957308
0.0000080006325 0.0000000000000
0.0000080006391 0.0000000000000
0.0000080006396 0.0462349723179
0.0000080006401 0.0000000000000
0.0000080006594 0.0000000000000
0.0000080006599 0.0584078296996
0.0000080006604 0.0000000000000
0.0000090005216 0.0000000000000
0.0000090005221 0.0506311847729
0.0000090005226 0.0000000000000
0.0000090005317 0.0000000000000
0.0000090005322 0.0263862469195
0.0000090005327 0.0000000000000
0.0000090005361 0.0000000000000
0.0000090005366 0.0527404503063
0.0000090005371 0.0000000000000
0.0000090005555 0.0000000000000
0.0000090005560 0.0532744557771
0.0000090005565 0.0000000000000
0.0000090005687 0.0000000000000
0.0000090005692 0.0172160287600
0.0000090005697 0.0000000000000
0.0000090005783 0.0000000000000
0.0000090005788 0.0631329690168
0.0000090005793 0.0000000000000
0.0000090005794 0.0000000000000
0.0000090005799 0.0919618944264
0.0000090005804 0.0000000000000
0.0000090006004 0.0000000000000
0.0000090006009 0.0245463072776
0.0000090006014 0.0000000000000
0.0000090006092 0.0000000000000
0.0000090006097 0.0315165767064
0.0000090006102 0.0000000000000
0.0000090006102 0.0000000000000
0.0000090006107 0.0647425156593
0.0000090006109 0.0000000000000
0.0000090006112 0.0000000000000
0.0000090006114 0.0327334298569
0.0000090006119 0.0000000000000
0.0000090006165 0.0000000000000
0.0000090006170 0.0577075182947
0.0000090006175 0.0000000000000
0.0000090006309 0.0000000000000
0.0000090006314 0.0411647241546
0.0000090006319 0.0000000000000
0.0000090006501 0.0000000000000
0.0000090006506 0.0346105399966
0.0000090006511 0.0000000000000
0.0000090006516 0.0000000000000
0.0000090006521 0.0450286935332
0.0000090006526 0.0000000000000
0.0000100006578 0.0000000000000
0.0000100006583 0.0895975623735
0.0000100006588 0.0000000000000
0.0000100006715 0.0000000000000
0.0000100006720 0.0545507496806
0.0000100006725 0.0000000000000
0.0000100006902 0.0000000000000
0.0000100006907 0.0510259610946
0.0000100006912 0.0000000000000
0.0000100007064 0.0000000000000
0.0000100007069 0.0135536132015
0.0000100007074 0.0000000000000
0.0000100007074 0.0000000000000
0.0000100007079 0.0285541521175
0.0000100007084 0.0000000000000
0.0000110005694 0.0000000000000
0.0000110005699 0.0275800287265
0.0000110005704 0.0000000000000
0.0000110005955 0.0000000000000
0.0000110005960 0.0599659464723
0.0000110005965 0.0000000000000
0.0000110006179 0.0000000000000
0.0000110006184 0.0630426062549
0.0000110006189 0.0000000000000
0.0000110006402 0.0000000000000
0.0000110006407 0.0675850974363
0.0000110006412 0.0000000000000
0.0000110006457 0.0000000000000
0.0000110006462 0.0722668177668
0.0000110006467 0.0000000000000
0.0000110006502 0.0000000000000
0.0000110006507 0.0209016758797
0.0000110006512 0.0000000000000
0.0000110006676 0.0000000000000
0.0000110006681 0.0620109647228
0.0000110006686 0.0000000000000
0.0000110006754 0.0000000000000
0.0000110006759 0.0534317895222
0.0000110006764 0.0000000000000
0.0000120004321 0.0000000000000
0.0000120004326 0.0291386261521
0.0000120004331 0.0000000000000
0.0000120004351 0.0000000000000
0.0000120004356 0.0316364195183
0.0000120004361 0.0000000000000
0.0000120004430 0.0000000000000
0.0000120004435 0.0488828896343
0.0000120004440 0.0000000000000
0.0000120004518 0.0000000000000
0.0000120004523 0.0562008313918
0.0000120004528 0.0000000000000
0.0000120004544 0.0000000000000
0.0000120004549 0.0299220905242
0.0000120004554 0.0000000000000
0.0000120004743 0.0000000000000
0.0000120004748 0.0707022922876
0.0000120004753 0.0000000000000
0.0000120004766 0.0000000000000
0.0000120004771 0.0386706157947
0.0000120004776 0.0000000000000
0.0000120004871 0.0000000000000
0.0000120004876 0.0607090359933
0.0000120004881 0.0000000000000
0.0000120004910 0.0000000000000
0.0000120004915 0.0553739480331
0.0000120004920 0.0000000000000
0.0000120005064 0.0000000000000
0.0000120005069 0.0738029847196
0.0000120005074 0.0000000000000
0.0000120005076 0.0000000000000
0.0000120005081 0.0530549575788
0.0000120005086 0.0000000000000
0.0000120005095 0.0000000000000
0.0000120005100 0.0688091603816
0.0000120005105 0.0000000000000
0.0000120005229 0.0000000000000
0.0000120005234 0.0624784798635
0.0000120005239 0.0000000000000
0.0000120005282 0.0000000000000
0.0000120005287 0.0393779767768
0.0000120005292 0.0000000000000
0.0000120005355 0.0000000000000
0.0000120005360 0.0657679087025
0.0000120005365 0.0000000000000
0.0000120005424 0.0000000000000
0.0000120005429 0.0634588517434
0.0000120005434 0.0000000000000
0.0000120005464 0.0000000000000
0.0000120005469 0.0577491748870
0.0000120005474 0.0000000000000
0.0000130005477 0.0000000000000
0.0000130005482 0.0422561268749
0.0000130005487 0.0000000000000
0.0000130005573 0.0000000000000
0.0000130005578 0.0437801172854
0.0000130005583 0.0000000000000
0.0000130005695 0.0000000000000
0.0000130005700 0.0155154784849
0.0000130005705 0.0000000000000
0.0000130005771 0.0000000000000
0.0000130005776 0.0739696110892
0.0000130005781 0.0000000000000
0.0000130005919 0.0000000000000
0.0000130005924 0.0310681274677
0.0000130005929 0.0000000000000
0.0000130005938 0.0000000000000
0.0000130005943 0.0569094741153
0.0000130005948 0.0000000000000
0.0000130006009 0.0000000000000
0.0000130006014 0.0310070845381
0.0000130006019 0.0000000000000
0.0000130006424 0.0000000000000
0.0000130006429 0.0601130262869
0.0000130006434 0.0000000000000
0.0000130006498 0.0000000000000
0.0000130006503 0.0466300690748
0.0000130006508 0.0000000000000
0.0000130006609 0.0000000000000
0.0000130006614 0.0639183560009
0.0000130006619 0.0000000000000
0.0000140006980 0.0000000000000
0.0000140006985 0.0229587104549
0.0000140006990 0.0000000000000
0.0000140007208 0.0000000000000
0.0000140007213 0.0447116227781
0.0000140007218 0.0000000000000
0.0000140007272 0.0000000000000
0.0000140007277 0.0629765965777
0.0000140007282 0.0000000000000
0.0000140007504 0.0000000000000
0.0000140007509 0.0155005782423
0.0000140007514 0.0000000000000
0.0000140007943 0.0000000000000
0.0000140007948 0.0550320435402
0.0000140007953 0.0000000000000
0.0000140008044 0.0000000000000
0.0000140008049 0.0677927395275
0.0000140008054 0.0000000000000
0.0000150004763 0.0000000000000
0.0000150004768 0.0527678475267
0.0000150004773 0.0000000000000
0.0000150004889 0.0000000000000
0.0000150004894 0.0709406961702
0.0000150004899 0.0000000000000
0.0000150004924 0.0000000000000
0.0000150004929 0.0601484343905
0.0000150004934 0.0000000000000
0.0000150004964 0.0000000000000
0.0000150004969 0.0573564813950
0.0000150004974 0.0000000000000
0.0000150005075 0.0000000000000
0.0000150005080 0.0825827524344
0.0000150005085 0.0000000000000
0.0000150005307 0.0000000000000
0.0000150005312 0.0395351503042
0.0000150005317 0.0000000000000
0.0000150005402 0.0000000000000
0.0000150005407 0.0418121637308
0.0000150005412 0.0000000000000
0.0000150005459 0.0000000000000
0.0000150005464 0.0435963476259
0.0000150005469 0.0000000000000
0.0000160005830 0.0000000000000
0.0000160005835 0.0063559949089
0.0000160005840 0.0000000000000
0.0000160006724 0.0000000000000
0.0000160006729 0.0247943242199
0.0000160006734 0.0000000000000
0.0000160006830 0.0000000000000
0.0000160006835 0.0876195151061
0.0000160006840 0.0000000000000
0.0000160006980 0.0000000000000
0.0000160006985 0.0641235948272
0.0000160006990 0.0000000000000
0.0000160007069 0.0000000000000
0.0000160007074 0.0536238905001
0.0000160007079 0.0000000000000
0.0000160007117 0.0000000000000
0.0000160007122 0.0415921848795
0.0000160007127 0.0000000000000
0.0000160007267 0.0000000000000
0.0000160007272 0.0243498804227
0.0000160007277 0.0000000000000
0.0000160007439 0.0000000000000
0.0000160007444 0.0564970738507
0.0000160007449 0.0000000000000
0.0000170005682 0.0000000000000
0.0000170005687 0.0270168636410
0.0000170005692 0.0000000000000
0.0000170006035 0.0000000000000
0.0000170006040 0.0880085235919
0.0000170006045 0.0000000000000
0.0000170006300 0.0000000000000
0.0000170006305 0.0189084079343
0.0000170006310 0.0000000000000
0.0000170006418 0.0000000000000
0.0000170006423 0.0624158347572
0.0000170006428 0.0000000000000
0.0000170006528 0.0000000000000
0.0000170006533 0.0531225694326
0.0000170006538 0.0000000000000
0.0000180006350 0.0000000000000
0.0000180006355 0.0444584788705
0.0000180006360 0.0000000000000
0.0000180006416 0.0000000000000
0.0000180006421 0.0605012336844
0.0000180006426 0.0000000000000
0.0000180006577 0.0000000000000
0.0000180006582 0.0414226745920
0.0000180006587 0.0000000000000
0.0000180006813 0.0000000000000
0.0000180006818 0.0170154362459
0.0000180006823 0.0000000000000
0.0000180007105 0.0000000000000
0.0000180007110 0.0306390645661
0.0000180007115 0.0000000000000
0.0000180007168 0.0000000000000
0.0000180007173 0.0529647550345
0.0000180007178 0.0000000000000
0.0000180007229 0.0000000000000
0.0000180007234 0.0724143782344
0.0000180007239 0.0000000000000
0.0000180007468 0.0000000000000
0.0000180007473 0.0327678766544
0.0000180007478 0.0000000000000
0.0000190004896 0.0000000000000
0.0000190004901 0.0302495754274
0.0000190004906 0.0000000000000
0.0000190004987 0.0000000000000
0.0000190004992 0.0515364145689
0.0000190004997 0.0000000000000
0.0000190005072 0.0000000000000
0.0000190005077 0.0433071547442
0.0000190005082 0.0000000000000
0.0000190005510 0.0000000000000
0.0000190005515 0.0780279244930
0.0000190005520 0.0000000000000
0.0000190005637 0.0000000000000
0.0000190005642 0.0169909229435
0.0000190005647 0.0000000000000
0.0000190005876 0.0000000000000
0.0000190005881 0.0532981679912
0.0000190005886 0.0000000000000
0.0000190006131 0.0000000000000
0.0000190006136 0.0396341648200
0.0000190006141 0.0000000000000
0.0000190006297 0.0000000000000
0.0000190006302 0.0208455996976
0.0000190006307 0.0000000000000
0.0000200004247 0.0000000000000
0.0000200004252 0.0299557362334
0.0000200004257 0.0000000000000
0.0000200004355 0.0000000000000
0.0000200004360 0.0554458857638
0.0000200004365 0.0000000000000
0.0000200004376 0.0000000000000
0.0000200004381 0.0533247641233
0.0000200004386 0.0000000000000
0.0000200004386 0.0000000000000
0.0000200004391 0.0584876180958
0.0000200004396 0.0000000000000
0.0000200004403 0.0000000000000
0.0000200004408 0.0685890213126
0.0000200004413 0.0000000000000
0.0000200004433 0.0000000000000
0.0000200004438 0.0431030374416
0.0000200004443 0.0000000000000
0.0000200004484 0.0000000000000
0.0000200004489 0.0452017286092
0.0000200004494 0.0000000000000
0.0000200004581 0.0000000000000
0.0000200004586 0.0566332588643
0.0000200004591 0.0000000000000
0.0000200004664 0.0000000000000
0.0000200004669 0.0422691045056
0.0000200004674 0.0000000000000
0.0000200004704 0.0000000000000
0.0000200004709 0.0617594229919
0.0000200004714 0.0000000000000
0.0000200004907 0.0000000000000
0.0000200004912 0.0724444991551
0.0000200004915 0.0000000000000
0.0000200004917 0.0000000000000
0.0000200004920 0.0616241992844
0.0000200004925 0.0000000000000
0.0000200005064 0.0000000000000
0.0000200005069 0.0169173830362
0.0000200005074 0.0000000000000
0.0000200005120 0.0000000000000
0.0000200005125 0.0791976736505
0.0000200005130 0.0000000000000
0.0000200005371 0.0000000000000
0.0000200005376 0.0713093570127
0.0000200005381 0.0000000000000
0.0000200005399 0.0000000000000
0.0000200005404 0.0926167040151
0.0000200005409 0.0000000000000
0.0000200005427 0.0000000000000
0.0000200005432 0.0248853278525
0.0000200005437 0.0000000000000
0.0000200005516 0.0000000000000
0.0000200005521 0.0871776347916
0.0000200005526 0.0000000000000
0.0000210005461 0.0000000000000
0.0000210005466 0.0272328370508
0.0000210005471 0.0000000000000
0.0000210005642 0.0000000000000
0.0000210005647 0.0399489925277
0.0000210005652 0.0000000000000
0.0000210005670 0.0000000000000
0.0000210005675 0.0279703189536
0.0000210005680 0.0000000000000
0.0000210005920 0.0000000000000
0.0000210005925 0.0470105860245
0.0000210005930 0.0000000000000
0.0000210005989 0.0000000000000
0.0000210005993 0.0000000000000
0.0000210005994 0.0203473227657
0.0000210005998 0.0332110387103
0.0000210005999 0.0000000000000
0.0000210006003 0.0000000000000
0.0000210006210 0.0000000000000
0.0000210006215 0.0241805303529
0.0000210006220 0.0000000000000
0.0000210006260 0.0000000000000
0.0000210006264 0.0000000000000
0.0000210006265 0.0469224663098
0.0000210006269 0.0281388679350
0.0000210006270 0.0000000000000
0.0000210006274 0.0000000000000
0.0000210006316 0.0000000000000
0.0000210006319 0.0000000000000
0.0000210006321 0.0532113300179
0.0000210006324 0.0427436692235
0.0000210006326 0.0000000000000
0.0000210006329 0.0000000000000
0.0000210006696 0.0000000000000
0.0000210006701 0.0416875143890
0.0000210006706 0.0000000000000
0.0000210006940 0.0000000000000
0.0000210006945 0.0518674242607
0.0000210006950 0.0000000000000
0.0000220004109 0.0000000000000
0.0000220004110 0.0000000000000
0.0000220004114 0.0441011934821
0.0000220004115 0.0292480548160
0.0000220004119 0.0000000000000
0.0000220004120 0.0000000000000
0.0000220004159 0.0000000000000
0.0000220004164 0.0440502442652
0.0000220004169 0.0000000000000
0.0000220004190 0.0000000000000
0.0000220004195 0.0668331959438
0.0000220004200 0.0000000000000
0.0000220004238 0.0000000000000
0.0000220004243 0.0548908917791
0.0000220004248 0.0000000000000
0.0000220004304 0.0000000000000
0.0000220004309 0.0257623593397
0.0000220004314 0.0000000000000
0.0000220004335 0.0000000000000
0.0000220004340 0.0000000000000
0.0000220004340 0.0493880559257
0.0000220004345 0.0638536280650
0.0000220004345 0.0000000000000
0.0000220004350 0.0000000000000
0.0000220004494 0.0000000000000
0.0000220004499 0.0827480970626
0.0000220004504 0.0000000000000
0.0000220004558 0.0000000000000
0.0000220004563 0.0609136339490
0.0000220004568 0.0000000000000
0.0000220004709 0.0000000000000
0.0000220004714 0.0970223693123
0.0000220004719 0.0000000000000
0.0000220004859 0.0000000000000
0.0000220004864 0.0638747767965
0.0000220004866 0.0000000000000
0.0000220004869 0.0000000000000
0.0000220004870 0.0000000000000
0.0000220004871 0.0690108744193
0.0000220004875 0.0530453445190
0.0000220004876 0.0000000000000
0.0000220004880 0.0000000000000
0.0000220004897 0.0000000000000
0.0000220004902 0.0172969386798
0.0000220004907 0.0000000000000
0.0000220005012 0.0000000000000
0.0000220005017 0.0384113836159
0.0000220005022 0.0000000000000
0.0000220005058 0.0000000000000
0.0000220005063 0.0659648162104
0.0000220005068 0.0000000000000
0.0000220005183 0.0000000000000
0.0000220005188 0.0474375660964
0.0000220005193 0.0000000000000
0.0000220005204 0.0000000000000
0.0000220005209 0.0610291508840
0.0000220005214 0.0000000000000
0.0000220005608 0.0000000000000
0.0000220005613 0.0411631219780
0.0000220005618 0.0000000000000
0.0000230003925 0.0000000000000
0.0000230003930 0.0542482587328
0.0000230003935 0.0000000000000
0.0000230003969 0.0000000000000
0.0000230003974 0.0641160645970
0.0000230003979 0.0000000000000
0.0000230004177 0.0000000000000
0.0000230004182 0.0577677601360
0.0000230004187 0.0000000000000
0.0000230004235 0.0000000000000
0.0000230004240 0.0285696932308
0.0000230004242 0.0000000000000
0.0000230004245 0.0000000000000
0.0000230004247 0.0978067949903
0.0000230004252 0.0000000000000
0.0000230004263 0.0000000000000
0.0000230004268 0.0529897489900
0.0000230004273 0.0000000000000
0.0000230004286 0.0000000000000
0.0000230004291 0.1036435244534
0.0000230004296 0.0000000000000
0.0000230004403 0.0000000000000
0.0000230004408 0.1018058278588
0.0000230004413 0.0000000000000
0.0000230004562 0.0000000000000
0.0000230004567 0.0112810858695
0.0000230004572 0.0000000000000
0.0000230004578 0.0000000000000
0.0000230004583 0.0288031303658
0.0000230004588 0.0000000000000
0.0000230004631 0.0000000000000
0.0000230004636 0.0594687910640
0.0000230004641 0.0000000000000
0.0000230004647 0.0000000000000
0.0000230004652 0.0070535826136
0.0000230004657 0.0000000000000
0.0000230004666 0.0000000000000
0.0000230004671 0.0392717524662
0.0000230004676 0.0000000000000
0.0000230004812 0.0000000000000
0.0000230004817 0.0879939437845
0.0000230004822 0.0000000000000
0.0000230004917 0.0000000000000
0.0000230004922 0.0418363565979
0.0000230004927 0.0000000000000
0.0000230005024 0.0000000000000
0.0000230005029 0.0270267971361
0.0000230005034 0.0000000000000
0.0000230005067 0.0000000000000
0.0000230005072 0.0476059548602
0.0000230005077 0.0000000000000
0.0000230005081 0.0000000000000
0.0000230005086 0.0184782235091
0.0000230005091 0.0000000000000
0.0000230005156 0.0000000000000
0.0000230005161 0.0344149142301
0.0000230005166 0.0000000000000
0.0000230005191 0.0000000000000
0.0000230005196 0.0607489301914
0.0000230005201 0.0000000000000
0.0000230005243 0.0000000000000
0.0000230005248 0.0208101915941
0.0000230005253 0.0000000000000
0.0000240007842 0.0000000000000
0.0000240007847 0.0377604192512
0.0000240007852 0.0000000000000
0.0000240008014 0.0000000000000
0.0000240008019 0.0243117486189
0.0000240008024 0.0000000000000
0.0000250007268 0.0000000000000
0.0000250007273 0.0278972596992
0.0000250007278 0.0000000000000
0.0000250007365 0.0000000000000
0.0000250007370 0.0701384863315
0.0000250007375 0.0000000000000
0.0000250007732 0.0000000000000
0.0000250007737 0.0610903540312
0.0000250007742 0.0000000000000
0.0000250008062 0.0000000000000
0.0000250008067 0.0264746870694
0.0000250008072 0.0000000000000
0.0000250008215 0.0000000000000
0.0000250008220 0.0724182234583
0.0000250008225 0.0000000000000
0.0000250008257 0.0000000000000
0.0000250008262 0.0238475980492
0.0000250008267 0.0000000000000
0.0000260006298 0.0000000000000
0.0000260006303 0.0674956959803
0.0000260006308 0.0000000000000
0.0000260006524 0.0000000000000
0.0000260006529 0.0510916503364
0.0000260006534 0.0000000000000
0.0000260006545 0.0000000000000
0.0000260006550 0.0483416743687
0.0000260006555 0.0000000000000
0.0000260006745 0.0000000000000
0.0000260006750 0.0278830003272
0.0000260006755 0.0000000000000
0.0000260007007 0.0000000000000
0.0000260007012 0.0154600431735
0.0000260007017 0.0000000000000
0.0000260007207 0.0000000000000
0.0000260007209 0.0000000000000
0.0000260007212 0.0477354107319
0.0000260007214 0.0398868280745
0.0000260007217 0.0000000000000
0.0000260007219 0.0000000000000
0.0000260007636 0.0000000000000
0.0000260007641 0.0687796803316
0.0000260007646 0.0000000000000
0.0000270006395 0.0000000000000
0.0000270006400 0.0854323837885
0.0000270006405 0.0000000000000
0.0000270006639 0.0000000000000
0.0000270006644 0.0691336011492
0.0000270006649 0.0000000000000
0.0000270006689 0.0000000000000
0.0000270006694 0.0262982874225
0.0000270006699 0.0000000000000
0.0000270006762 0.0000000000000
0.0000270006767 0.0348710539166
0.0000270006772 0.0000000000000
0.0000270006792 0.0000000000000
0.0000270006797 0.0615951998874
0.0000270006802 0.0000000000000
0.0000270006850 0.0000000000000
0.0000270006855 0.0567249033675
0.0000270006860 0.0000000000000
0.0000270006941 0.0000000000000
0.0000270006946 0.0220739885198
0.0000270006951 0.0000000000000
0.0000270007075 0.0000000000000
0.0000270007080 0.0325768972001
0.0000270007085 0.0000000000000
0.0000270007296 0.0000000000000
0.0000270007301 0.0699694566970
0.0000270007306 0.0000000000000
0.0000270007848 0.0000000000000
0.0000270007853 0.0551512454815
0.0000270007858 0.0000000000000
0.0000280005602 0.0000000000000
0.0000280005607 0.0499489779639
0.0000280005612 0.0000000000000
0.0000280005911 0.0000000000000
0.0000280005916 0.0609615390302
0.0000280005921 0.0000000000000
0.0000280005961 0.0000000000000
0.0000280005966 0.0451470943861
0.0000280005971 0.0000000000000
0.0000280005981 0.0000000000000
0.0000280005986 0.0674439456752
0.0000280005991 0.0000000000000
0.0000280006346 0.0000000000000
0.0000280006351 0.0205701855349
0.0000280006356 0.0000000000000
0.0000280006512 0.0000000000000
0.0000280006517 0.0289114375060
0.0000280006522 0.0000000000000
0.0000280006536 0.0000000000000
0.0000280006541 0.0325946813607
0.0000280006546 0.0000000000000
0.0000280006610 0.0000000000000
0.0000280006615 0.0178301430623
0.0000280006620 0.0000000000000
0.0000280006692 0.0000000000000
0.0000280006697 0.0696341211284
0.0000280006702 0.0000000000000
0.0000280006756 0.0000000000000
0.0000280006756 0.0000000000000
0.0000280006761 0.0356367341281
0.0000280006761 0.0338099323346
0.0000280006766 0.0000000000000
0.0000280006766 0.0000000000000
0.0000290005598 0.0000000000000
0.0000290005603 0.0170280934413
0.0000290005608 0.0000000000000
0.0000290005624 0.0000000000000
0.0000290005629 0.0673080810970
0.0000290005634 0.0000000000000
0.0000290005634 0.0000000000000
0.0000290005639 0.0461984426907
0.0000290005644 0.0000000000000
0.0000290005727 0.0000000000000
0.0000290005732 0.0444882793559
0.0000290005737 0.0000000000000
0.0000290005785 0.0000000000000
0.0000290005790 0.0396159000064
0.0000290005795 0.0000000000000
0.0000290005804 0.0000000000000
0.0000290005809 0.0154139004866
0.0000290005814 0.0000000000000
0.0000290005929 0.0000000000000
0.0000290005934 0.0422445912032
0.0000290005939 0.0000000000000
0.0000290006041 0.0000000000000
0.0000290006046 0.0256599802531
0.0000290006051 0.0000000000000
0.0000290006328 0.0000000000000
0.0000290006333 0.0369191163028
0.0000290006338 0.0000000000000
0.0000290006466 0.0000000000000
0.0000290006471 0.0521431588587
0.0000290006476 0.0000000000000
0.0000300004938 0.0000000000000
0.0000300004943 0.0557453325759
0.0000300004948 0.0000000000000
0.0000300005073 0.0000000000000
0.0000300005078 0.0193837737404
0.0000300005083 0.0000000000000
0.0000300005125 0.0000000000000
0.0000300005130 0.0695500068553
0.0000300005135 0.0000000000000
0.0000300005303 0.0000000000000
0.0000300005308 0.0401938051168
0.0000300005313 0.0000000000000
0.0000300005318 0.0000000000000
0.0000300005323 0.0668953603971
0.0000300005328 0.0000000000000
0.0000300005627 0.0000000000000
0.0000300005632 0.0816650256607
0.0000300005637 0.0000000000000
0.0000300005698 0.0000000000000
0.0000300005703 0.0529070766759
0.0000300005708 0.0000000000000
0.0000300005761 0.0000000000000
0.0000300005766 0.0693306688747
0.0000300005771 0.0000000000000
0.0000310006603 0.0000000000000
0.0000310006608 0.0447587267710
0.0000310006613 0.0000000000000
0.0000310006782 0.0000000000000
0.0000310006787 0.0573843592684
0.0000310006792 0.0000000000000
0.0000310007082 0.0000000000000
0.0000310007087 0.0257839887243
0.0000310007092 0.0000000000000
0.0000310007330 0.0000000000000
0.0000310007335 0.0374620939627
0.0000310007340 0.0000000000000
0.0000310008135 0.0000000000000
0.0000310008140 0.0208733173533
0.0000310008145 0.0000000000000
0.0000320006055 0.0000000000000
0.0000320006060 0.0377730764465
0.0000320006065 0.0000000000000
0.0000320006218 0.0000000000000
0.0000320006223 0.0338123355995
0.0000320006228 0.0000000000000
0.0000320006566 0.0000000000000
0.0000320006571 0.0359174354737
0.0000320006576 0.0000000000000
0.0000320006784 0.0000000000000
0.0000320006789 0.0628120530378
0.0000320006794 0.0000000000000
0.0000320006926 0.0000000000000
0.0000320006931 0.0455383459192
0.0000320006936 0.0000000000000
0.0000320006995 0.0000000000000
0.0000320007000 0.0410198873872
0.0000320007002 0.0000000000000
0.0000320007005 0.0000000000000
0.0000320007007 0.0704494688154
0.0000320007012 0.0000000000000
0.0000320007160 0.0000000000000
0.0000320007165 0.0174477035007
0.0000320007170 0.0000000000000
0.0000320007238 0.0000000000000
0.0000320007243 0.0478244917525
0.0000320007248 0.0000000000000
0.0000320007336 0.0000000000000
0.0000320007341 0.0281560112250
0.0000320007346 0.0000000000000
0.0000330004953 0.0000000000000
0.0000330004958 0.0841956636478
0.0000330004963 0.0000000000000
0.0000330004998 0.0000000000000
0.0000330005003 0.0441481372573
0.0000330005008 0.0000000000000
0.0000330005022 0.0000000000000
0.0000330005027 0.0584256138602
0.0000330005032 0.0000000000000
0.0000330005032 0.0000000000000
0.0000330005037 0.0282362802741
0.0000330005042 0.0000000000000
0.0000330005115 0.0000000000000
0.0000330005120 0.0723792905662
0.0000330005125 0.0000000000000
0.0000330005415 0.0000000000000
0.0000330005420 0.0519845433723
0.0000330005423 0.0000000000000
0.0000330005424 0.0000000000000
0.0000330005425 0.0000000000000
0.0000330005428 0.0488410728242
0.0000330005429 0.0214643603121
0.0000330005433 0.0000000000000
0.0000330005434 0.0000000000000
0.0000330005521 0.0000000000000
0.0000330005526 0.0788017758052
0.0000330005531 0.0000000000000
0.0000330005712 0.0000000000000
0.0000330005717 0.0466944765754
0.0000330005722 0.0000000000000
0.0000330005755 0.0000000000000
0.0000330005760 0.0369743913965
0.0000330005765 0.0000000000000
0.0000330005988 0.0000000000000
0.0000330005993 0.0418797755846
0.0000330005998 0.0000000000000
0.0000330006194 0.0000000000000
0.0000330006199 0.0439803893642
0.0000330006204 0.0000000000000
0.0000330006229 0.0000000000000
0.0000330006234 0.0128483350490
0.0000330006239 0.0000000000000
0.0000340005161 0.0000000000000
0.0000340005166 0.0398879495981
0.0000340005171 0.0000000000000
0.0000340005425 0.0000000000000
0.0000340005430 0.0386571575110
0.0000340005435 0.0000000000000
0.0000340005547 0.0000000000000
0.0000340005552 0.0421856311032
0.0000340005557 0.0000000000000
0.0000340005811 0.0000000000000
0.0000340005816 0.0365833000811
0.0000340005821 0.0000000000000
0.0000340006205 0.0000000000000
0.0000340006210 0.0280446599492
0.0000340006215 0.0000000000000
0.0000340006746 0.0000000000000
0.0000340006751 0.0566233253691
0.0000340006756 0.0000000000000
0.0000350003649 0.0000000000000
0.0000350003654 0.0702184349453
0.0000350003659 0.0000000000000
0.0000350003946 0.0000000000000
0.0000350003951 0.0352454825951
0.0000350003956 0.0000000000000
0.0000350003963 0.0000000000000
0.0000350003968 0.0651166239024
0.0000350003973 0.0000000000000
0.0000350003997 0.0000000000000
0.0000350003998 0.0000000000000
0.0000350004002 0.0204078850423
0.0000350004003 0.0553473519010
0.0000350004007 0.0000000000000
0.0000350004008 0.0000000000000
0.0000350004022 0.0000000000000
0.0000350004027 0.0833481122105
0.0000350004032 0.0000000000000
0.0000350004046 0.0000000000000
0.0000350004051 0.0307371177759
0.0000350004056 0.0000000000000
0.0000350004097 0.0000000000000
0.0000350004102 0.0560548731008
0.0000350004107 0.0000000000000
0.0000350004118 0.0000000000000
0.0000350004123 0.0593898037562
0.0000350004128 0.0000000000000
0.0000350004133 0.0000000000000
0.0000350004138 0.0567247431498
0.0000350004143 0.0000000000000
0.0000350004166 0.0000000000000
0.0000350004171 0.0208771625772
0.0000350004176 0.0000000000000
0.0000350004201 0.0000000000000
0.0000350004206 0.0595939210588
0.0000350004211 0.0000000000000
0.0000350004324 0.0000000000000
0.0000350004329 0.0119339728462
0.0000350004334 0.0000000000000
0.0000350004360 0.0000000000000
0.0000350004361 0.0000000000000
0.0000350004365 0.0450931010337
0.0000350004366 0.0244649167048
0.0000350004370 0.0000000000000
0.0000350004371 0.0000000000000
0.0000350004449 0.0000000000000
0.0000350004454 0.0221971959027
0.0000350004459 0.0000000000000
0.0000350004566 0.0000000000000
0.0000350004571 0.0397150747398
0.0000350004576 0.0000000000000
0.0000350004582 0.0000000000000
0.0000350004587 0.0562750121698
0.0000350004592 0.0000000000000
0.0000350004619 0.0000000000000
0.0000350004624 0.0595050002559
0.0000350004629 0.0000000000000
0.0000350004643 0.0000000000000
0.0000350004644 0.0000000000000
0.0000350004648 0.0188271775791
0.0000350004649 0.0196037525917
0.0000350004653 0.0000000000000
0.0000350004654 0.0000000000000
0.0000350004718 0.0000000000000
0.0000350004723 0.0135935073996
0.0000350004728 0.0000000000000
0.0000350004784 0.0000000000000
0.0000350004789 0.0494213811996
0.0000350004794 0.0000000000000
0.0000350004822 0.0000000000000
0.0000350004827 0.0560292382747
0.0000350004832 0.0000000000000
0.0000350004900 0.0000000000000
0.0000350004905 0.0608543534136
0.0000350004910 0.0000000000000
0.0000350004976 0.0000000000000
0.0000350004981 0.0466299088572
0.0000350004986 0.0000000000000
0.0000350005056 0.0000000000000
0.0000350005061 0.0451461330801
0.0000350005061 0.0000000000000
0.0000350005066 0.0000000000000
0.0000350005066 0.0515796733379
0.0000350005071 0.0000000000000
0.0000350005103 0.0000000000000
0.0000350005108 0.0256628641710
0.0000350005113 0.0000000000000
0.0000350005205 0.0000000000000
0.0000350005210 0.0526473638441
0.0000350005215 0.0000000000000
0.0000360005442 0.0000000000000
0.0000360005447 0.0144014850741
0.0000360005452 0.0000000000000
0.0000360005595 0.0000000000000
0.0000360005600 0.0264716429338
0.0000360005605 0.0000000000000
0.0000360005646 0.0000000000000
0.0000360005651 0.0468154409109
0.0000360005656 0.0000000000000
0.0000360005746 0.0000000000000
0.0000360005751 0.0166752941474
0.0000360005756 0.0000000000000
0.0000360005920 0.0000000000000
0.0000360005925 0.0405305826444
0.0000360005930 0.0000000000000
0.0000360006017 0.0000000000000
0.0000360006022 0.0511940294231
0.0000360006027 0.0000000000000
0.0000360006028 0.0000000000000
0.0000360006033 0.0722160287676
0.0000360006038 0.0000000000000
0.0000360006052 0.0000000000000
0.0000360006057 0.0631925699875
0.0000360006062 0.0000000000000
0.0000360006169 0.0000000000000
0.0000360006174 0.0634123886211
0.0000360006179 0.0000000000000
0.0000360006402 0.0000000000000
0.0000360006407 0.0172442270687
0.0000360006412 0.0000000000000
0.0000360006834 0.0000000000000
0.0000360006839 0.0411033607897
0.0000360006844 0.0000000000000
0.0000370005251 0.0000000000000
0.0000370005256 0.0510738661758
0.0000370005261 0.0000000000000
0.0000370005317 0.0000000000000
0.0000370005322 0.0792724952991
0.0000370005327 0.0000000000000
0.0000370005705 0.0000000000000
0.0000370005710 0.0562154111991
0.0000370005715 0.0000000000000
0.0000370005846 0.0000000000000
0.0000370005851 0.0456794976803
0.0000370005856 0.0000000000000
0.0000370005986 0.0000000000000
0.0000370005991 0.0455657431395
0.0000370005996 0.0000000000000
0.0000370006079 0.0000000000000
0.0000370006084 0.0605159737094
0.0000370006089 0.0000000000000
0.0000370006265 0.0000000000000
0.0000370006270 0.0273574863926
0.0000370006275 0.0000000000000
0.0000370006297 0.0000000000000
0.0000370006302 0.0366890437387
0.0000370006307 0.0000000000000
0.0000370006374 0.0000000000000
0.0000370006379 0.0476886271743
0.0000370006384 0.0000000000000
0.0000380005898 0.0000000000000
0.0000380005903 0.0488933037824
0.0000380005908 0.0000000000000
0.0000380006149 0.0000000000000
0.0000380006152 0.0000000000000
0.0000380006154 0.0736922743145
0.0000380006157 0.0316564467262
0.0000380006159 0.0000000000000
0.0000380006162 0.0000000000000
0.0000380006261 0.0000000000000
0.0000380006266 0.0706018358129
0.0000380006271 0.0000000000000
0.0000380006478 0.0000000000000
0.0000380006483 0.0748037042427
0.0000380006488 0.0000000000000
0.0000380006695 0.0000000000000
0.0000380006700 0.0801133175946
0.0000380006705 0.0000000000000
0.0000380006991 0.0000000000000
0.0000380006996 0.0533957405480
0.0000380007001 0.0000000000000
0.0000380007022 0.0000000000000
0.0000380007027 0.0482511513891
0.0000380007032 0.0000000000000
0.0000390005809 0.0000000000000
0.0000390005814 0.0581203992122
0.0000390005819 0.0000000000000
0.0000390005923 0.0000000000000
0.0000390005928 0.0624720711570
0.0000390005933 0.0000000000000
0.0000390006233 0.0000000000000
0.0000390006238 0.0383099658353
0.0000390006243 0.0000000000000
0.0000390006291 0.0000000000000
0.0000390006296 0.0522988904271
0.0000390006301 0.0000000000000
0.0000390006423 0.0000000000000
0.0000390006428 0.0481221761704
0.0000390006433 0.0000000000000
0.0000390006531 0.0000000000000
0.0000390006536 0.0494335577420
0.0000390006541 0.0000000000000
0.0000390006634 0.0000000000000
0.0000390006639 0.0296535657210
0.0000390006644 0.0000000000000
0.0000390006711 0.0000000000000
0.0000390006716 0.0496947125327
0.0000390006721 0.0000000000000
0.0000390007141 0.0000000000000
0.0000390007146 0.0376921665267
0.0000390007151 0.0000000000000
0.0000390007299 0.0000000000000
0.0000390007304 0.0580183405609
0.0000390007309 0.0000000000000
0.0000390007396 0.0000000000000
0.0000390007401 0.0583604052714
0.0000390007406 0.0000000000000
0.0000400005188 0.0000000000000
0.0000400005193 0.0381833938815
0.0000400005198 0.0000000000000
0.0000400005355 0.0000000000000
0.0000400005359 0.0000000000000
0.0000400005360 0.0566555291194
0.0000400005364 0.0426411299191
0.0000400005365 0.0000000000000
0.0000400005369 0.0000000000000
0.0000400005669 0.0000000000000
0.0000400005674 0.0130691149886
0.0000400005679 0.0000000000000
0.0000400005795 0.0000000000000
0.0000400005800 0.0313427405420
0.0000400005805 0.0000000000000
0.0000400005849 0.0000000000000
0.0000400005854 0.0419030071457
0.0000400005857 0.0000000000000
0.0000400005859 0.0000000000000
0.0000400005862 0.0668519414104
0.0000400005867 0.0000000000000
0.0000400005883 0.0000000000000
0.0000400005888 0.0487590413808
0.0000400005893 0.0000000000000
0.0000400005998 0.0000000000000
0.0000400006003 0.0816563739069
0.0000400006008 0.0000000000000
0.0000400006032 0.0000000000000
0.0000400006037 0.0426601958210
0.0000400006042 0.0000000000000
0.0000400006076 0.0000000000000
0.0000400006081 0.0403681219342
0.0000400006086 0.0000000000000
0.0000400006309 0.0000000000000
0.0000400006314 0.0292488559043
0.0000400006319 0.0000000000000
0.0000400006586 0.0000000000000
0.0000400006591 0.0649749914883
0.0000400006596 0.0000000000000
0.0000410005269 0.0000000000000
0.0000410005274 0.0296300137246
0.0000410005279 0.0000000000000
0.0000410005295 0.0000000000000
0.0000410005300 0.0759374044261
0.0000410005305 0.0000000000000
0.0000410005432 0.0000000000000
0.0000410005437 0.0370070757997
0.0000410005442 0.0000000000000
0.0000410005582 0.0000000000000
0.0000410005587 0.0529830198481
0.0000410005592 0.0000000000000
0.0000410005665 0.0000000000000
0.0000410005670 0.0432523603035
0.0000410005675 0.0000000000000
0.0000410005772 0.0000000000000
0.0000410005777 0.0389570849761
0.0000410005782 0.0000000000000
0.0000410005901 0.0000000000000
0.0000410005906 0.0434263566855
0.0000410005911 0.0000000000000
0.0000410005969 0.0000000000000
0.0000410005974 0.0283759900763
0.0000410005979 0.0000000000000
0.0000410006125 0.0000000000000
0.0000410006130 0.0364158726233
0.0000410006133 0.0000000000000
0.0000410006135 0.0000000000000
0.0000410006138 0.0427366196463
0.0000410006143 0.0000000000000
0.0000410006302 0.0000000000000
0.0000410006307 0.0403285481714
0.0000410006312 0.0000000000000
0.0000410006312 0.0000000000000
0.0000410006317 0.0216655936968
0.0000410006318 0.0000000000000
0.0000410006322 0.0000000000000
0.0000410006323 0.0584595800048
0.0000410006328 0.0000000000000
0.0000410006337 0.0000000000000
0.0000410006342 0.0803610141016
0.0000410006347 0.0000000000000
0.0000410006559 0.0000000000000
0.0000410006564 0.0910726863968
0.0000410006569 0.0000000000000
0.0000420006144 0.0000000000000
0.0000420006149 0.0270359295429
0.0000420006154 0.0000000000000
0.0000420006167 0.0000000000000
0.0000420006172 0.0626210735835
0.0000420006177 0.0000000000000
0.0000420006265 0.0000000000000
0.0000420006270 0.0216183294863
0.0000420006275 0.0000000000000
0.0000420006780 0.0000000000000
0.0000420006785 0.0357258151487
0.0000420006790 0.0000000000000
0.0000420006830 0.0000000000000
0.0000420006835 0.0373047602176
0.0000420006840 0.0000000000000
0.0000420006873 0.0000000000000
0.0000420006878 0.0638879146449
0.0000420006883 0.0000000000000
0.0000430006586 0.0000000000000
0.0000430006591 0.0152296501741
0.0000430006596 0.0000000000000
0.0000430006985 0.0000000000000
0.0000430006990 0.0514414054947
0.0000430006995 0.0000000000000
0.0000430007189 0.0000000000000
0.0000430007194 0.0405057489067
0.0000430007199 0.0000000000000
0.0000430007296 0.0000000000000
0.0000430007301 0.0275491067175
0.0000430007306 0.0000000000000
0.0000440007413 0.0000000000000
0.0000440007418 0.0271783630453
0.0000440007423 0.0000000000000
0.0000440007605 0.0000000000000
0.0000440007610 0.0307246207982
0.0000440007615 0.0000000000000
0.0000440007618 0.0000000000000
0.0000440007623 0.0488232886637
0.0000440007628 0.0000000000000
0.0000440007791 0.0000000000000
0.0000440007796 0.0587132045653
0.0000440007801 0.0000000000000
0.0000440007980 0.0000000000000
0.0000440007985 0.0578605261628
0.0000440007990 0.0000000000000
0.0000450006181 0.0000000000000
0.0000450006186 0.0055068412950
0.0000450006191 0.0000000000000
0.0000450006481 0.0000000000000
0.0000450006486 0.0342801711755
0.0000450006491 0.0000000000000
0.0000450006586 0.0000000000000
0.0000450006591 0.0158213340036
0.0000450006596 0.0000000000000
0.0000450006600 0.0000000000000
0.0000450006605 0.0709703364378
0.0000450006610 0.0000000000000
0.0000450006741 0.0000000000000
0.0000450006746 0.0165213249732
0.0000450006751 0.0000000000000
0.0000450006806 0.0000000000000
0.0000450006811 0.0383463352448
0.0000450006816 0.0000000000000
0.0000450007677 0.0000000000000
0.0000450007682 0.0306558874208
0.0000450007687 0.0000000000000
0.0000460004098 0.0000000000000
0.0000460004103 0.0084455536697
0.0000460004108 0.0000000000000
0.0000460004277 0.0000000000000
0.0000460004282 0.0111782261298
0.0000460004287 0.0000000000000
0.0000460004291 0.0000000000000
0.0000460004296 0.0314294182977
0.0000460004301 0.0000000000000
0.0000460004314 0.0000000000000
0.0000460004319 0.0118897527712
0.0000460004324 0.0000000000000
0.0000460004342 0.0000000000000
0.0000460004347 0.0383878316195
0.0000460004352 0.0000000000000
0.0000460004393 0.0000000000000
0.0000460004398 0.0665319867374
0.0000460004403 0.0000000000000
0.0000460004405 0.0000000000000
0.0000460004410 0.0261544119611
0.0000460004415 0.0000000000000
0.0000460004589 0.0000000000000
0.0000460004594 0.0433283034757
0.0000460004599 0.0000000000000
0.0000460004771 0.0000000000000
0.0000460004776 0.0180191999046
0.0000460004781 0.0000000000000
0.0000460004789 0.0000000000000
0.0000460004794 0.0197404182582
0.0000460004799 0.0000000000000
0.0000460004922 0.0000000000000
0.0000460004927 0.0285661684422
0.0000460004932 0.0000000000000
0.0000460005062 0.0000000000000
0.0000460005067 0.0302067973114
0.0000460005072 0.0000000000000
0.0000460005116 0.0000000000000
0.0000460005121 0.0833298473970
0.0000460005126 0.0000000000000
0.0000470005453 0.0000000000000
0.0000470005458 0.0594625425752
0.0000470005460 0.0000000000000
0.0000470005463 0.0000000000000
0.0000470005465 0.0561910581144
0.0000470005470 0.0000000000000
0.0000470005897 0.0000000000000
0.0000470005902 0.0638619593835
0.0000470005907 0.0000000000000
0.0000470006065 0.0000000000000
0.0000470006070 0.0146019173705
0.0000470006075 0.0000000000000
0.0000470006097 0.0000000000000
0.0000470006102 0.0831574531916
0.0000470006107 0.0000000000000
0.0000470006199 0.0000000000000
0.0000470006202 0.0000000000000
0.0000470006204 0.0251435987252
0.0000470006207 0.0286377857376
0.0000470006209 0.0000000000000
0.0000470006212 0.0000000000000
0.0000470006410 0.0000000000000
0.0000470006415 0.0562833434883
0.0000470006420 0.0000000000000
0.0000470006474 0.0000000000000
0.0000470006479 0.0191463311638
0.0000470006484 0.0000000000000
0.0000470006492 0.0000000000000
0.0000470006497 0.0350032334886
0.0000470006502 0.0000000000000
0.0000470006898 0.0000000000000
0.0000470006903 0.0595495407662
0.0000470006908 0.0000000000000
0.0000480005106 0.0000000000000
0.0000480005111 0.0290420149014
0.0000480005116 0.0000000000000
0.0000480005223 0.0000000000000
0.0000480005228 0.0330479371293
0.0000480005233 0.0000000000000
0.0000480005414 0.0000000000000
0.0000480005419 0.0866394636615
0.0000480005424 0.0000000000000
0.0000480005544 0.0000000000000
0.0000480005547 0.0000000000000
0.0000480005549 0.0524044738670
0.0000480005552 0.0430668282497
0.0000480005554 0.0000000000000
0.0000480005557 0.0000000000000
0.0000480005591 0.0000000000000
0.0000480005596 0.0633808257415
0.0000480005601 0.0000000000000
0.0000480005730 0.0000000000000
0.0000480005735 0.0377549718506
0.0000480005740 0.0000000000000
0.0000480005785 0.0000000000000
0.0000480005790 0.0667471590588
0.0000480005794 0.0000000000000
0.0000480005795 0.0000000000000
0.0000480005799 0.0569871796818
0.0000480005804 0.0000000000000
0.0000480005820 0.0000000000000
0.0000480005825 0.0623701727233
0.0000480005830 0.0000000000000
0.0000480005835 0.0000000000000
0.0000480005840 0.0144465062374
0.0000480005845 0.0000000000000
0.0000480005903 0.0000000000000
0.0000480005907 0.0000000000000
0.0000480005908 0.0449157400807
0.0000480005912 0.0516190868830
0.0000480005913 0.0000000000000
0.0000480005917 0.0000000000000
0.0000480006353 0.0000000000000
0.0000480006358 0.0406427350085
0.0000480006363 0.0000000000000
0.0000480006546 0.0000000000000
0.0000480006551 0.0684446651983
0.0000480006556 0.0000000000000
0.0000490004912 0.0000000000000
0.0000490004917 0.0515066140836
0.0000490004922 0.0000000000000
0.0000490005217 0.0000000000000
0.0000490005222 0.0650616692440
0.0000490005227 0.0000000000000
0.0000490005303 0.0000000000000
0.0000490005308 0.0346741464088
0.0000490005312 0.0000000000000
0.0000490005313 0.0000000000000
0.0000490005317 0.0457142649131
0.0000490005322 0.0000000000000
0.0000490005433 0.0000000000000
0.0000490005438 0.0674167086725
0.0000490005440 0.0000000000000
0.0000490005443 0.0000000000000
0.0000490005445 0.0142989457698
0.0000490005450 0.0000000000000
0.0000490005557 0.0000000000000
0.0000490005562 0.0030702510761
0.0000490005567 0.0000000000000
0.0000490005792 0.0000000000000
0.0000490005797 0.0196011891091
0.0000490005802 0.0000000000000
0.0000490005980 0.0000000000000
0.0000490005985 0.0719186647851
0.0000490005990 0.0000000000000
0.0000490006046 0.0000000000000
0.0000490006051 0.0573745859910
0.0000490006056 0.0000000000000
0.0000490006095 0.0000000000000
0.0000490006100 0.0619524852759
0.0000490006105 0.0000000000000
0.0000490006326 0.0000000000000
0.0000490006331 0.0299160022530
0.0000490006336 0.0000000000000
