0.0000000007230 0.0000000000000
0.0000000007430 0.0596801181615
0.0000000007589 0.0569397552536
0.0000000007756 0.0625292688627
0.0000000007956 0.0000000000000
0.0000010003730 0.0000000000000
0.0000010003930 0.0537166565270
0.0000010004050 0.0289088740234
0.0000010004135 0.0290155789870
0.0000010004277 0.0524834611749
0.0000010004302 0.0222732992926
0.0000010004468 0.0148984802647
0.0000010004493 0.0404088172206
0.0000010004546 0.0156172167009
0.0000010004607 0.0105431233137
0.0000010004608 0.0686189820156
0.0000010004735 0.0312118427114
0.0000010004928 0.0406424145732
0.0000010004966 0.0610613546342
0.0000010005043 0.0150349857136
0.0000010005091 0.0472384155413
0.0000010005113 0.0442561239622
0.0000010005471 0.0236141609142
0.0000010005671 0.0000000000000
0.0000020006900 0.0000000000000
0.0000020007100 0.0515200723673
0.0000020007614 0.0598698158745
0.0000020007932 0.0402566104407
0.0000020008132 0.0000000000000
