,T1_prop_dist,T1_endpoint_dist,T1_prop_times,T1_interactions
0,17.098528897336635,15.693786283234779,570.3464034175906,5
1,16.697617935347143,15.693854452366283,556.9734327582838,3
2,17.815347335207726,15.69421468155549,594.2569293112466,3
3,16.43423225237607,15.694312467424623,548.1878186334549,5
4,16.36818834370855,15.69439611275092,545.9848276040905,5
5,13.851314750234572,15.69453284483526,462.0308330520685,4
6,18.63369880088287,15.694682277370863,621.5542376341887,7
7,16.692116866688103,15.694808531953372,556.7899365789648,6
8,25.302518820778197,15.696978768290581,844.0024690711625,25
9,17.966871906779325,15.697033119153879,599.3112526945123,5
10,17.757966056511098,15.697475351120195,592.3428929561528,6
11,16.11581373405852,15.697672805897716,537.5665039113292,3
12,16.900999041723583,15.698437812997524,563.7575065953589,6
13,17.58690985994708,15.698457822201435,586.6370636957317,3
14,16.405355889478614,15.698466725772528,547.2246053756809,7
15,15.975269133782685,15.698482322705573,532.8784335066541,6
16,16.333886613664305,15.698780173409713,544.8406433014992,7
17,13.738962374933205,15.699235530081735,458.2831554855768,3
18,16.25122431622975,15.700130240242354,542.0833216439981,4
19,15.288225740081378,15.70017301387978,509.9610976971159,6
20,15.64053363365521,15.700226014388942,521.7128420256447,6
21,15.78134936337526,15.700330009161606,526.4099563489106,5
22,16.700253213432045,15.701334535483637,557.0613363075747,4
23,18.526160346565685,15.70173318528047,617.9671354327562,4
24,14.23480040024915,15.702177202742982,474.8225569811452,3
25,16.88844380920517,15.702501889485953,563.3387084780504,5
26,14.467225553371485,15.702611293986513,482.5754374156577,4
27,14.847496541535296,15.703096110829494,495.25993160375515,4
28,15.34944936980971,15.703196794523127,512.0033012825462,5
29,16.30429997880324,15.703265170869166,543.8537378850416,5
30,17.314912984549743,15.70413339880432,577.5642106710567,3
31,16.955519342118773,15.70417675406341,565.5761108408087,3
32,13.790344392343432,15.704226400592441,459.997077718666,3
33,13.635525478184874,15.704734938490061,454.83286672709323,4
34,17.686159696365827,15.7055734313958,589.9476869418072,3
35,17.6024893387735,15.707420275943537,587.1567399654926,4
36,16.138326264382545,15.70756761516546,538.3174422393707,4
37,15.735165346931609,15.70816414532536,524.8694210296342,7
38,17.281901180280702,16.904543333765993,576.4630537266072,5
39,18.964959224179776,16.903517804222233,632.6039128522367,6
40,17.94340022300507,16.896002219634074,598.5283204023146,6
41,18.868568072601896,16.893062055537943,629.3886452140782,5
42,17.45686038557323,16.891350602621436,582.2990735434311,2
43,17.86520894335024,16.89058885210466,595.9201360726851,3
44,16.434758048924294,16.889874099589377,548.2053573452358,6
45,15.324895109278032,16.885549387850688,511.1842580615237,6
46,14.820296464686887,16.87773030979133,494.3526333153282,5
47,18.51945180719572,16.873852721239974,617.7433623043883,3
48,18.267504342734057,16.867707098191772,609.3392866632217,4
49,16.493362074364246,16.867601307801614,550.1601802037494,7
50,15.840914667476106,16.866155733593963,528.3968440610859,6
51,19.015787176988056,16.85506590868633,634.2993534513281,7
52,17.888343497655935,16.8547319800231,596.6918229190884,7
53,23.13809140248627,16.854640979187867,771.804831432669,22
54,18.268849593136665,16.854287374768607,609.384159455111,5
55,16.70588397609274,16.85333996001278,557.2491586197343,5
56,14.856411363617163,16.85120537897885,495.5572985142086,3
57,18.427373570903537,16.850916067079392,614.6719582545077,4
58,16.898500725946654,16.85064699039389,563.674171623881,4
59,18.958748000916827,16.849593251138845,632.3967284289383,5
60,15.55279585496752,16.848563477717157,518.7862202783103,3
61,17.82506485387053,16.84800079898697,594.581071338479,5
62,18.942833703057907,16.845693819723287,631.865883781352,5
63,16.45878557253659,16.844932666990506,549.006830487024,6
64,18.8738824180636,16.843678835084948,629.5659129684448,7
65,15.59336467722385,16.842614597314345,520.1394525945939,6
66,15.72458780423652,16.839525330333696,524.5165916447577,3
67,15.7202894904676,16.83762608689783,524.3732151113973,4
68,22.256391436375825,20.567510813463045,742.394441358536,7
69,24.7529084355253,20.56976676553902,825.6694119764803,26
70,21.94386651036703,20.57016880651279,731.9697160153382,6
71,22.044922644477985,20.576687201473604,735.3405909589977,3
72,19.32568553550216,20.59132384670553,644.636465799693,2
73,22.11950791015598,20.592360345320756,737.8284914259214,5
74,22.476465728993386,20.6102116673159,749.7353408027361,3
75,18.836683863328542,20.6157310346712,628.325100847539,3
76,21.199169647314275,20.61599652146265,707.1292645338859,5
77,20.588544643593455,20.62107889262618,686.760975729621,11
78,23.00552959109352,20.62247223062302,767.3830386098869,6
79,23.301451847170977,20.628236699139478,777.2539576496697,6
80,21.254062500459074,20.63741765030019,708.9602958204046,4
81,22.618504803530218,20.643563796080716,754.4732615790354,4
82,16.41802128285974,17.139732004212345,547.6470780694528,8
83,18.341077655968526,17.139782467897653,611.7934319784559,5
84,15.064249570579776,17.13980167751742,502.4900454508384,2
85,19.37025748028711,17.14018969137099,646.1232281143963,21
86,16.59837842210041,17.140205352037626,553.6631538566876,5
87,18.132284235916288,17.140443032116384,604.8288225141528,7
88,16.168264210692932,17.140573993386646,539.3160661623036,5
89,18.665176503228317,17.140578247950472,622.6042223684526,2
90,19.36401424864898,17.140767973443158,645.9149760049961,5
91,19.19628181950529,17.140948635139118,640.3200158611734,4
92,19.202885909543593,17.141070446803298,640.5403049295376,4
93,17.690634963015658,17.141253261665565,590.0969659969464,3
94,17.787444118387487,17.141268641410747,593.326176762138,2
95,20.974275315506112,17.1413699199318,699.6275856429162,19
96,18.68964317082067,17.141437368361483,623.4203437990564,4
97,17.933600881893533,17.141945488966584,598.2014490678048,5
98,17.731243962934148,17.141973439292684,591.45153849783,5
99,18.636692692583757,17.14214093707157,621.6541032643885,11
100,17.023428833291526,17.142840925415065,567.8413310992796,3
101,18.108777895033136,17.142886418042337,604.0447341834717,10
102,18.067598605931547,17.143022808154544,602.6711388539903,4
103,16.93187032457085,17.14323010679665,564.787263321598,8
104,16.93196876046651,17.143642044674976,564.7905467946613,3
105,15.190538327581145,17.143729373007318,506.70259138273013,4
106,17.305836331504544,17.143957989281855,577.2614456524705,4
107,17.798373954779837,17.14439962087779,593.6907574178042,6
108,15.882463853122243,17.14484367447388,529.7827778300369,5
109,17.64287486875716,17.145385591864944,588.5038583003269,4
110,19.266615778424406,17.14607248293628,642.6661077822091,3
111,19.843634791242305,17.146565835795567,661.9134196790543,7
112,18.8927554551006,17.14694927592907,630.1954506824932,4
113,17.61239644609763,17.14722336408707,587.487205999414,11
114,16.911885234611297,17.147243120799157,564.1206314581875,11
115,16.831312041589612,17.14735220929014,561.4329949294715,4
116,16.73925506774875,17.1492591393205,558.362300119708,3
117,17.249521580151715,17.149347602890618,575.3829848745702,6
118,17.284392906631233,17.149469863527084,576.5461688981438,5
119,16.025342872789107,17.14964055491298,534.5487162028709,5
120,17.232980671680124,17.150034688231376,574.8312387148464,4
121,16.386193810888514,15.498383838228758,546.5854262584896,6
122,16.885060319590266,15.49824909947966,563.225847240429,2
123,15.836404012503893,15.496204417259793,528.2463845767696,6
124,16.03690496485569,15.496085571486033,534.9343866699475,2
125,14.233759986328336,15.495956780774705,474.7878524553135,2
126,13.909082893858429,15.495341681729013,463.9577738518182,5
127,16.55048777835168,15.495084517275293,552.0656914911565,6
128,14.824847453591289,15.49450801032375,494.50443819685944,2
129,14.100887559936758,15.493553414455256,470.3556986155987,5
130,17.257883987359655,15.493515343078064,575.6619251801134,5
131,16.3257560730856,15.492963786305772,544.5694372460106,3
132,16.95480013248844,15.492625551412315,565.5521205531982,2
133,16.069368097939144,15.49260114720632,536.0172418856788,4
134,17.298394028034927,15.49139154185336,577.0131967509116,3
135,15.64505029428021,15.491273785860805,521.8635018372809,6
136,15.095514313031051,15.49013437602856,503.5329265968088,7
137,18.423818710555253,15.488878603926917,614.5533806957908,6
138,16.07486996846177,15.488848697472719,536.2007648123289,5
139,18.046077879061574,15.4885675509379,601.953283578667,5
140,18.13505998143015,15.488263051922505,604.9214115596864,4
141,15.084544225945063,15.487874214697294,503.16700332047094,3
142,23.381022126934297,15.48739335252888,779.908140541919,22
143,16.644472975127663,15.486680252173565,555.2007049930506,5
144,16.631920904603056,15.486528085608294,554.7820123486636,4
145,14.174460583979151,15.486433330165708,472.80983428440885,3
146,15.907212362181069,15.485831017326888,530.6083004943783,5
147,15.221585641551593,15.485742892471656,507.7382198841728,4
148,15.033782083989742,15.485189603042267,501.4737579384954,3
149,16.33959118598306,15.485034356957742,545.0309276426009,2
150,16.61251162141476,15.484696750077049,554.1345873610624,5
151,14.04429070766684,15.484618989640905,468.46782794960643,3
152,16.01057412226692,15.484548646537176,534.0560829597495,4
153,17.67128565318448,15.484353226760403,589.4515415082617,4
154,15.556130309748177,15.484151760136529,518.8974458874212,4
155,14.354960948623056,15.48385976899352,478.83068756414633,3
156,15.84760122003475,15.48376835992501,528.6198837872508,7
157,16.920746199687912,15.483686982381329,564.4162018895738,5
158,17.610292403175258,15.483467050011708,587.4170225748271,6
159,16.939830822958285,17.11627255047918,565.0527973714537,4
160,18.282052415635974,17.116316154766054,609.824558882024,5
161,18.83779194292877,17.11689065598491,628.362062460932,4
162,18.67272537959269,17.117199840828405,622.8560261645638,3
163,18.445038027878386,17.117227045156202,615.261182015477,5
164,16.46288713612909,17.11799169034414,549.1436441309004,3
165,17.99178276897327,17.1186449780064,600.1421908847891,3
166,17.015420003436308,17.121066089080376,567.5741848827289,2
167,15.368076497569227,17.12125379277125,512.6246363334988,3
168,18.90931541250455,17.1216430447098,630.7478322471763,4
169,15.313433714635856,17.122525711982668,510.8019465041047,3
170,16.282629627321526,17.124351707092096,543.1308916622701,9
171,15.78206151489654,17.125466378063027,526.4337112029854,5
172,18.30960276280645,17.125634890094037,610.743540948606,4
173,16.73536177262877,17.126459749476737,558.2324335749042,5
174,19.778523735600324,17.127255856630985,659.7415453247693,5
175,18.765404145080716,17.128874565731866,625.9474617428322,4
176,15.515758258186533,17.12902260592682,517.5507771450383,3
177,19.31940319450355,17.130075994066463,644.4269091404557,4
178,15.34797680350836,17.13038421304531,511.9541816829121,3
179,16.66176105016435,17.130427775033255,555.7773739847745,5
180,17.520238493949876,17.130611142144403,584.4131429107473,3
181,15.886208361717589,17.131249245078582,529.9076813830119,5
182,16.13075831350614,17.131382244064316,538.0650021850529,6
183,17.463593382726252,17.133228895639242,582.5236624968729,6
184,18.50291652661173,17.13327023139886,617.191803871075,5
185,16.80543806571066,17.13582474170497,560.5699306756238,3
186,17.09920390984484,17.137089440829392,570.3689194456435,5
187,19.249401401402302,17.137398510502784,642.0918970953962,5
188,15.673763189849097,17.138409439297206,522.8212624035697,4
189,17.202367333265737,17.139213156684097,573.8100861018885,7
190,18.90490040834277,17.139659259756222,630.6005633353382,9
191,12.811358396234809,13.439940605414382,427.3415700297142,4
192,13.774278611996959,13.44006752310385,459.4611801514703,2
193,13.848985725028607,13.444086335604952,461.9531450148305,2
194,13.480896624618957,13.444544667151641,449.6749954841676,4
195,14.118838767101975,13.445103198453515,470.9544873479604,5
196,13.461680588954698,13.445127889700911,449.0340165499646,2
197,12.032927592061341,13.445672169500378,401.375873674459,7
198,15.649671532882664,13.44627656510977,522.0176500000888,4
199,14.1637453855565,13.446783532390562,472.4524131916962,3
200,15.35637464263578,13.447108577077028,512.2343038718772,4
201,14.94399448031629,13.448306533219586,498.47876128503395,2
202,12.375256339527263,13.449751689138822,412.7947490102225,3
203,14.704132123380498,13.451897857438976,490.4778020554417,3
204,12.503214818176126,13.453829466636332,417.06299094626024,4
205,14.174258059950436,13.45512433703918,472.8030787996489,5
206,14.25813038812942,13.455141905782698,475.6007627998552,3
207,18.590804264358635,13.456111081172594,620.1234277218416,15
208,12.165013835406018,13.457201527663106,405.78180323044035,3
209,13.164378729635427,13.458164852010057,439.1170788291691,5
210,15.727863396737847,13.458406538993167,524.6258538165744,4
211,13.98642808172452,13.45934968681646,466.5377355541349,3
212,15.720840757851489,13.459421757916221,524.3916034401014,4
213,17.44647906097589,13.459520904738,581.9527892997775,17
214,12.168319716308844,13.460615268612207,405.8920757161246,4
215,15.410314934974801,13.461606983830702,514.0335611015238,3
216,15.587031512200687,13.461807822753256,519.92820062579,4
217,13.107162350973827,13.461935747584734,437.2085429555767,2
218,14.139882042560757,13.46197231442818,471.65641653415554,4
219,13.471510660819352,13.46354256665336,449.36191295362624,8
220,15.187836654389518,13.465685561660422,506.61247312768575,5
221,13.307602073825452,13.466068534542815,443.8945026493519,3
222,12.009303187989245,13.466546015186154,400.5878471736819,5
223,14.024889560163016,13.467608305522576,467.82067433964266,2
224,12.133774669574946,13.469808043405315,404.739775229991,5
225,15.499439095947215,13.472631857180875,517.0064276547478,4
226,11.438338931889696,13.472699584077592,381.54250053002403,3
227,13.19175034582218,13.473067644577096,440.03009906275616,5
228,14.830081216238371,13.473708513850744,494.6790179937547,4
229,13.027174186479774,13.47435142164096,434.5404209078219,4
230,11.823674641970586,13.47458571165231,394.39593591458697,4
231,15.298413106638622,13.47462478618962,510.3009121870704,4
232,15.012943514950331,13.475574635492388,500.77865703388784,17
233,13.976135030064286,13.476105324796038,466.19439578321925,6
234,13.390316589904044,13.47894872389739,446.6535661359891,6
235,14.630517237902698,13.48023931102984,488.02227003731576,4
236,20.209868601999382,13.481093948124942,674.1296833137436,33
237,14.828807539720472,13.481396390717634,494.63653265332204,6
238,15.603524958172295,13.48539720976318,520.478363604509,5
239,12.64586984948831,13.48591139056711,421.82145786039354,6
240,18.79450862675506,13.486189533354592,626.918284235572,22
241,12.612870575364742,13.488260442552248,420.72071887724627,3
242,13.74310229425356,13.49273366588053,458.4212485407736,3
243,12.539505239207642,13.496181708965878,418.2735109411739,3
244,13.199282890135459,13.497248268099717,440.28135807945034,5
245,20.995647276011848,21.629392452838303,700.3404785988902,2
246,23.52850762567289,21.64296592767567,784.8277347518576,5
247,19.446109903695685,21.646927567779148,648.6533964780809,2
248,23.633321824902616,21.650398797441888,788.3239654461298,4
249,20.3187845464925,21.653145176358038,677.7627337117901,6
250,22.641773415499866,21.65660356194221,755.2494201146083,6
251,20.278029872283895,21.665671386973536,676.4033020322055,3
252,21.719814550747866,21.667008004442803,724.4961356789996,2
253,23.223056402551848,21.667961457256133,774.6389630994772,5
254,21.502951403135356,21.67252409535632,717.2623486662537,4
255,19.844671275256378,21.677336609691285,661.9479931171071,4
256,23.143233761887615,21.67901237976156,771.97636234081,4
257,24.1424573187456,21.679444506577983,805.3069234250946,5
258,19.82767731800307,21.684021833646757,661.3811348536008,5
259,20.994927220117713,21.688575557132346,700.3164600829145,4
260,21.127236426927197,21.688713763383735,704.7298269108982,6
261,22.810965563856648,21.690349747533745,760.8930713246733,6
262,20.20398683232261,21.69388992047881,673.9334882959722,5
263,23.467041255727334,21.694054833467316,782.7774342119648,4
264,22.661784427994945,21.69441019574946,755.9169166620505,7
265,17.183498233451818,15.73015984398477,573.1806797196663,7
266,16.530913084970056,15.730325935629669,551.4127490049787,7
267,17.76441808812869,15.730456574972704,592.558109893816,5
268,13.907538208652229,15.730952967556108,463.9062486207847,4
269,13.75014428262543,15.730957825922317,458.6561443475953,2
270,16.08990913203283,15.731671857470653,536.7024180776281,5
271,14.605140512509848,15.731918168970285,487.175792299656,4
272,15.5876192213689,15.731962176975681,519.9478045234329,4
273,13.865550481810553,15.732055758091807,462.50568666977614,4
274,17.387268757545737,15.732194488736837,579.9777431534443,6
275,15.170797575213156,15.732717446369419,506.0441097565364,2
276,15.739297495498858,15.733480322399137,525.007254880012,2
277,15.77051788904358,15.733810188679866,526.0486567034337,3
278,17.761871542322407,15.733873366216374,592.4731661392701,4
279,16.192727013652267,15.738508899789862,540.1320586824287,2
280,15.968309363208398,15.738665435422401,532.6462801945481,5
281,16.54402630357338,15.738672411637651,551.8501595630763,5
282,14.027159575521534,15.738735270630935,467.8963940172364,3
283,17.86694625160267,15.739108107541115,595.9780865267476,4
284,14.991976628968274,15.739168326448587,500.0792759302541,3
285,17.8103793657679,15.73977335144633,594.091215434965,5
286,15.804899326822598,15.740290675800123,527.1954997739299,5
287,15.937177926911247,15.740984422108292,531.6078456700394,9
288,16.155817208854508,15.742011116417975,538.9008782373949,5
289,16.35642332588624,15.742103809212983,545.5923882520627,3
290,15.401760701672151,15.743095157490254,513.7482221564335,4
291,18.490463576105117,15.744414920677894,616.7764175196509,5
292,14.121793252832918,15.744918414148824,471.0530385344811,6
293,16.861249503803485,15.745482590965201,562.4316027046581,4
294,14.068396953353624,15.746525335521051,469.271926981161,3
295,16.3693334133494,15.747499989663124,546.0230230743115,6
296,22.964581484199364,15.747685000799606,766.0171547005712,27
297,14.001275527215927,15.74773799240114,467.03299378288705,3
298,15.024780930989358,15.748057167217377,501.17351133417026,3
299,16.563467786924107,15.74823985806583,552.4986586341232,6
300,17.73560556466439,15.748382919237168,591.5970260935712,4
301,18.780358139419587,15.749679949458201,626.4462740640039,24
302,17.711485705032686,15.749817921507193,590.7924729490009,3
303,17.3833750894555,15.74988704422228,579.8478641676729,2
304,15.966775046151657,16.51781876504385,532.5951008082823,3
305,17.670862683455525,16.517786626391523,589.4374327352139,5
306,17.42790686659714,16.517722405856276,581.3332866319695,6
307,18.807780364171954,16.517722405856276,627.3609824202098,4
308,16.437513673949493,16.51721136660633,548.2972752424845,2
309,17.700817962311866,16.516700674405588,590.4366348105308,6
310,18.78790986585813,16.516534528459804,626.6981729285014,3
311,15.945015472688283,16.516048145122813,531.8692784560055,4
312,15.626169538442017,16.514915178841896,521.2337066513455,6
313,17.714497937949886,16.513033982536577,590.8929503772578,6
314,16.051523329963516,16.51189353129895,535.4220035879381,4
315,16.20687185341813,16.51063661712023,540.6038804710643,3
316,14.893145454946847,16.508189116328303,496.78261777988894,4
317,17.666008083080786,16.50759208753676,589.2755004496713,4
318,17.019656941446343,16.507310029197587,567.7155141380138,5
319,15.374321380248235,16.507212942073696,512.8329435157788,2
320,15.4402699374211,16.506894911497472,515.03275395678,3
321,14.80709361184402,16.504850827130134,493.91223287626156,4
322,21.91577446432576,16.504543158373846,731.0326647917809,34
323,17.540170697937615,16.504506988872453,585.078010685329,2
324,15.797492796625733,16.504382400095206,526.9484441421296,4
325,16.98985379624833,16.50343421343557,566.7213867030584,3
326,18.69458704284321,16.503164136063074,623.5852538707908,4
327,16.53920853126619,16.503048821079503,551.6894557315135,5
328,16.722786801078566,16.503014640472458,557.812977033362,6
329,18.565657031327692,16.50277053816501,619.2846050370821,4
330,18.086006156940265,16.50223841178601,603.2851496017327,6
331,15.039205499156662,16.502196354029774,501.6546638721734,6
332,15.427806844123978,16.50210050705546,514.6170292777651,7
333,18.64704030443966,16.50148426047005,621.9992629703147,4
334,16.539994846829295,16.50055959364092,551.7156844355185,3
335,16.752557502695986,16.500154798871986,558.8060222653035,3
336,18.80848852600683,16.499454086157435,627.3846041924678,6
337,22.962436775407244,16.49906488749812,765.9456148065073,26
338,14.80308980000311,16.498465250933116,493.7786798848238,4
339,15.599745203637095,16.498057603173915,520.3522843717342,3
340,15.874615843184205,16.497444456443805,529.5209959966978,5
341,20.441437121284388,20.41565924181926,681.853989475516,4
342,20.78372688501434,20.41404373938132,693.2715644518312,4
343,18.645059138030096,20.41316131259506,621.9331782712712,2
344,20.893866154514818,20.411358491946793,696.9454206421391,6
345,23.516806612427526,20.40970589463143,784.4374303659713,10
346,21.584356629301222,20.40912750743246,719.9777388756612,4
347,18.664544927157543,20.4073324034092,622.5831552262083,7
348,20.765348638709032,20.404337650684713,692.65853120527,2
349,19.477836991781977,20.402736528368397,649.7116998379536,2
350,21.82579047593901,20.392490792480118,728.0311174393916,3
351,20.81984608634937,20.38577008916406,694.4763731637057,3
352,23.47678779773546,20.38526952439203,783.1025443552684,6
353,18.370244001021014,20.382393017846777,612.7663180145239,5
354,19.396970949461128,20.378479477772572,647.0142948931635,4
355,18.1658972451229,20.378089697429115,605.9500335273423,4
356,20.597196409762798,20.37709240942593,687.0495680259246,3
357,23.284046075445104,20.375235778772282,776.6733627129845,5
358,21.981334903525067,20.373961305388463,733.2195289909359,3
359,20.954486094579654,20.373645953813174,698.9674872771673,6
360,21.471539574344636,20.373183355535335,716.2145612406147,11
361,23.30163878469267,20.373163685662036,777.2601932237241,5
362,16.671866660769346,17.208224756258826,556.1144613855388,7
363,16.498112695417632,17.212989627102115,550.3186441071687,3
364,18.493226745814905,17.21346682604393,616.8685870808729,5
365,18.802116860580544,17.21438594360839,627.1720679864887,4
366,15.363795728919367,17.21445685372643,512.4818450432089,3
367,17.981085418520905,17.214693436165646,599.7853651371919,4
368,17.093936258230745,17.2209363061007,570.1932092327595,5
369,18.99971494290896,17.221435818263448,633.7632406104552,3
370,16.704722687581583,17.223116256896894,557.2104221454069,6
371,15.85218532753702,17.22329839464885,528.772793387983,3
372,16.42668852870891,17.223464128818108,547.9361867130848,4
373,16.345446918221473,17.22589219268873,545.2262541435887,2
374,19.119807705300165,17.226354601698333,637.7691100930033,6
375,19.450016747903096,17.227511252494107,648.7837149724841,3
376,19.33072487442696,17.2292805150286,644.8045603093798,4
377,19.57056337165955,17.230583485160327,652.8047236637251,6
378,18.178753490875042,17.23149715577272,606.3788723806854,4
379,17.633565944904646,17.23253647745526,588.193345549736,7
380,16.878638136491098,17.234894273131697,563.0116259436909,6
381,15.571780741553678,17.23618037096074,519.4194888974248,6
382,19.59819111032214,17.238472178524162,653.7262872365553,4
383,17.826325611308906,17.239708047672615,594.6231257441461,9
384,17.651910741785986,17.24012155540094,588.8052630419086,4
385,19.502244107888274,17.242455166688394,650.525834841766,8
386,17.844253386173968,17.2435032008374,595.2211328579137,3
387,16.28984784971005,17.247622867670497,543.3716660121033,4
388,17.371661966937346,17.248237338805747,579.4571558593072,3
389,16.81328643838394,17.250795949712295,560.8317246085265,5
390,20.924334409277236,17.251702161599837,697.9617337779939,9
391,18.670907999733238,17.25450796912834,622.7954048051062,3
392,18.192688820515894,17.257384289132357,606.843705653116,8
393,19.83522681209454,17.259541018805365,661.6329592549014,5
394,13.45393318905511,15.147670081282,448.7755907113969,3
395,15.815088549095405,15.14826118366433,527.5353761639872,5
396,13.261234870038376,15.148478991389414,442.3478568486943,5
397,21.190731743607838,15.14902478181109,706.8478059323744,18
398,15.033416649034328,15.14938229819095,501.4615683218474,4
399,13.85972114654758,15.149953502531906,462.3112406784564,7
400,14.573066010018634,15.1501042474563,486.1059004249157,2
401,15.171649543668389,15.150107762428032,506.07252840864294,3
402,16.325226026141017,15.151290728299587,544.5517567560514,6
403,15.531791583810602,15.151418887056813,518.0855921375687,4
404,16.398492200824656,15.152251329823347,546.9956570163532,7
405,15.301110170542758,15.152744141595802,510.3908766925988,4
406,15.821002700074214,15.155041786998964,527.7326513073803,4
407,14.38774070789307,15.155809095920079,479.9241043087564,4
408,17.207225590328797,15.15783303847186,573.9721403616106,10
409,13.38081791596999,15.15791999233283,446.33672399430236,3
410,15.813222103109641,15.158042010630767,527.4731181322263,4
411,16.141337919963323,15.158604011326448,538.4179004097282,14
412,16.567968090946977,15.159680868418096,552.6487728474067,5
413,18.067666247258643,15.159703468677254,602.6733951292443,6
414,13.819634803743032,15.160134872459174,460.9741021689382,3
415,15.350787791223553,15.162812635942428,512.0479462835417,4
416,16.240960854787673,15.163024318182659,541.740968898025,4
417,16.874035122062935,15.163280380076085,562.8580856748324,5
418,16.08050154735198,15.163898768844595,536.388614351016,7
419,16.07415423787064,15.165870511173964,536.176890573152,5
420,13.036892172385707,15.167107913579436,434.8645785206312,4
421,17.060036839886603,15.168070459161093,569.0624446244931,6
422,15.901186053448356,15.168744852802762,530.4072841652998,4
423,15.81067064766058,15.169121898179496,527.3880106093751,3
424,17.152470044612674,15.17036869650865,572.1456891649101,3
425,17.156820854284625,15.170694823221913,572.2908167757854,7
426,17.207704919137615,15.170858453462461,573.9881290740785,6
427,15.008957458437425,15.17107721496868,500.645696297347,7
428,16.241045907269868,15.171115567302978,541.7438059477861,4
429,13.792369120322533,15.17248761099059,460.06461547748216,4
430,15.130770015958069,15.172610571335921,504.7089320581626,7
431,17.457226265201047,15.172728132092047,582.3112779927766,5
432,16.22119475790182,15.174170424952349,541.0816418684227,5
433,17.223240455995008,15.174256115517792,574.5063395952862,3
434,17.364569975639544,15.175744769427835,579.2205921318629,5
435,17.091304508647063,15.175931355276191,570.1054233817802,3
436,17.986449540786175,17.611011845186308,599.9642932695393,4
437,16.979415842179645,17.609628401636158,566.3732135006819,4
438,18.672324358147748,17.607021349225057,622.8426495085841,4
439,19.681980436958654,17.60024914392648,656.5212025990904,5
440,19.628229295114547,17.599180501182563,654.7282547604522,5
441,17.025942282146435,17.597865264087005,567.9251708566751,6
442,17.790976181314583,17.595933559678056,593.4439938795759,5
443,19.31649895335211,17.587498837122048,644.3300339352654,5
444,17.73255786068994,17.587434075020997,591.495365476395,4
445,18.360458307793905,17.587369330512452,612.4399019251316,12
446,18.22892076055678,17.585554450219725,608.0522749291769,7
447,16.572827177109865,17.583635154451226,552.8108547629645,6
448,20.579233390611602,17.581840044003034,686.4503852875193,8
449,22.18707278592927,17.581749755571476,740.0822165344396,25
450,18.76133810047743,17.580543358098097,625.8118328867158,8
451,15.982772550907935,17.580247250634535,533.128720943452,3
452,17.34914316011097,17.57859450354552,578.706008169363,5
453,19.464818060187866,17.57654808026912,649.2774343607523,4
454,18.610059920829556,17.576063665407904,620.7657282659162,3
455,19.643690391017373,17.57506307087526,655.2439821949008,5
456,19.587709571570333,17.572841827270974,653.3766602034187,4
457,15.845763105876257,17.572262088561594,528.5585708049666,8
458,15.97824784799236,17.57113323807943,532.9777928694682,4
459,18.696409016763372,17.565297734245263,623.6460284718529,6
460,19.684228170968975,17.565030865543466,656.5961790497737,4
461,16.479281340968488,17.564889241653763,549.6904967767148,6
462,18.717140894742816,17.564548106693298,624.3375705403352,9
463,16.034549294592896,17.56415779492714,534.8558098479244,4
464,14.615292899354737,13.383690451982515,487.51443999021774,4
465,12.336574677507684,13.38391479529652,411.5044656797941,3
466,12.48231488822252,13.384145350092016,416.3658432587434,4
467,14.787056452536726,13.38671155413948,493.243864163711,5
468,15.901146052756125,13.387988102246505,530.4059498837903,6
469,15.594455407579655,13.388199408910273,520.1758354986008,6
470,14.420935485888561,13.38906272736363,481.031364609081,7
471,14.706962364045353,13.389925020577362,490.57220886632575,3
472,13.103769512627586,13.390354175861926,437.09536987736783,4
473,14.360132377469311,13.391011581339816,479.00318812607776,4
474,12.458481296865488,13.391381329829919,415.5708390105636,4
475,14.026069993976355,13.391650839843352,467.8600494334857,6
476,13.636062870391905,13.391987574002451,454.85079222900896,8
477,11.991108242630265,13.392574371721839,399.9809281978927,4
478,13.785014470153973,13.39352131709399,459.81929037979575,13
479,11.914876987150175,13.393921819768922,397.43812333718625,6
480,14.539585746568083,13.394641549226096,484.989117340292,5
481,15.900074725623224,13.39529853857043,530.3702142026212,5
482,12.420606305052736,13.395632149939598,414.30746334300903,4
483,16.15182073279411,13.396341527014501,538.7675699416299,6
484,14.382860199856827,13.396755949969535,479.7613078353267,8
485,14.005704213755399,13.398642403900535,467.18071909041595,5
486,13.901715735838044,13.399455739509799,463.7120315364667,4
487,15.2174713228873,13.400309612250773,507.6009807762482,2
488,16.10883802477702,13.400349519365596,537.333818940366,4
489,14.80252543100595,13.401292251608528,493.7598545326743,17
490,13.262812622022699,13.401305691511924,442.4004850704054,4
491,14.151610982785732,13.40159510820942,472.0476524652336,6
492,15.59239973200777,13.403260837141582,520.107265437629,6
493,14.93741114331526,13.404996864121424,498.2591644645374,3
494,15.433516477445275,13.40836386009842,514.8074824359982,4
495,13.29291356760762,13.408565670457559,443.4045460721974,4
496,13.734013623570835,13.408608963824483,458.1180826563362,8
497,14.57072137953075,13.408789536302042,486.02769185070815,7
498,16.366821659815805,13.408890786128914,545.9392398668346,6
499,14.396790285038188,13.4089052579642,480.2259661711516,6
500,15.280777818317862,13.410156918947347,509.71266138915854,8
501,13.901066559734529,13.410765926626503,463.69037731942575,4
502,15.527119486715925,13.411704091618555,517.9297475154749,5
503,11.860291743858976,13.411711509024544,395.6173528265923,4
504,13.416940884489758,13.411807978353538,447.5416583661258,4
505,15.500982160701849,13.41192681959026,517.0578988332527,5
506,14.595083436482998,13.411978850713618,486.8403238406294,4
507,12.065159892196222,13.41220210378952,402.451029120064,3
508,12.819407563054673,13.41360331154462,427.61006174463205,3
509,11.91092148069636,13.413950528095903,397.3061816424841,3
510,14.699075113879516,13.414465637502154,490.30911811787894,4
511,11.460695326664961,13.415219484537628,382.288230728804,3
512,14.919092026594562,13.415303531330073,497.6481035716284,7
513,15.430346219087832,13.418453463864017,514.701733838389,4
514,15.836890578345043,13.420570351073653,528.2626146910205,16
515,13.071895783623878,13.4213609138086,436.0321750955288,3
516,14.8459657908261,13.423134283716736,495.2088711782202,6
517,12.631693576200357,13.424176572990493,421.34858756072066,3
518,15.636446957794558,13.424905845561202,521.5765249838073,7
519,12.300384711005963,13.425152509788855,410.2972964924335,3
520,14.69567640598297,13.42521835861147,490.19574925224725,7
521,15.526957915818343,13.42552330207095,517.9243580822151,3
522,14.464488150383874,13.426292632505104,482.4841273410856,4
523,16.826981894800713,18.561114089309303,561.2885565592381,6
524,19.179954754708767,18.570030280385108,639.7754027695457,4
525,18.920864008516297,18.570030280385108,631.1330525336332,3
526,17.413778695967196,18.572717456492317,580.8620208667074,5
527,20.630354236231007,18.57366767371301,688.1555957540897,6
528,17.071821055467332,18.57771560872521,569.4555243457908,6
529,18.10854068289664,18.580309287728504,604.0368216262154,8
530,17.916755932860845,18.584674820152678,597.6395611911206,6
531,21.30760412328447,18.586627990038092,710.7462548461757,6
532,20.28508195492566,18.587605429931266,676.6385345481419,3
533,17.665073663272718,18.588529839892235,589.2443315122724,4
534,19.352157544974883,18.590065095681275,645.5194783374767,5
535,20.07993278405256,18.590731233956497,669.7954843375593,3
536,19.386969813427577,18.59107446689243,646.6806923943126,5
537,20.70971096505293,18.593210403378375,690.802655342802,5
538,19.595203567415087,18.593759067592906,653.6266333796461,4
539,19.388162660855027,18.596908469615713,646.7204815623842,6
540,22.280053693485176,18.597044940827892,743.1837305026544,14
541,18.96054061671847,18.5979434046869,632.4565237470803,6
542,19.351876308756324,18.600833814998683,645.5100972926671,4
543,20.677566429642287,18.601565947172194,689.7304274177525,5
544,19.290869698783286,18.60227014219231,643.4751327181274,4
545,17.53996770494128,18.60539490569046,585.0712395574691,5
546,17.34505655188003,18.607227112890637,578.5696933834136,4
547,20.434643944564577,18.60785383175911,681.6273931447329,4
548,19.559154296361754,18.61192844522152,652.4241572944493,7
549,20.459109807129188,18.613017289529346,682.4434877224605,4
550,18.104346431000348,18.614182222814534,603.8969162285968,6
551,18.20934505993904,18.615258188864516,607.3992988451673,4
552,19.934091220089268,18.618539429611822,664.9307259729835,5
553,18.80479428621458,18.619105294576084,627.2613774288367,3
554,12.682385803298011,13.636353306839107,423.0395008305095,2
555,14.213094971283146,13.636142704226815,474.0985406976552,3
556,12.480182793169744,13.63610327526908,416.2947241143774,3
557,15.089154268638223,13.635166330669405,503.3207780273731,4
558,14.332736662770523,13.635140417352513,478.0893640514264,7
559,15.397976706338934,13.635128912510748,513.6220014656473,4
560,15.503217428953201,13.634730968380431,517.1324594703394,6
561,13.886320253885795,13.634219207381696,463.1984927511673,8
562,11.742944069456934,13.634202878376705,391.7030497630669,5
563,15.168910492311957,13.633882507039683,505.9811633503214,8
564,14.71374264708732,13.631090518046168,490.79837510965336,2
565,14.330889426648481,13.630983189295831,478.0277467927256,3
566,12.785568108433866,13.63095811282776,426.48129731393317,6
567,14.783613702202619,13.630931022899018,493.1290261982514,4
568,14.13315930519155,13.630846104841112,471.4321698107871,2
569,15.190258346446244,13.63066650495581,506.69325220306894,6
570,15.408086465505285,13.630616145042366,513.9592272477346,4
571,13.997291841252805,13.630530212015012,466.9001121194963,4
572,15.347269157120193,13.630451053260073,511.93057710413194,8
573,15.802853812700155,13.630419599982403,527.1272686629447,4
574,13.509812996822342,13.630239156253998,450.63954331077355,7
575,13.57239357582714,13.630145716346682,452.72700992111663,12
576,13.156658911757471,13.629512788936827,438.85957302921594,5
577,12.100025148909344,13.629431919886592,403.61401067771465,6
578,13.991555540265374,13.628927630116065,466.7087694223119,5
579,15.177286889182621,13.628918248457609,506.2605703014964,16
580,13.596289155898013,13.62891356396542,453.52408189337984,4
581,12.30904439650932,13.628863858919875,410.5861529496891,4
582,15.612501321733319,13.628787157091535,520.7777833208797,2
583,15.494815354895083,13.628784113428328,516.852196019076,6
584,13.069508620220262,13.628725137302256,435.9525477737985,5
585,13.377403812658239,13.628483523548246,446.2228415921118,5
586,15.76671584724616,13.628106644291373,525.9218340464776,4
587,14.226583613924843,13.628087263834125,474.54847407285195,8
588,16.60365442568857,13.628012058950794,553.8391426618646,5
589,15.108971761192196,13.627533522578016,503.9818194345478,5
590,14.248094573792232,13.62742602664748,475.26600355553956,5
591,13.22390191982078,13.627293633809899,441.10256177018664,3
592,14.136572781849068,13.627265148777076,471.54603131001056,3
593,14.831709646177362,13.62721953209966,494.7333366526579,10
594,14.768301153808894,13.627097974626329,492.6182537829193,4
595,15.034602625752107,13.62707001157488,501.50112830736333,4
596,15.571223371366262,13.627057470153366,519.4008970007959,7
597,15.361216224837943,13.626947046710638,512.3958019172607,3
598,25.104754470413372,13.626793497984472,837.4057503340106,21
599,14.151230595369817,13.62670288049674,472.03496408742785,9
600,11.54621703290275,13.62668802451658,385.14093214304415,3
601,12.77192621335584,13.626682748218773,426.02625197990074,5
602,13.290110046864118,13.626621866668364,443.31103054331396,3
603,12.057864208464409,13.626602468969633,402.2076709339945,4
604,13.985673785616225,13.626481551413637,466.51257490580883,2
605,13.130753556003475,13.626432831026476,437.9954620538064,10
606,11.883426926168287,13.626419234297792,396.38906062097345,6
607,15.8739909606693,13.62640088173461,529.5001521277852,4
608,13.503630026640046,13.626394380617954,450.4333013102433,4
609,14.100721364297765,13.626387896295261,470.35015491733486,3
610,17.82297027189118,17.10819160340778,594.5112034974642,8
611,16.2803862007746,17.108757181942615,543.0560588933193,2
612,17.068292133661565,17.111316769089694,569.3378120050423,4
613,16.26593221396794,17.113526551994955,542.5739250536352,5
614,15.727418374824946,17.113902708834548,524.6110094607243,3
615,17.46982282044823,17.117215872109956,582.731454490054,6
616,18.32030569716597,17.122556436774655,611.1005529555815,7
617,18.440380195737962,17.123548512070933,615.1058132217659,3
618,15.224577933597445,17.12992543766451,507.83803215554263,5
619,19.35623117557423,17.13160649973096,645.6553602355709,3
620,17.459454913196087,17.13167845025585,582.3856178015453,3
621,24.860873655852437,17.134115692224693,829.2707495814577,31
622,17.17599312059405,17.135591684613892,572.9303357192337,5
623,16.13818460978328,17.13791453802307,538.3127171433287,6
624,17.529852520659784,17.142543988000384,584.7338328127429,5
625,15.79860738566703,17.142719947725215,526.9856228874363,6
626,16.16134390976094,17.146899489075558,539.085229417761,2
627,16.28258748424341,17.151494857397527,543.1294859183504,8
628,16.070233380701115,17.15512123872917,536.0461046559319,5
629,16.777747836766807,17.156379747684326,559.6462826481962,4
630,19.374007497290027,17.15655974201008,646.2483154083507,3
631,16.785089143615455,17.158467858451484,559.8911626599594,2
632,18.629411503778847,17.162558909567096,621.4112285777754,19
633,19.25567848434908,17.162725524767374,642.3012783646354,4
634,18.200691173446018,17.16319531074529,607.1106358223708,5
635,18.474718200330102,17.170789529335067,616.2512075148803,3
636,16.73235564172149,17.173648768786656,558.1321596881,5
637,19.168660735948194,17.173910716403302,639.3986742791067,4
638,18.111784486780763,17.176582315130137,604.1450234422788,5
639,15.468102989831054,17.177573372579463,515.96116606951,6
640,18.22814746122581,17.183581823029304,608.0264804006047,4
641,16.30871220977844,17.183738191889926,544.0009142931913,7
642,19.460347874763965,17.184567544863775,649.1283247973249,5
643,18.249499715733403,17.18688880074434,608.7387160342305,6
644,16.461013706059568,17.1879736883554,549.0811531348257,3
645,17.294406050723605,17.18854039321611,576.8801719433342,5
646,18.52381490543717,17.189596328870937,617.8888998184465,5
647,17.682127017003957,17.191618104452893,589.8131710320474,4
648,16.429820631076026,17.19364574092335,548.0406625619105,4
649,20.022813184729284,17.195536064624005,667.890176680141,16
650,16.491605890445097,17.19601341584162,550.101600124256,6
651,15.571276112753688,17.19607708697755,519.4026562668013,5
652,17.923441295060726,17.197878159199856,597.8625612111306,6
653,14.836676234496563,12.749569289662348,494.8990044596441,4
654,10.897138692503665,12.749714111249224,363.48997613357477,3
655,12.688160519732364,12.749805211208779,423.23212493103097,4
656,11.971302451102996,12.749850930358207,399.3202770955528,2
657,14.608216642752982,12.749899821757483,487.2784011165402,3
658,13.813528118752092,12.749899821757483,460.7704047723786,4
659,11.288883259983521,12.75070591102275,376.5571883166836,3
660,12.889564595831194,12.75118011239616,429.9502520357846,4
661,11.553454203995937,12.751284775039661,385.3823385545957,4
662,12.682883902638608,12.751551995460842,423.0561156614789,2
663,13.62807335259428,12.751879693744211,454.5842901943441,2
664,14.059643038409773,12.7521337334845,468.97992736329763,11
665,15.93054474017423,12.752150769662471,531.3865860387946,16
666,14.551564290373245,12.75237337965333,485.38867916332805,10
667,14.690135512217305,12.753870102145783,490.010924648333,5
668,11.63636027301248,12.754182365891397,388.1477915692373,4
669,13.922050934644778,12.754278604420172,464.3903417918016,3
670,12.851263494673926,12.755121755550055,428.67266286871984,5
671,11.8689588020566,12.756222900384515,395.9064552108328,6
672,14.958668083831757,12.756298264845789,498.96822076078604,7
673,17.15879233493707,12.756956288954115,572.3565783922543,19
674,11.60236457179213,12.757045584343466,387.0138153050158,3
675,15.548985513134598,12.758224254425734,518.6591207615479,5
676,11.075139071352183,12.758575156560866,369.4274387359297,2
677,12.879357851810015,12.758596405292472,429.60979118222014,4
678,11.886607443583607,12.759863416353234,396.4951514244412,4
679,13.285362829268074,12.760439321268096,443.15268016718505,5
680,13.06971148697624,12.760676538035948,435.9593146907269,5
681,12.639716496906596,12.76091515919596,421.6162037981866,4
682,12.851921145860768,12.761346390850138,428.69459978454285,5
683,12.930990395589902,12.761657832306485,431.3320700882579,4
684,13.548819065520004,12.762129328105003,451.9406476997386,4
685,11.320060847398823,12.762629524843854,377.59716227914095,5
686,14.128322333156998,12.763106922364885,471.2708255442773,4
687,13.392322802239356,12.764305644863867,446.72048627846493,5
688,11.826905530103758,12.76444726890971,394.50370690691403,4
689,11.536998813463047,12.765246137789227,384.8334449706145,2
690,11.692034868100686,12.765335710111588,390.00489899999616,3
691,13.642398049068422,12.765755853718616,455.0621113661613,8
692,15.293085701379868,12.76590675893922,510.12320880409976,5
693,12.443713242160802,12.76605306117764,415.0782289774511,6
694,11.348159310065611,12.766108664983571,378.5344275386138,4
695,13.601519044139108,12.767083781013103,453.6985324538049,6
696,13.99733388012455,12.76832433169785,466.9015143874603,4
697,14.081382258675676,12.769674065740137,469.7050708049473,2
698,14.751003677825615,12.769890386274849,492.041271208892,3
699,14.198145184731786,12.769922903201515,473.5998687333813,5
700,13.493106506548678,12.770227260548051,450.0822739282128,7
701,15.067511685666874,12.77030359432101,502.59885806382005,4
702,10.767678533982004,12.770472967036614,359.1716434722075,3
703,12.168034416287949,12.772249340336318,405.8825591172529,4
704,22.05518214342379,12.772271868142541,735.6828115301205,30
705,12.654225608238761,12.772474977386334,422.1001763969272,5
706,12.224232061900992,12.772650394786703,407.7571136621722,6
707,13.395056622803494,12.774117316142503,446.81167685607,2
708,12.293003310523522,12.774460027328889,410.05107909895935,3
709,13.640937142005685,12.7766007328625,455.01338067745917,5
710,17.134185958723602,12.776648778573756,571.5357967765518,23
711,10.683881775538122,12.777130988899948,356.3764802108836,6
712,11.994545649395645,12.777270214304169,400.0955879208133,5
713,12.82193214938277,12.777634651049558,427.69427300871166,5
714,13.619899354817868,11.014999127868327,454.31163456055754,7
715,10.950647857578447,11.01503725659181,365.27485248367026,3
716,9.555724904925935,11.015291979238508,318.7451601418962,2
717,11.605761226671785,11.015381350393454,387.1271156892707,5
718,10.366109638524064,11.015682209673914,345.77672648116237,2
719,10.599134882904712,11.015688624789675,353.5496238360167,3
720,9.301838987268177,11.015965020835626,310.2764245633031,6
721,13.551325892659841,11.016164945165638,452.02426658015696,10
722,10.823627253357474,11.0166769375181,361.0378947189209,3
723,11.056088952441186,11.0170943569562,368.7919941973497,2
724,19.271465381237736,11.017757905023002,642.8278733667921,19
725,11.115106266971818,11.018201327490463,370.7606029170831,4
726,11.141904415112975,11.018633988191995,371.6544942864711,13
727,11.932987111373237,11.018801045059142,398.0422129801074,5
728,10.923078898795971,11.02018450709518,364.3552495995881,9
729,14.253578429990005,11.02117079283298,475.4489255880746,20
730,20.262826530381325,11.021301820369757,675.8961723588797,37
731,10.298761988982008,11.021994868222002,343.53024727084136,5
732,12.587674687963796,11.023632023665144,419.8802732549166,6
733,11.616026302509049,11.023923342637161,387.46952228575304,5
734,10.402506045813846,11.024422954057004,346.99078180251126,2
735,19.209786663993544,11.02460924273463,640.7704896726244,37
736,13.14530206386669,11.024946983206778,438.4807487813781,5
737,10.229191372176912,11.02504783262367,341.209617740864,3
738,10.430782650673985,11.027724355293815,347.9339892550163,3
739,13.160192465601964,11.028342049377335,438.9774398783811,3
740,11.381026279723457,11.02894868020518,379.63075331307897,2
741,10.062914501868176,11.029016316587258,335.6632098877947,8
742,10.517128580589382,11.029362741214204,350.8141838537847,3
743,11.996618343813783,11.029627140392522,400.16472567025744,4
744,11.393814323341974,11.031489951710217,380.05731718464716,3
745,9.95295339831437,11.031628727752771,331.9952966828458,3
746,12.362159201569426,11.033551850703525,412.35787484554044,3
747,16.696330464335382,11.034490886546621,556.9304872823618,22
748,11.719182252180504,11.035206483195685,390.9104396441701,3
749,9.72774375658606,11.035862520505301,324.4831001689858,5
750,11.990335794406018,11.035974912685026,399.9551620592283,5
751,11.891925551414552,11.036007045403256,396.67254467812853,4
752,12.680133459611058,11.03603918730662,422.96437061732996,5
753,10.632685913812594,11.036103498668426,354.66876747253406,3
754,20.23805496903736,11.036805256876752,675.0698807519,31
755,12.363479338066302,11.03718617504265,412.40190992642573,5
756,12.465072523948944,11.03752764259785,415.79069901628276,14
757,12.438978400079998,11.037568360924563,414.9202914047072,7
758,12.980066283827753,11.037951814390805,432.96906801474864,2
759,9.733353237433287,11.0380744599648,324.67021259517554,3
760,13.820821966885855,11.039010784788331,461.0137017293942,4
761,10.800860730927319,11.039200596199942,360.2784841132291,5
762,13.103055819310777,11.039730363861878,437.0715635944514,4
763,11.531359487892841,11.040329160272387,384.6453370301022,4
764,12.858808474411248,11.0409141732358,428.92433668714466,5
765,10.229652746300363,11.041560932101824,341.22500754857913,10
766,10.011852601111995,11.04300087486829,333.959965613225,5
767,10.821724835102536,11.04327377498893,360.97443677958506,4
768,10.810557240198278,11.043795615946909,360.6019253415127,4
769,11.27107319119135,11.044880265430002,375.96310746088454,4
770,10.873609557403379,11.044949439053092,362.7051274684908,10
771,11.717888392105325,11.045599724134894,390.86728105170664,6
772,11.412281430541185,11.045913005016937,380.67331451610397,4
773,11.407174300034832,11.046043757713266,380.5029587192064,4
774,13.109770802179533,11.04613099774119,437.295551655132,3
775,10.541270890071273,11.04624449536512,351.61948584589555,5
776,9.705892465961313,11.046331867064596,323.7542184568405,5
777,13.49241888230433,11.04640180564155,450.0593372172816,5
778,13.061299153632643,11.046541792705492,435.67870902601277,3
779,11.610835112983853,11.047861297424415,387.2963625775155,6
780,11.523310405797734,11.048685856498707,384.3768481413024,4
781,12.321224699534362,11.049059859976936,410.9924447461694,5
782,13.552726407597385,11.04907769483689,452.07098280132175,6
783,11.731176841570933,11.049595901072998,391.310536691137,6
784,17.236244118527644,11.051815193568766,574.9400957506418,27
785,9.808560221851508,11.05330475546847,327.1788513986867,3
786,10.935452952571797,11.054457342698669,364.7680042353297,3
787,12.381540709933436,11.054920876752467,413.00437336331305,3
788,10.068134929501252,11.055264811194945,335.8373448758223,7
789,13.310943668713449,11.055311348786903,444.00596642717113,10
790,13.334784968786048,11.058034950702227,444.80122781081707,5
791,10.706125466781344,11.058186615664441,357.11845101875116,4
792,12.116429187530724,11.05931920694837,404.16119134368904,3
793,11.314648575547272,11.05965385950104,377.4166280470217,5
794,11.738745324932564,11.061996567165506,391.56299450727715,8
795,10.739194195728773,11.062083980667014,358.2215067689856,3
796,11.356988776718993,11.062706919292511,378.8289472940903,4
797,11.360064900770928,11.063253905548807,378.931555904458,3
798,11.659649909625116,11.063253905548807,388.9246514124832,5
799,9.818344473971923,11.063675125770557,327.5052194178605,3
800,12.58684883837116,11.064097399505632,419.85272583561806,13
801,10.805545261155782,11.064185915696447,360.43474346065875,5
802,10.89073377499173,11.064846319931924,363.276330755715,3
803,14.47663083771921,15.253316631548175,482.8891644112988,4
804,17.149914180970136,15.252723903181224,572.0604346003274,5
805,14.5511330709721,15.252148623241808,485.3742952104159,4
806,16.654990480535115,15.25165688101344,555.5515317465148,8
807,16.05263552278886,15.251251998551785,535.4591024039621,3
808,15.010323350151712,15.251240992154216,500.69125761033354,4
809,16.08327534252843,15.250582104318136,536.4811383401969,7
810,15.606055914146593,15.249923929891704,520.5627873374403,5
811,14.74971659979165,15.249643097382625,491.9983388413183,2
812,13.614656895449,15.249516711635426,454.1367646718058,5
813,14.795115047208164,15.249514691770203,493.51267035838725,4
814,15.378291425910243,15.249221026602086,512.9653701870044,2
815,14.811566957364587,15.24918189614364,494.06144784932843,4
816,17.612305151949336,15.249164777598372,587.4841607497643,5
817,17.06331483644979,15.24911525588055,569.1717869873042,2
818,14.119511253366863,15.249022929125404,470.976919109478,6
819,17.2879643851415,15.248927417181143,576.665300779924,6
820,16.75796952010759,15.248625995199852,558.9865480102068,3
821,15.118662992126762,15.248598380864347,504.30508459621205,3
822,16.524779419509798,15.248592410544061,551.2081516354605,7
823,16.408038718887056,15.248592410544061,547.3140950688162,12
824,17.200509003484253,15.2485696086971,573.748098797975,2
825,15.439034203149863,15.248548645913571,514.9915342353986,3
826,13.778670749611333,15.248513054626462,459.6076863162237,3
827,14.859344808549485,15.248450487669961,495.6551478541617,7
828,16.381311306219,15.2483996635788,546.4225631844412,4
829,14.319570276029475,15.248353260076264,477.65017999244395,7
830,17.39013854291482,15.248341203636796,580.073469035692,4
831,15.078398426580376,15.248323827861283,502.96200120684927,3
832,14.129616380365494,15.248302491361134,471.3139903788458,3
833,13.407106255318357,15.248301699634021,447.2136099468417,3
834,13.369797008987373,15.24830397077794,445.96910554609104,3
835,14.648346677966677,15.248315753366956,488.6169970501773,6
836,15.882285970601135,15.24836228509638,529.7768442987516,3
837,13.840328317132498,15.248369787574825,461.66436453049107,5
838,16.230116645584705,15.248434338900159,541.3792444623174,5
839,16.370049006325168,15.248453408775498,546.0468927231269,14
840,16.49785507062417,15.248484590607204,550.3100506559271,3
841,14.25177913348602,15.248524262433078,475.38890742534886,6
842,18.945171075670512,17.16634408128262,631.9438502585297,12
843,15.045090018239174,17.160916336339177,501.8509506003887,3
844,19.05023050583782,17.159601746383935,635.4482609888796,8
845,18.35910884323887,17.157963612681133,612.3948885640334,3
846,18.703261604278907,17.157754341030675,623.8746065364955,5
847,15.136156873843056,17.157336076550205,504.8886185703106,4
848,19.538097260888463,17.15493827154046,651.721769122874,5
849,18.26743549013662,17.142981870010974,609.3369899842764,5
850,19.327776976006646,17.141642033606196,644.7062288522258,13
851,17.32687676744098,17.141175317953333,577.9632801222507,4
852,17.74715026164081,17.13396159793602,591.9821163220103,11
853,19.2674078529268,17.133924408625607,642.692528584045,4
854,18.21334852502888,17.125142446498078,607.5328402702166,3
855,15.661297996227413,17.12395500290416,522.4054676651616,7
856,22.321484339836907,17.122843451746625,744.5657102203163,23
857,19.216479898124614,17.1217109296119,640.993752272396,7
858,16.186205724756814,17.12160266596681,539.9145315671136,5
859,18.717759983220503,17.11770107039156,624.3582211406743,7
860,17.85770956863544,17.11243799521896,595.6699834763916,5
861,17.53707104485556,17.111933266730308,584.9746172297979,7
862,16.05904115814936,17.10938482332052,535.6727717267091,4
863,19.004785600429727,17.107908200194753,633.9323797976506,4
864,17.430606879924177,17.105295117999678,581.4233495198063,4
865,16.092837708453462,17.100318195742016,536.8001050212634,2
866,20.71032229204908,17.099682528812053,690.8230470475891,6
867,18.05673894666588,17.098799052274472,602.3088990588768,4
868,15.501994133926503,17.09298850080083,517.0916546781269,4
869,17.55176296063523,15.465357507463713,585.4646875378672,5
870,16.47804627600151,15.464345013865314,549.6492993809545,6
871,14.37825735278736,15.458492156592435,479.60777314896194,2
872,14.535366654708199,15.458476497331946,484.8483833694094,5
873,16.547330249793013,15.452353245352427,551.9603675145772,7
874,14.790706756393952,15.451377379269982,493.3656253800619,5
875,17.054024508728975,15.450913237302377,568.8618945378454,6
876,15.294102537150401,15.446245524901709,510.15712684629347,5
877,16.478390053496213,15.444009475300039,549.6607665813701,6
878,16.99141409094578,15.440625765278341,566.77343261147,2
879,14.512755237630078,15.439987818538555,484.09414652926284,7
880,16.9269563402289,15.437624473913514,564.6233501971001,4
881,13.502543609487942,15.437050260768013,450.39706227944515,6
882,16.894139908851155,15.435331085544965,563.5287102007777,10
883,17.91570669040402,15.43228261671806,597.6045621765763,5
884,13.894398683388424,15.429563526785369,463.4679605656063,3
885,15.894017103391649,15.42488875533361,530.1681533660554,4
886,14.991255243576214,15.424312739796733,500.0552130669335,2
887,16.262566622558364,15.424002830085213,542.4616608367922,5
888,18.011720048281198,15.420693463904255,600.807227954088,5
889,13.675677751175108,15.418337890665306,456.1722044342447,4
890,15.307145900190577,15.41658894901347,510.59220727005976,5
891,15.608076294611106,15.415861929180618,520.6301800785579,4
892,17.076872101427785,15.413947419544776,569.6240093607496,6
893,15.517038159499121,15.411564123269718,517.593470122589,5
894,13.273427996454243,15.411275982096383,442.7545763881038,4
895,14.684733026010163,15.407473288730257,489.83071683067465,9
896,16.711063030953984,15.407258886185796,557.4219135585333,6
897,13.932778128405143,15.405390283317963,464.7481630065226,4
898,16.122693259958965,15.404096309494134,537.7959805451434,19
899,14.55564888879141,15.40262156246593,485.5249269090373,4
900,14.24489898732173,15.399403698662033,475.15941010172816,4
901,16.868516168589387,15.396612235517791,562.6739929214051,7
902,15.690909612136043,15.39557827392125,523.393206360945,10
903,17.76064296526877,15.387152913636694,592.4321851573347,4
904,14.21573623963451,15.386344615267241,474.1866440610326,4
905,14.16802053916537,15.386262494165669,472.5950171840933,4
906,15.786780754075796,15.386262494165669,526.5911283181605,3
907,17.06524189389462,15.38320704315772,569.2360668028039,6
908,17.518064826314028,15.3822021072601,584.340637052157,3
909,16.630903851321584,15.381361837617794,554.7480870510749,5
910,15.484431051637927,15.377653566837287,516.5058124178739,6
911,16.405737564116823,15.377103316937514,547.2373366906663,6
912,17.727031140157777,15.376955804600867,591.311013641384,4
913,17.625717552199312,15.376513561275225,587.9315509486347,9
914,16.166816520983346,15.375978099407327,539.2677763577195,5
915,15.54679987603708,15.375349758908474,518.5862156440825,4
916,13.476062165753211,15.374882426427465,449.51373504807367,5
917,16.62423392834579,15.374375598168934,554.5256020289331,12
918,14.360156056061296,15.37402915766276,479.00397796009554,4
919,17.740669685028436,16.54981749834609,591.7659472243568,3
920,18.446482418169428,16.54974397782824,615.3093617631366,3
921,18.44646294678037,16.54954088621511,615.3087122665171,6
922,17.363899225478896,16.5494321960328,579.1982182806378,3
923,14.876415232798731,16.549428331821314,496.22455678599596,5
924,16.332864575828147,16.549361709583902,544.8065517368091,6
925,17.571545100099385,16.549112508504816,586.1245496910987,5
926,16.151458879061394,16.549033106738385,538.7554997818952,5
927,17.682229421487136,16.548801702199103,589.8165868831435,8
928,14.917268935193336,16.548591880275385,497.5872916953533,5
929,18.430178496519225,16.54858075728798,614.7655206449547,4
930,17.728902544275176,16.548534528422735,591.3734370588667,2
931,16.296148509645207,16.548397030219796,543.5818337262237,4
932,19.54677431209064,16.54837747016541,652.011204838376,7
933,17.858218954902096,16.54831223323054,595.686974799264,4
934,16.44528399063268,16.54822924592123,548.5564655038387,5
935,17.914075825141925,16.54822419206306,597.5501622839143,5
936,14.550134138556196,16.54822428168606,485.3409743607633,3
937,15.304121580048635,16.5482562414683,510.49132665476844,7
938,14.87430441929735,16.548314835840518,496.15414751885805,4
939,18.337333019310485,16.548486909275297,611.6685241537627,5
940,17.670245274767108,16.548502941738622,589.4168381666991,6
941,16.424956438528913,16.54876283683102,547.8784103154491,4
942,16.992263626282934,16.548778447960967,566.8017701033694,4
943,17.92026772072187,16.548981623242256,597.7567020041186,2
944,17.666703893085298,16.54898699262481,589.2987102085879,3
945,17.991763931782373,16.54931699877689,600.1415625427754,6
946,17.201489373231585,16.549443696880125,573.7808004627069,4
947,17.2950392174589,16.54985195368815,576.9012921445168,3
948,18.75750181210909,16.5500093245124,625.6838678853702,18
949,16.35405579675356,16.55015068694044,545.513415860115,8
950,17.219782724059844,16.550166589971077,574.3910018966432,6
951,18.18152562688097,16.550305038032604,606.4713410258101,6
952,17.96703887704451,16.550333043792314,599.3168222315642,6
953,19.661529386528727,18.602298752367123,655.8390279436652,6
954,20.850654891574898,18.60219858577933,695.5040458576245,4
955,19.41993308554614,18.599345925661698,647.7802304780027,2
956,21.829311551342435,18.59295465918482,728.1485680519305,7
957,19.438211685048486,18.587950789884644,648.3899398599191,6
958,17.671943066823385,18.57998560026833,589.4734705003264,4
959,20.90343075141881,18.575212006681024,697.2644617407673,4
960,17.744976487366063,18.563930480025093,591.9096069063238,3
961,20.2893926019197,18.550908412495843,676.7823224742389,5
962,19.162384361112515,18.549201571730908,639.1893166299473,2
963,19.330136607318757,18.544868229113444,644.7849378008337,5
964,17.99563645540946,18.539210931025664,600.2707362240974,9
965,16.74624424157941,18.532966484806515,558.5954342203731,7
966,21.014001752647765,18.524937676724345,700.9527189734137,8
967,20.117495384186096,18.523614948997526,671.0484397244121,4
968,20.625230412548472,18.52284579945355,687.9846831319205,4
969,22.91354649276732,18.521212425486723,764.3148080258086,16
970,19.782860410100998,18.511586019553977,659.8862014363624,7
971,19.62431496093265,18.510392262320803,654.597686427011,3
972,19.914584955111486,18.50479215364204,664.280066016154,5
973,19.930852971646353,18.504720775408376,664.8227094667753,4
974,17.807714468355428,18.4904313969427,594.0023238897445,3
975,16.43403256035435,18.4763505655042,548.1811576144244,5
976,18.394904826948235,18.464195695544742,613.5889158799513,5
977,20.421048618591207,18.462336929554624,681.1739011911994,7
978,19.096002434353434,18.45563906809499,636.9750505134705,5
979,21.639918186849396,18.446458475400807,721.8310757741833,9
980,17.6709342054779,18.445768513240917,589.4398184567266,6
981,15.476855454623976,15.929960157019657,516.2531173154713,4
982,15.567360061659917,15.929842594811433,519.272030663257,4
983,18.94816652586386,15.929599932665022,632.0437678745217,9
984,16.029864747150775,15.92938088383905,534.699549926308,6
985,14.241173485377967,15.929088971964664,475.03514054337563,5
986,14.208985061889003,15.929081062897254,473.9614486673761,5
987,15.622967947362168,15.929067283894145,521.1269129050197,2
988,16.84101176721256,15.928868254155612,561.756543443873,6
989,17.01051074137357,15.928753450945548,567.4104292767508,4
990,15.404790942345727,15.928635409397113,513.8493002597043,7
991,16.53992990110358,15.928562651808203,551.7135180759853,3
992,18.372545672570396,15.92846618951237,612.8430936305971,6
993,14.8201392828211,15.928456527589661,494.34739028463395,4
994,20.14410858737487,15.92844150366803,671.9361619848052,15
995,14.164161891230716,15.928354818476569,472.4663063467576,7
996,24.901647923362106,15.928208493426949,830.630834824215,29
997,15.754023798499446,15.92820225119762,525.4984722240569,3
998,16.383522786374925,15.928145363886554,546.496330334863,3
999,17.348725729286954,15.928081210164352,578.692084154579,8
1000,16.912940614336662,15.928051342009988,564.1558351902873,2
1001,17.07281071158093,15.92802979370337,569.4885357708322,6
1002,17.2879007415888,15.927907821556113,576.6631778562737,4
1003,24.269489682895017,15.927873441395873,809.5442734594324,37
1004,17.993706883124045,15.927871808538077,600.206372522417,7
1005,15.336342219174444,15.927868802379,511.5660931303852,3
1006,15.433512289894889,15.927889129642216,514.8073427541392,8
1007,17.497384027979496,15.927903300547836,583.6507988198316,5
1008,15.220957853051862,15.927946707747047,507.7172790818922,2
1009,17.908339709012925,15.92795361706681,597.3588257529528,6
1010,14.948573322778772,15.928023996000615,498.6314952626745,4
1011,15.17581405199424,15.928057813395156,506.21144166602977,3
1012,17.317749399517645,15.9280621266207,577.6588234348363,8
1013,26.0034729294671,15.928130361006033,867.3838170954228,37
1014,15.495818817273651,15.928316682680938,516.8856679722492,4
1015,17.119595239003257,15.928461170601848,571.049102010836,8
1016,18.042918472780343,15.928899633552525,601.8478969679092,3
1017,18.02938960842982,15.928923434358119,601.3966219388716,3
1018,16.496231649442727,15.929100626967681,550.2558990714471,4
1019,16.14519761635542,15.929119603665423,538.5466462198932,6
1020,13.66436309623601,15.929537687548738,455.7947875939321,4
1021,17.325664891140804,15.92964712311667,577.9228562183381,3
1022,15.324392194090105,15.929680751903634,511.1674825909332,5
1023,18.324975107009966,18.525232968820113,611.2563079405043,3
1024,20.554855784860326,18.52492641115207,685.6372346446979,8
1025,20.558540281059354,18.524420882039475,685.7601363965467,5
1026,17.689577709673753,18.52206653908784,590.0616997676307,5
1027,17.95608781334267,18.519841791387922,598.9515335079878,4
1028,20.500238449334525,18.515927748182186,683.8153936507487,2
1029,18.306562696033406,18.515050900755543,610.6421350814367,3
1030,20.59528690362904,18.514250624128685,686.985873660039,5
1031,18.11165631001334,18.51394887630916,604.1407479190019,2
1032,19.95117610772952,18.51123914783795,665.5006173523483,6
1033,17.54313808511918,18.509618497699076,585.1769922185774,2
1034,17.174302148514247,18.50655296815557,572.8739308758821,3
1035,20.674714870369485,18.505211556642013,689.635309493565,3
1036,18.23064945426155,18.50439313642336,608.1099380324207,5
1037,18.28817480123495,18.50293736382571,610.0287799952949,6
1038,20.70213490468311,18.499607166423328,690.5499447844876,21
1039,20.39393466182236,18.489718115183727,680.2694755638029,4
1040,16.516866369698608,18.48725157015078,550.944200302163,3
1041,19.677248623573124,18.484578384298807,656.3633660529008,4
1042,16.65421546685414,18.483901076750694,555.5256800332944,4
1043,20.612586973474684,18.482563053539575,687.5629427561337,5
1044,20.61571322892371,18.481945377431913,687.6672235724673,4
1045,18.706955108358578,18.48135700753962,623.997808759359,4
1046,19.3748147762852,18.481156229782048,646.2752433782489,4
1047,18.853242715971298,18.480683227855852,628.877445561299,4
1048,19.50304199135597,18.47913777390786,650.5524494101234,4
1049,17.523161587915027,18.478823438638134,584.510646979073,5
1050,17.695017187778717,18.476485326646664,590.2431415040667,4
1051,20.629218919065814,18.469103360780174,688.1177255919375,6
1052,20.938002773071382,18.467069049942552,698.4176620147095,6
1053,18.029749008684583,18.46578197707397,601.4086102592659,5
1054,16.90565548570261,18.46550255493659,563.9128290849192,4
1055,16.978293466484413,18.46160476090659,566.335775020161,8
1056,17.464119769398113,18.458477909018672,582.5412208930896,6
1057,19.09639602081186,18.452139323409167,636.9881791646161,6
1058,20.55808151271554,18.45054550074094,685.7448335084171,3
1059,18.26355592186356,18.449037674980733,609.2075813184995,3
1060,18.79112452901681,18.446871537287237,626.805402713108,3
1061,19.80565013699244,18.445293010586383,660.6463860607502,6
1062,18.23224119260061,18.4450101737517,608.163032789421,5
1063,21.064763207395877,18.43967786176453,702.6459414325892,5
1064,14.948867447190976,14.343447291771033,498.64130621200616,2
1065,15.051446462991617,14.343263614027647,502.0629790985622,2
1066,13.999311373242389,14.343174188319594,466.9674765584935,3
1067,15.623963661564597,14.342943465472693,521.1601264064617,4
1068,15.229079348190439,14.342885405344273,507.98818341351466,6
1069,13.121068497181597,14.342524680522114,437.6724027719751,6
1070,14.662469464515784,14.342417071284396,489.0880832215597,3
1071,16.276484884763057,14.342410072922506,542.9259247999632,4
1072,15.219661595335428,14.342302510868079,507.67404051260297,3
1073,15.895291433178212,14.341854086839055,530.2106604972184,5
1074,12.975555510626009,14.341634372628016,432.8186045867137,4
1075,15.094623157919969,14.341266627034042,503.5032008165651,3
1076,16.269511484254004,14.34098469456079,542.6933168414769,4
1077,15.300312821012179,14.34090399717224,510.3642799344939,5
1078,15.769353539477622,14.340902688095003,526.0098181231527,3
1079,14.144396650489906,14.34075260590879,471.8070078751236,3
1080,16.616218593883602,14.340451240895934,554.258238841717,5
1081,16.53969788631455,14.340321462313291,551.7057788838445,4
1082,12.436935760697033,14.340172829099597,414.8521561848559,4
1083,14.040330902206067,14.339842135123206,468.33574285524855,2
1084,14.879541218142267,14.339831660234081,496.32882859256637,4
1085,14.931571672932115,14.339820384954209,498.0643804014822,4
1086,14.530478335073003,14.339748520641002,484.68532632868795,3
1087,14.867037981460848,14.33971016821168,495.91176487233975,4
1088,13.635254393450197,14.339644078814901,454.82382429985444,4
1089,14.646216601575714,14.33950620746897,488.5459452412244,2
1090,16.53601911925738,14.339454272217631,551.5830682358895,4
1091,16.777595414246232,14.339435020111933,559.6411983724125,5
1092,15.61181800921047,14.339374337978848,520.7549904337163,2
1093,16.76688054836257,14.339337999537136,559.2837883720235,3
1094,14.508821175924236,14.339291254143173,483.96292015544896,5
1095,15.08873503628556,14.339265594030039,503.3067939199698,2
1096,15.877822593003213,14.339234377222402,529.6279618203025,6
1097,12.307251913288267,14.339189689797347,410.5263620539663,2
1098,15.465025072113697,14.339160732587244,515.8584976288125,6
1099,12.722256055888536,14.339137652765459,424.3694313353437,4
1100,12.941053577769694,14.339119646963786,431.6677422269338,3
1101,18.128228662894,14.339049235792437,604.693542952914,16
1102,12.678780855275882,14.339039210936285,422.91925252427956,4
1103,16.81604508943932,14.338985382854293,560.9237434434315,5
1104,16.379919762580663,14.338986141010976,546.3761462140639,4
1105,15.424657851361612,14.338989847164596,514.5119900251378,12
1106,14.04191175525317,14.33919632250618,468.3884745174377,3
1107,15.266866630929771,14.33928516425854,509.248633416828,4
1108,14.229590263991387,14.339305214218536,474.6487652769716,5
1109,14.913926415189593,14.339402802051048,497.4757970589473,5
1110,16.652716063850253,14.339529226467574,555.4756652562528,6
1111,14.327248966404255,14.339576274105875,477.9063139244628,3
1112,16.56936597298265,14.339586503825567,552.6954012442843,4
1113,15.927223496451756,15.79487821512717,531.2758011038238,5
1114,16.558853795251178,15.794482522864005,552.3447522032335,5
1115,16.6329225174404,15.79434357427031,554.815422607688,5
1116,17.787404987738423,15.794158967596175,593.3248715021889,7
1117,15.189348988646094,15.794094960515466,506.6629192455467,2
1118,16.71174656860572,15.794042478017946,557.4447139551995,3
1119,17.650161193407776,15.793929349503152,588.7469043005742,5
1120,16.015831583881774,15.793928397959125,534.2314532703265,9
1121,17.869997667851393,15.79383255898351,596.0798709722538,6
1122,13.98494548503405,15.793826201644295,466.4882813762225,3
1123,17.9426442847939,15.793539780776053,598.503104979249,5
1124,16.432063882928905,15.793528303339777,548.115489503686,4
1125,19.593089773009225,15.793358393941862,653.5561246800856,11
1126,16.675875519789244,15.793339259434951,556.248182733003,4
1127,18.5699151137221,15.793297609656396,619.4266395941886,5
1128,17.741636938042966,15.793254670667492,591.7982113613093,3
1129,18.13610621753756,15.793168806345149,604.9563102930551,8
1130,15.290963073317322,15.793096489555268,510.05240544501925,12
1131,17.94009864476869,15.793060243077841,598.4181914383536,3
1132,16.940706961795243,15.79298751384626,565.082022261943,5
1133,16.670390796968675,15.792949767631747,556.0652317929989,3
1134,18.16857783730908,15.79290386010415,606.0394485946616,4
1135,13.941588974636673,15.792857664953731,465.0420616506335,3
1136,15.90908180961634,15.792831941722934,530.6706586438711,2
1137,14.825444610035758,15.792821939745316,494.5243572221993,6
1138,17.978574873295987,15.792812049965288,599.7016222346156,4
1139,17.60435386506599,15.792832791984145,587.2189339630806,6
1140,18.11568857568312,15.792843596110306,604.2752500294578,6
1141,13.987490749098896,15.79285757934415,466.57318237641084,5
1142,16.08053268232898,15.792922956107194,536.3896529036458,4
1143,16.221971455494977,15.792941060871737,541.1075497509933,8
1144,13.662536608833978,15.79295741860707,455.73386243909033,4
1145,16.50048976608987,15.793071388609478,550.3979347711037,4
1146,18.218943969388715,15.793078782008177,607.7194844888694,11
1147,16.889217023255124,15.793158421567655,563.3645001619498,6
1148,17.82154971630002,15.793173425036725,594.4638187910291,3
1149,18.32227825702624,15.793185436347649,611.1663505706036,6
1150,17.935612024384486,15.793208911645944,598.2685336628224,6
1151,16.338264362773998,15.79322495895774,544.9866695166648,3
1152,17.30815451074007,15.79342596969196,577.3387719065242,5
1153,15.632296723168672,15.793437311501954,521.4380878465294,3
1154,13.769009631530913,15.793483716050385,459.28542561278863,5
1155,14.152329280145509,15.793522641817562,472.07161232272733,7
1156,15.962116430655392,15.7935494587599,532.4397058845931,6
1157,17.59174237256412,15.793713929799443,586.7982592118575,3
1158,16.94638740067702,15.793726802429502,565.2715015970078,5
1159,17.032202417874025,15.793794317063282,568.1339868266673,4
1160,17.623378227679773,15.793983825093303,587.8535193627506,5
1161,14.148064301697978,15.794254172890646,471.9293477376974,4
1162,13.599539736850824,12.973167853256,453.63250976846695,5
1163,13.272469957451179,12.974571812323566,442.72261959796054,3
1164,11.736389777077731,12.974621874570063,391.4844217683504,5
1165,14.103749345148115,12.974863917439894,470.4511576409015,2
1166,14.149989198996916,12.975056705832337,471.99355549837605,4
1167,11.455822111085471,12.975375312271781,382.1256775059198,4
1168,11.656376568123765,12.976208030663107,388.8154643260582,5
1169,12.440929113110798,12.976663601506337,414.9853602868254,3
1170,11.887875286854252,12.977171888985785,396.53744218839233,5
1171,10.793407115995903,12.977181532386947,360.0298579013417,6
1172,14.303587862840518,12.977428103206528,477.11706325854317,2
1173,13.44878846421538,12.977462046006584,448.60398090060374,5
1174,14.998977314529823,12.978091873243436,500.31279402151563,4
1175,14.747333180090902,12.978343129741834,491.9188363962648,4
1176,13.038810441059082,12.978343129741834,434.92856517382324,5
1177,13.697257131271265,12.978486570938284,456.8920161735892,5
1178,14.152546354979371,12.978630425261892,472.0788531708441,2
1179,14.118461405555927,12.979300495810413,470.94189990246326,4
1180,21.377219322086574,12.980229837667864,713.0683714737743,30
1181,12.037693324892839,12.980229837667864,401.5348416533076,4
1182,15.114677931415157,12.981003857053178,504.17215707607795,4
1183,10.858052645223246,12.981191265472694,362.18620394217476,3
1184,17.086734855941906,12.98161000648466,569.9529959419166,16
1185,15.121465987871767,12.981767844330447,504.3985826130039,4
1186,13.34976031568608,12.982398286021272,445.30075237785127,6
1187,13.385824691218975,12.983338031417766,446.5037322950237,4
1188,12.20404773641976,12.983881775884921,407.0838360069568,4
1189,14.987557689476965,12.98442491577248,499.931875749752,6
1190,12.115997547903401,12.986054905900339,404.146793373519,6
1191,12.632046364534132,12.986128446239508,421.3603553308337,4
1192,14.62341237145373,12.98783113135372,487.78527684040034,5
1193,13.90071907483301,12.988308850504016,463.6787864530411,7
1194,15.165733019342682,12.98836148380425,505.87517409879786,3
1195,12.475037201975004,12.988660489031943,416.1230854050476,7
1196,11.270016666337664,12.989416547683138,375.9278655313572,2
1197,14.984079160146754,12.990192636945435,499.81584432362285,4
1198,13.765356154966712,12.991830967866504,459.1635585661629,5
1199,14.829212064041254,12.992787622229741,494.65002615284106,7
1200,15.564454393677371,12.992980364739903,519.1751078640314,17
1201,13.440784075917744,12.993260989449901,448.33698283869296,6
1202,14.73899531631702,12.993367261230524,491.6407147728098,4
1203,12.329468797234659,12.993473674490351,411.26743866529654,5
1204,13.672670421951706,12.994387066238078,456.0718905758561,7
1205,15.99472654038268,12.996199393940206,533.5274637209359,4
1206,13.191727976233665,12.997635340386598,440.0293528924609,5
1207,11.597474516511028,12.998329023623352,386.8507003692903,5
1208,15.042854195844852,13.000069916035956,501.77637147905386,3
1209,13.321366543282103,13.000232279798947,444.3536366308008,3
1210,15.140503567482833,13.00100052568251,505.0336088849213,6
1211,15.168051047170106,13.002181868409814,505.9524953024132,4
1212,14.271952262255766,13.002541864047034,476.0618115979001,4
1213,11.65941502004904,13.00287534014314,388.9168163276218,3
1214,11.379032228758687,13.004892728462734,379.564238830879,4
1215,12.620819667953153,13.005955943799304,420.9858724700176,4
1216,13.748301208054329,13.005963116085232,458.59466590350405,5
1217,14.327753179400041,13.00597746212146,477.92313268532985,5
1218,13.090498753280011,13.00599181011019,436.6527043176606,5
1219,12.0259033032475,13.006070758948841,401.14156826224513,4
1220,15.25146829400823,13.00633674757271,508.7349993998582,5
1221,14.689587392185917,13.006423157652222,489.9926413041681,5
1222,15.815643447748165,13.006596188658099,527.553885618968,5
1223,10.96683910483421,13.007997865488907,365.81493518286715,5
1224,13.746952747093973,13.00865035757864,458.5496860187721,7
1225,14.346504334311334,13.008922755486214,478.548604843069,4
1226,12.066068856545263,13.009862822519349,402.4813489534498,3
