Time-of-Flight [s]
3.4109174747116155e-09
4.685456529606376e-09
3.5536752346203366e-09
3.820008545744512e-09
4.704029270137481e-09
4.0540977510565164e-09
3.230296635568126e-09
3.918532552815702e-09
4.110866824491726e-09
3.8214879053738086e-09
3.862914430725166e-09
3.8995254313053115e-09
4.520546948485801e-09
3.6965941305317935e-09
3.7101636116174844e-09
3.843627183078589e-09
4.774652469952828e-09
3.7672303386560514e-09
3.740175718067316e-09
3.6555688692783992e-09
3.982319180365298e-09
3.638429684347793e-09
3.692233816198568e-09
3.727044145691273e-09
4.509396574768511e-09
4.71421201118679e-09
3.391489670929061e-09
4.114139053226526e-09
4.086635349689507e-09
2.560849227493092e-09
3.3418453168857173e-09
4.345185649601862e-09
3.719739693557131e-09
3.1075877184581248e-09
4.344926103602532e-09
3.738643863103869e-09
4.246833735518785e-09
4.532244328281372e-09
4.437362192736542e-09
3.761035717853724e-09
3.926398799836608e-09
2.771944105990161e-09
3.5915351078558326e-09
3.5706942551755056e-09
3.7456650682348715e-09
2.165185257680104e-09
4.2621074434412095e-09
4.452629881495036e-09
3.9917171191663185e-09
4.122061630763385e-09
3.680361346969977e-09
3.4526099417528125e-09
2.8756113620389783e-09
3.0899650378148747e-09
4.983345545799225e-09
3.2041231358141657e-09
4.212040587430423e-09
3.7137809963217353e-09
3.841458073928303e-09
3.0054719603505575e-09
3.77463013118714e-09
3.778440462371996e-09
3.1529759408100994e-09
2.859914285470928e-09
3.09230543760555e-09
4.612797703973815e-09
5.001813843744412e-09
2.0735390510441025e-09
4.0498905286000275e-09
3.7415607367853094e-09
3.5645491157990366e-09
4.434090822336121e-09
2.583942438685318e-09
3.8414190389570295e-09
3.427545627500761e-09
3.5778709929604573e-09
3.455161838186881e-09
3.738376737603852e-09
3.6867417805092414e-09
3.950592622410618e-09
4.049258469550221e-09
3.8815568605419436e-09
3.2124854626118104e-09
3.928667615734499e-09
3.487457582816028e-09
3.751107444219292e-09
5.295582395804986e-09
4.0487266430752725e-09
3.593620065515878e-09
3.631064901950628e-09
3.4331993682480856e-09
4.357735957341211e-09
3.631633936922765e-09
3.5367636638795435e-09
3.6652967499112646e-09
3.133521214836318e-09
4.6558727431860174e-09
4.475516030133446e-09
4.3673323234098735e-09
3.894768143332958e-09
3.6754769205198757e-09
5.480555247842762e-09
3.6136093150360968e-09
3.148271899456134e-09
3.6603777952125423e-09
4.050162164234545e-09
4.379567389206141e-09
3.774081196707488e-09
3.2882201621293853e-09
3.864231934432803e-09
3.7779293458390555e-09
3.2764603285287e-09
3.6876673552404393e-09
3.5992923464879642e-09
3.8266278686754815e-09
4.347736589775967e-09
3.149319730489568e-09
4.391947337231792e-09
3.4819274527258002e-09
3.800982865569664e-09
3.6890023964641287e-09
3.985001718674841e-09
4.095769817135961e-09
6.099478434254993e-09
3.813263963806825e-09
3.6775032205308366e-09
3.9174816609434805e-09
3.2267659209872095e-09
3.6693363732562972e-09
3.6748753898232844e-09
3.1287639094688724e-09
3.1279459579155544e-09
3.3833748555599002e-09
3.1049549766857317e-09
3.170003030168725e-09
4.364334973562642e-09
3.653740460314944e-09
3.936626714311101e-09
3.223124903515488e-09
4.504156537496571e-09
3.6151590654984016e-09
3.6972657832481817e-09
3.679104119402922e-09
5.03611923943271e-09
2.847526292672781e-09
3.18048884662783e-09
3.751922378725955e-09
3.3501736269011867e-09
3.761495670102639e-09
4.503103782631815e-09
4.0722424216110625e-09
3.7066107709800918e-09
4.068665388118792e-09
3.524762688682557e-09
3.643144122302314e-09
4.052831125544033e-09
3.791794943653525e-09
3.7442625370844355e-09
3.129543537152017e-09
4.679831018697758e-09
3.0734427048661225e-09
4.005905919066339e-09
3.665054612512537e-09
4.368972393730569e-09
3.6942022097308615e-09
4.091294583396127e-09
3.98991280476952e-09
4.462729712581212e-09
4.0781136274458014e-09
3.820285734831223e-09
2.5003746184190287e-09
4.25340248498508e-09
2.8783331599042277e-09
4.5610297370905154e-09
3.057775398004534e-09
3.6720852381974425e-09
3.1427990369111043e-09
3.5096079909682635e-09
3.8679535610028186e-09
3.8072983708698535e-09
4.679624981453607e-09
3.6849167897061636e-09
3.775606556000573e-09
2.6240960577726647e-09
3.5435200014869144e-09
4.272994450716587e-09
2.697497462745657e-09
3.909893434079261e-09
2.7662548471108557e-09
3.7787202254790724e-09
3.798125516109611e-09
4.189608796618705e-09
3.9662847325263434e-09
4.479059963656757e-09
3.536278651585748e-09
4.522477970405654e-09
3.678109026314521e-09
3.6231949398392977e-09
3.943083928723115e-09
4.346013798239666e-09
3.6433782632898913e-09
3.082769854714356e-09
3.8296557650142914e-09
3.236703934806815e-09
3.6378113100533384e-09
3.6185663035893814e-09
4.836993568731147e-09
4.6199412968674146e-09
3.761416882452136e-09
4.6573290995024846e-09
4.709582813523013e-09
3.687647203240728e-09
4.193042339307697e-09
4.528810868641419e-09
3.422100720099086e-09
4.170719983636576e-09
3.339820010817945e-09
3.346094865670378e-09
4.08126630943226e-09
4.09654599835724e-09
3.693330938617337e-09
3.416764923810635e-09
3.3971457723940555e-09
3.700055613809573e-09
2.6153460841672933e-09
4.172850356486818e-09
3.883302091222768e-09
4.109303968557679e-09
3.7799887746994116e-09
3.989858686574135e-09
3.711264639342008e-09
2.9403105630400697e-09
3.878481754062877e-09
3.2335707376444022e-09
3.639537754503928e-09
3.806476893031979e-09
2.333236266720333e-09
4.601856093671558e-09
3.2818727502517317e-09
4.509551125474529e-09
4.46582339985453e-09
3.582906748822749e-09
3.831864754536354e-09
3.6095587750847e-09
3.7204018769665176e-09
4.129738044362266e-09
3.281909706394088e-09
3.6632767666332612e-09
4.403419472976555e-09
3.734592889240363e-09
4.5419658402060675e-09
3.781707055822538e-09
3.5550661551346226e-09
3.678936691487518e-09
4.814090732511143e-09
3.792370803708831e-09
4.623220737259891e-09
4.111433357179353e-09
3.4201935149415295e-09
4.113617399443208e-09
4.074614092118345e-09
3.440294350017404e-09
3.4915409589974297e-09
3.7700298585884745e-09
3.79648281301231e-09
3.573823076874033e-09
3.876087329289404e-09
3.6953279735095273e-09
4.226009138001685e-09
2.69564190810546e-09
3.0806702321552074e-09
3.924244153700416e-09
3.401090426225471e-09
4.053578242091806e-09
3.7137862949083848e-09
4.434332420047806e-09
3.310651570490481e-09
2.0737719675498396e-09
3.8796382003666125e-09
3.650564475344187e-09
4.4149404102535234e-09
3.6584911233669074e-09
4.54098489191567e-09
5.398018575110164e-09
3.96761719786016e-09
3.6651524916724194e-09
3.739938676109632e-09
3.7186803289423456e-09
4.065653156612491e-09
3.744299600945666e-09
3.5902057423686828e-09
3.3918933038628695e-09
3.6411760191316445e-09
3.787502364164505e-09
3.692566581537239e-09
3.5295449003914364e-09
3.774484244026857e-09
3.8564602276927324e-09
3.387518221142173e-09
3.5541930926480587e-09
3.786219147077906e-09
4.019483317725377e-09
4.717809592068246e-09
5.059750802766225e-09
4.503449174508942e-09
2.9589695088206723e-09
4.682303200241979e-09
3.869346192601373e-09
3.7771090628089155e-09
3.447883984538573e-09
3.7352737145874984e-09
3.929464912906088e-09
3.6805918733113672e-09
3.2478861836118486e-09
3.277886065652751e-09
3.4192016747086737e-09
4.574467952281607e-09
4.347800253449909e-09
3.90359501385544e-09
3.5969385983372604e-09
4.665431757285357e-09
4.7085886436954425e-09
4.25323788190592e-09
4.448982504673589e-09
3.0992332434890356e-09
3.8303661952979575e-09
4.048316978932725e-09
4.281586997888687e-09
3.5816747254079832e-09
3.872997695217816e-09
4.272416127120164e-09
3.2176323577526615e-09
3.924119341752394e-09
4.527457482003769e-09
4.168952241305208e-09
3.533905665026435e-09
4.420059062696887e-09
3.8331014591430775e-09
3.763534934659283e-09
5.043136067489618e-09
3.0050393260119455e-09
3.735548305931627e-09
3.070506672589446e-09
3.214570188487219e-09
4.316644749525827e-09
4.46936960405125e-09
2.596869933439792e-09
3.730579147742587e-09
3.793585953407359e-09
3.735561610074842e-09
3.47793710809576e-09
4.633275380589298e-09
4.863099837309668e-09
4.303325636386226e-09
3.99543839355867e-09
4.7069327038516445e-09
5.080039990108961e-09
3.7667890363389696e-09
3.249044553974641e-09
4.260195808267458e-09
3.3683424507447487e-09
3.0086370809794243e-09
3.4214043239045233e-09
3.8859554323824284e-09
2.8765603319463873e-09
3.6723498252422076e-09
4.096033942044633e-09
3.7914083351057505e-09
4.32125234169279e-09
4.80719132381379e-09
3.418940389350903e-09
3.787192686720091e-09
3.60328055810439e-09
4.147106340579327e-09
3.953271026501e-09
3.783825125532774e-09
3.291608421241007e-09
4.365028309494929e-09
3.75295025645836e-09
3.77517829523781e-09
4.633538219222535e-09
4.436797514040453e-09
4.136508263624997e-09
4.202015134467435e-09
3.92404230418038e-09
3.773027170717329e-09
3.616670619984038e-09
3.3830683896307417e-09
4.0814797981167275e-09
3.865882626951538e-09
3.572086326627784e-09
3.5851393779501675e-09
3.828641738735439e-09
3.6482880084399353e-09
3.6469576225787808e-09
3.63751438604181e-09
3.7389370339844055e-09
1.1538478935673086e-09
4.003813069552043e-09
3.767734648403641e-09
3.5817187981653084e-09
3.9494741118953586e-09
3.660926472310222e-09
3.817162508015705e-09
4.139576671457503e-09
3.1121745024543634e-09
2.5221737354078153e-09
3.4955581798659955e-09
4.264203052416053e-09
3.5923370851224717e-09
3.802170908928084e-09
3.567737194367401e-09
3.864650224208314e-09
3.830443084144538e-09
4.7498305135051e-09
3.801621007156288e-09
4.043612433578909e-09
3.792760030432057e-09
3.6626536807337078e-09
4.324485013920026e-09
4.280493399606822e-09
2.902042417558446e-09
3.901456658160127e-09
4.674877123527431e-09
3.478915821205123e-09
3.5474794686472517e-09
3.6061183750473597e-09
2.1248818535401647e-09
4.6477911505568895e-09
3.3799693802461276e-09
3.531621358920348e-09
4.131454035863856e-09
3.5128704706338903e-09
4.193224547970054e-09
3.6812910651144552e-09
3.0945202507501757e-09
3.806040037341197e-09
3.86230539550428e-09
3.0727823856547035e-09
4.001782688588858e-09
3.458302627788409e-09
3.7932703741118076e-09
3.366663332820131e-09
4.1861098609837985e-09
3.987682023651152e-09
3.827702616664315e-09
2.2347983333006636e-09
3.757615495139839e-09
4.657727608504026e-09
3.2618127409136943e-09
3.9687800973691074e-09
4.266911102244542e-09
5.1776754481701955e-09
4.230532362705546e-09
4.6159584755450485e-09
4.864082080134071e-09
3.405162664174338e-09
4.279103150369747e-09
2.8042846058861357e-09
3.2087999921615322e-09
2.8513792337594166e-09
3.741993588553044e-09
4.949624710411788e-09
3.554236372318271e-09
4.065768346249291e-09
4.635234667712304e-09
3.496506993146001e-09
4.39399420448512e-09
3.756448094748531e-09
4.894616752235245e-09
4.231385592837222e-09
3.814252740556986e-09
3.8938569765407135e-09
3.731609505351987e-09
4.076072005752319e-09
4.276237361729011e-09
3.818426756480465e-09
4.219004724927014e-09
4.6054442013403435e-09
4.4196794884358674e-09
3.459671811675228e-09
4.432923824341367e-09
3.822846962577497e-09
4.18306405056731e-09
3.941626776720838e-09
1.4582383991187768e-09
3.951704971991079e-09
3.793068782425213e-09
4.507191622470173e-09
3.9959894747662464e-09
4.6168019630156735e-09
4.2121471686019235e-09
3.657320522448056e-09
3.090121336364485e-09
3.6734175018696548e-09
4.2204676605752875e-09
3.860324684309177e-09
4.118483201001675e-09
3.594591445361267e-09
3.8035043946113415e-09
2.957034315441431e-09
4.233771124476256e-09
4.114651323349307e-09
3.3392147736542544e-09
3.1818166710664343e-09
3.922413791602227e-09
4.262505432974385e-09
3.746413049186543e-09
4.163901028479916e-09
4.88680851766011e-09
3.607542159762161e-09
3.4948207443288274e-09
4.342322557184311e-09
3.7557820649426255e-09
4.654213697343553e-09
4.129754727709542e-09
2.8872293651827454e-09
3.877691761615333e-09
2.849010279964623e-09
3.611842990280435e-09
3.257211186804155e-09
3.213507088256813e-09
3.2276689913659e-09
2.9195277432186905e-09
3.3975163824545725e-09
4.441820412804038e-09
4.7615805724523e-09
3.8395326946649645e-09
3.0169802699866566e-09
3.9337466464295975e-09
3.4754181204663267e-09
3.752775873225084e-09
4.5596430902811766e-09
4.3345771184063846e-09
3.1627329545596975e-09
3.816632061343875e-09
3.7085606782838562e-09
2.5052526201623415e-09
2.4542041494071644e-09
2.64067798112403e-09
4.514635209862958e-09
3.1776839803015827e-09
3.6590863031663143e-09
3.4624751056016993e-09
4.34932526169866e-09
5.085994367406445e-09
2.946008429447009e-09
3.7126746235793926e-09
5.519592548244737e-09
3.33952896884376e-09
4.2844603894836046e-09
2.9397999704952626e-09
4.2808588822685896e-09
3.729152094862967e-09
3.833507352737095e-09
3.497359611076144e-09
3.210653869713763e-09
3.6486744318093667e-09
4.096886640320933e-09
3.777257674793721e-09
4.510401565611813e-09
3.796492678608335e-09
3.601756511515861e-09
4.321946210693404e-09
3.770211396790372e-09
3.0183756678220223e-09
3.988045106228123e-09
3.8371106284688125e-09
3.088734719814551e-09
4.1214935959270945e-09
3.7437834407753694e-09
3.2565665975908776e-09
4.8868871507237125e-09
3.6896511758613046e-09
3.6431237984108186e-09
3.842196594398633e-09
3.8734257556708395e-09
3.739162295478163e-09
3.877797066553822e-09
2.959332635057109e-09
3.1607172733179876e-09
4.112987199534159e-09
3.806335370916229e-09
3.5456226394088163e-09
3.8509559972899694e-09
3.5665350197160704e-09
5.022548479153839e-09
3.7152409987652158e-09
4.744183180568798e-09
3.758886193679176e-09
3.3625846274901085e-09
4.4760066713508116e-09
3.5482114040606802e-09
3.725451527707201e-09
3.80157976444446e-09
3.4806242200693927e-09
3.792047891893e-09
4.459864415680371e-09
3.4716164050473466e-09
3.958394433652005e-09
3.857956363302205e-09
3.495067902166372e-09
4.004551243356352e-09
4.421503817182747e-09
3.82138403315661e-09
3.808750223888223e-09
3.734650362604403e-09
3.902722056238332e-09
2.612472563094919e-09
3.77783023715664e-09
3.441585078514252e-09
3.8870116397907465e-09
3.55029266371125e-09
3.5617942632700786e-09
3.908358275174018e-09
4.020609881865474e-09
3.1594006223196894e-09
3.840119474780835e-09
4.19308457347159e-09
4.144735201493739e-09
4.471489017569092e-09
3.6562820008505074e-09
4.568800896623585e-09
4.060372792630057e-09
3.952536552082595e-09
3.903472284581865e-09
3.7757796789877375e-09
4.985606654473178e-09
3.683032885032464e-09
3.0997148394058816e-09
4.741650677851064e-09
2.5624453542654087e-09
5.310171427154822e-09
3.726504446872631e-09
3.5415802263235024e-09
2.9033173333325264e-09
3.547059865567485e-09
4.026970825389228e-09
3.1764141686802796e-09
3.8920614627230635e-09
3.295324216043391e-09
3.6271049161926746e-09
3.776954597602827e-09
2.8496374198587297e-09
4.029089628447037e-09
4.202872807822244e-09
3.0185203238851377e-09
4.069069928726754e-09
4.230138813546085e-09
3.7731356552887525e-09
3.7060144076418765e-09
3.7466144107647795e-09
3.6850370778917715e-09
3.2731459163328706e-09
3.675274278964742e-09
3.417204505554985e-09
3.851127334863818e-09
3.2895712596503306e-09
4.089576399813927e-09
4.1277755885940366e-09
3.489689313410896e-09
3.5029386322079368e-09
3.982901671138934e-09
4.37654197656275e-09
3.8012111753334046e-09
3.820034484835208e-09
3.918094985459167e-09
3.504129632997139e-09
3.60493180224825e-09
3.7025047365724833e-09
4.2695700284989e-09
4.724793826175371e-09
3.7246148193665132e-09
5.051750779562383e-09
3.659144565324704e-09
4.117210892923555e-09
3.357639845736997e-09
3.50683732232163e-09
3.601905935717172e-09
3.7133906371383286e-09
2.959958021972486e-09
3.668619061246675e-09
4.628497911966767e-09
3.762888793823948e-09
2.8280719432136146e-09
3.3856478877624914e-09
3.79260900442368e-09
3.191043500497411e-09
4.003784350093591e-09
4.594065601231496e-09
3.3218658146335614e-09
4.247758560190873e-09
3.9217225057675e-09
3.5306026426810532e-09
4.1242610959827146e-09
3.0474730050800364e-09
3.0604224193666717e-09
3.6266827879179566e-09
3.767144755143534e-09
3.669812664730955e-09
3.558340314690025e-09
3.871737348180035e-09
3.7028460366807757e-09
4.425926414765497e-09
4.539518142518493e-09
4.203777889116443e-09
4.5088271696298475e-09
3.5798451193138053e-09
3.1985477393455712e-09
3.704560173339454e-09
3.748599016834215e-09
2.8365983140664613e-09
3.905250587415087e-09
2.4910824003213485e-09
4.443316145019151e-09
3.6484725252094747e-09
3.68429052722977e-09
3.586901715858966e-09
4.944478488984002e-09
3.985517635536617e-09
3.717083513180724e-09
4.723466152364636e-09
4.708638329652018e-09
3.833616401391804e-09
3.5626822775551223e-09
4.34115178297946e-09
3.937499160164455e-09
3.118426766270631e-09
3.6013115786883007e-09
3.6659032127451825e-09
4.63841350629979e-09
3.4863927990364885e-09
3.2377686961501456e-09
4.474253139684424e-09
3.546017105925288e-09
3.8673260300945865e-09
3.77310684836229e-09
3.5386741273509253e-09
3.335744677685328e-09
5.051927788333522e-09
2.481168549385419e-09
3.783532951919183e-09
3.704088234946683e-09
4.146165009453052e-09
5.35157567426467e-09
3.4172690091467976e-09
3.774994233670553e-09
4.115580782502451e-09
2.9815786907287905e-09
3.5568093534056296e-09
4.557971308298851e-09
4.370034022095539e-09
2.728454476756811e-09
3.6613282000810083e-09
3.8789219027534835e-09
3.815570123039385e-09
4.523699237847078e-09
3.0940169137540696e-09
3.3073314845816736e-09
3.3842149094740533e-09
4.2497442937085945e-09
4.622943814772671e-09
3.2770104406882336e-09
4.361623488893579e-09
4.024880764774957e-09
3.905659703312171e-09
4.133324352055545e-09
3.461869434198098e-09
2.600643968066001e-09
4.774272430209934e-09
4.181863415571156e-09
3.919085734676317e-09
3.733281018215005e-09
3.799473439306824e-09
3.76176315585678e-09
3.6557347664464487e-09
3.750632985652781e-09
3.793496526833303e-09
4.724488968311158e-09
3.610420251841059e-09
3.63889987716956e-09
3.1418291305862532e-09
2.8155102716484817e-09
4.6394923176428914e-09
3.87285959338045e-09
3.7063440700731273e-09
3.4332586957723293e-09
3.306672352815579e-09
4.448898294507893e-09
3.748127062463014e-09
4.432185666522264e-09
3.95021989104587e-09
4.001171935292505e-09
4.2595947558564905e-09
4.489649869392665e-09
3.1474412224186295e-09
3.4661842736181036e-09
3.0350127914465863e-09
4.7374430803238336e-09
3.4734142089371542e-09
4.16847057083591e-09
3.276736347047112e-09
3.79309504225584e-09
3.408256770125878e-09
3.3704906150951435e-09
3.780452573762857e-09
3.3066824687606614e-09
3.3112918373928843e-09
3.4197150808936436e-09
3.6587129252765643e-09
3.713862697896867e-09
3.90812218039314e-09
3.814253382811248e-09
3.6934336335186667e-09
3.875897438055157e-09
4.2717199422501574e-09
3.973062760406244e-09
4.263451117728035e-09
3.6929787826942354e-09
3.672463338234887e-09
3.393777391532955e-09
3.737766254317885e-09
3.2038094307916152e-09
3.6019179639509413e-09
4.730083804103729e-09
3.6506354440200015e-09
3.1341916446599e-09
3.7981071982699614e-09
3.591288262797909e-09
4.332343774064674e-09
4.155108514609885e-09
3.7395657507828094e-09
3.6135084706628937e-09
3.932092909874349e-09
4.694361316256177e-09
3.4454322808561083e-09
3.7012566248781917e-09
3.6927651339611987e-09
3.763830331551723e-09
3.6137462691319608e-09
3.405990258413408e-09
3.9541404137522634e-09
3.484999432684286e-09
4.863579959734775e-09
3.4551545512623858e-09
4.6428110335233405e-09
3.6035412662735813e-09
3.5916263873051434e-09
3.372088241450355e-09
1.4834333997727073e-09
3.871733978859154e-09
3.641246468135805e-09
3.824263237640489e-09
3.6263399260570922e-09
3.601529895995892e-09
3.835960454484709e-09
3.162744053198524e-09
3.901498803863287e-09
3.5107547318905625e-09
3.525971496357418e-09
3.3636142909865014e-09
3.746311678465373e-09
4.623622196046895e-09
4.332478637959357e-09
3.1178645324174067e-09
3.957165005126061e-09
4.188148398657425e-09
4.586236013911214e-09
4.1001818632750275e-09
3.741699142472028e-09
3.730517408629145e-09
3.857989193845231e-09
4.640361856242002e-09
3.4812212131257823e-09
3.84857332874427e-09
4.287495163115e-09
3.848351277159793e-09
2.904217310799209e-09
2.00637298389142e-09
2.952754029605649e-09
4.879811956343691e-09
3.806153046261181e-09
4.133939961764479e-09
3.993693518724857e-09
3.7344958778487945e-09
4.1250717154985624e-09
2.8308863644763886e-09
3.857789724443731e-09
4.150703856046546e-09
3.2918582444472913e-09
4.526107187758049e-09
3.795192515221551e-09
4.217226453318815e-09
3.749779467956808e-09
2.9697277465797053e-09
3.731577742266986e-09
3.750957685595821e-09
4.164123794845004e-09
5.193355432709431e-09
4.702661252637265e-09
4.686098276345668e-09
4.529952278101179e-09
3.2674764086228865e-09
4.18613213102497e-09
3.6857947329253186e-09
3.982164806346118e-09
3.1167660124065567e-09
4.248803339999873e-09
2.194547474461666e-09
4.104190125028676e-09
4.292351629486086e-09
4.524445845890479e-09
4.343206378825673e-09
3.886816015010808e-09
3.72288901970112e-09
4.127344673185971e-09
2.747400356154471e-09
3.6752460681732917e-09
3.746944873418549e-09
5.139325804119285e-10
4.140019659084064e-09
3.613415036179653e-09
4.0700854902358825e-09
5.331165761098119e-09
4.040957978933453e-09
2.7112770615591014e-09
5.977509606283388e-09
5.060879118150329e-09
5.210779532361688e-09
4.018359101059165e-09
4.269862715014657e-09
3.6324966497068697e-09
2.9486133549183006e-09
4.414328807383124e-09
3.2852980684066604e-09
3.902217189975061e-09
3.5546372635051086e-09
4.6586356235070025e-09
2.300330809176603e-09
3.956395238808859e-09
4.066546373292582e-09
3.812657876830225e-09
4.448594712614111e-09
4.789466745972653e-09
3.9834583228553e-09
4.768018137322853e-09
4.97650417112549e-09
4.064021866145742e-09
3.28510973133557e-09
3.921355174317412e-09
4.561605667009099e-09
2.7738146685151246e-09
2.904564355444292e-09
3.228955977366255e-09
2.3891270586098292e-09
3.4725595589410897e-09
3.112029835257847e-09
2.667004215996943e-09
3.4357276997639286e-09
3.4762454718305575e-09
5.205908012331328e-09
3.6482031460724224e-09
3.712171334078118e-09
3.5321915095636253e-09
3.432010489318768e-09
4.014063295120006e-09
4.7383742766873415e-09
4.237102564912543e-09
4.034745241550527e-09
4.3027327519749555e-09
2.956163041610625e-09
3.739758128878685e-09
3.209058864939076e-09
3.095109760134951e-09
4.6368507688251005e-09
3.6389620977704106e-09
3.883695991985605e-09
3.4062371419545795e-09
3.5757583249478855e-09
3.760993475435495e-09
3.7081477745706283e-09
3.7812699589713115e-09
3.520630694744606e-09
4.232444371512307e-09
4.311154419336916e-09
4.599703420490246e-09
3.6960428595320853e-09
3.792483693054868e-09
4.6163185438841256e-09
4.000191843579423e-09
5.105231965716857e-09
3.259323516470263e-09
4.922785494523786e-09
3.726304805110091e-09
3.57828006096884e-09
3.5324079909510205e-09
2.8104100350634202e-09
4.264036363243822e-09
4.2916599841638e-09
3.1443462379177403e-09
3.5501643735240743e-09
3.159751857636562e-09
4.203309449200138e-09
3.612718349872918e-09
3.721730520108205e-09
3.930836447776898e-09
3.6232842623977078e-09
5.182227918421284e-09
3.810400199955998e-09
3.944901334903498e-09
3.329713455817369e-09
2.885187936246857e-09
3.357494092928845e-09
3.565916831930224e-09
4.066307573603466e-09
3.796423099080106e-09
2.876753442773196e-09
3.8869813777023384e-09
3.789854714951403e-09
3.762836450372652e-09
4.507425609257096e-09
3.833649559790791e-09
4.296299490282496e-09
2.808445159589723e-09
4.050031387773582e-09
4.369181345320323e-09
4.168031137800053e-09
2.7803127037386325e-09
2.876242936923905e-09
5.022240437258896e-09
4.5193159039819304e-09
4.160281690177817e-09
3.566565463943667e-09
3.4765252926205773e-09
3.728536873237424e-09
3.6672625555728275e-09
4.694088077183208e-09
3.41914689604443e-09
3.6184424371605217e-09
3.938284055628508e-09
4.2684360865730825e-09
3.941718467766328e-09
3.784824534889316e-09
3.732059675323274e-09
3.755791360126335e-09
3.772593201199835e-09
4.034408508887832e-09
4.6876200558471255e-09
3.7199080781848137e-09
4.006185447236969e-09
4.8106552744705926e-09
4.093754250181019e-09
3.2924069330510664e-09
3.108159129594848e-09
3.6050848381031803e-09
3.6987699230072975e-09
4.761144058298755e-09
3.708096116497735e-09
3.846810383119825e-09
4.269481818501325e-09
3.841425920536449e-09
3.3669581486208636e-09
3.4645109987368203e-09
3.11300833895356e-09
3.6638869309909942e-09
3.707074092967476e-09
3.6927609779838786e-09
4.1191019575125476e-09
2.5570174808504627e-09
3.770917629016121e-09
3.441956536424256e-09
2.8322024691858697e-09
4.069378049023067e-09
3.1291486786558026e-09
3.7176425089557397e-09
4.187232323702274e-09
4.115960493400049e-09
3.790403973628681e-09
4.308879671997639e-09
3.936718737088574e-09
4.356851852167429e-09
3.845443609129832e-09
3.4675921873749283e-09
3.853625380308362e-09
3.833432918049894e-09
3.689653237966403e-09
4.40845275464629e-09
4.072124963860587e-09
3.7770421877755724e-09
3.787804135044247e-09
3.6070425903686042e-09
3.902544440273319e-09
4.6973988349383955e-09
3.6377977019472684e-09
3.3933611124476425e-09
3.973123777895049e-09
4.145227911587384e-09
3.7570265460300884e-09
3.743993135673805e-09
2.9409701755617364e-09
4.806505013064347e-09
3.820066820351851e-09
5.025132697325865e-09
3.3935936732444345e-09
4.470383796904213e-09
3.6678418821714564e-09
3.973560400990584e-09
4.235888849383096e-09
3.754148833828527e-09
3.68521983821991e-09
4.4408940734290935e-09
3.975676734547552e-09
2.403219966141978e-09
3.702729034691624e-09
2.8109185927098273e-09
4.597679429326775e-09
3.7427512731175476e-09
3.2872031485448993e-09
4.111981936522654e-09
4.116465644889806e-09
4.395180224991643e-09
3.727703896225947e-09
3.855276608277281e-09
3.742204430706784e-09
3.428547427287618e-09
4.377301682933913e-09
4.625110343637619e-09
3.840567099465549e-09
1.956034238796917e-09
5.156702942272725e-09
4.06016160663515e-09
3.5896802708736174e-09
4.066667835730129e-09
3.877841472086675e-09
3.822707159132255e-09
3.7973480853233056e-09
4.340845160765946e-09
5.3565568214596895e-09
3.78674625875063e-09
3.1903742859357154e-09
3.667654208808278e-09
3.561420188760104e-09
4.484256292517936e-09
3.6936304079730363e-09
4.166268971188421e-09
3.484444234991453e-09
3.818321121443072e-09
4.196155474454097e-09
3.0412021288599416e-09
3.927924087970456e-09
2.8174627737462005e-09
3.520321415449723e-09
3.741767519660705e-09
3.7195065836055858e-09
4.714561184022059e-09
3.707977574006374e-09
3.985464606923758e-09
3.5284788668486647e-09
4.194021672611196e-09
3.6490360813556683e-09
2.746516938995059e-09
3.747614314727576e-09
3.88071921079698e-09
3.5982795770230468e-09
3.261505414158504e-09
3.009950286789794e-09
3.603805620797638e-09
4.3138788907828894e-09
3.329603306934624e-09
3.781351525316786e-09
3.870827334443577e-09
3.3682412124588735e-09
2.765305544513469e-09
4.625879465369525e-09
3.777244035794666e-09
2.0582657662802798e-09
4.265366586894779e-09
3.3816220799585094e-09
4.550130462392817e-09
2.7164774745624303e-09
2.8538055640278453e-09
4.522819833943322e-09
3.361538569447405e-09
4.153302071986903e-09
4.845844174238283e-09
3.662875896202119e-09
3.968920077044636e-09
3.959696889198035e-09
3.094843791965696e-09
4.7970050378085645e-09
3.816301539323261e-09
3.769017854312793e-09
4.013688569438206e-09
4.112384683138551e-09
3.6991295048377547e-09
3.9736082058767185e-09
4.717088161767494e-09
3.5507128088446693e-09
3.8723484374164315e-09
3.5939005869596932e-09
4.8320477867845905e-09
3.373584869114819e-09
4.0398669732026e-09
4.77397781633508e-09
3.739928773166231e-09
4.639362711844142e-09
4.2533405913524995e-09
3.2281969674459107e-09
3.5776964612990562e-09
4.5142470214666e-09
3.516374307211594e-09
3.785852176917863e-09
3.8580237422456126e-09
4.055402402726362e-09
3.539024910555492e-09
4.487794655019155e-09
4.987446014070428e-09
3.615665354763471e-09
3.1917990634408935e-09
4.109858912259212e-09
3.412588545244604e-09
5.044994116828192e-09
4.08878229218217e-09
3.295850634511127e-09
3.817143273666078e-09
4.252853726436712e-09
3.454723326721176e-09
4.955384002252152e-09
3.690386785981485e-09
3.7074411063126467e-09
4.0718700515041725e-09
3.8308503443550655e-09
3.9072733005345896e-09
4.314535556083909e-09
4.06691019771456e-09
4.208965362275264e-09
3.661608985607674e-09
4.642077795291924e-09
2.9891395408139163e-09
4.018548406742924e-09
3.254331746194595e-09
3.988699991499568e-09
3.7782774883472585e-09
2.517973105194138e-09
3.576580608879911e-09
3.3137988687727965e-09
3.5240456328360266e-09
3.945988158270261e-09
4.258924053511916e-09
3.6525694543313846e-09
3.836392501311951e-09
2.953920613809561e-09
3.5295319718937814e-09
3.526579216503326e-09
4.582805207531664e-09
4.813449382839747e-09
3.777557590898314e-09
3.0206996955042895e-09
4.5193294180470144e-09
2.8343454119914967e-09
4.228655203178822e-09
4.080566935754258e-09
4.280238834046025e-09
3.5357205299148525e-09
3.920183036450501e-09
2.5620830560748285e-09
3.263248503555284e-09
3.6624553007317748e-09
4.303172559548454e-09
4.226249729680481e-09
3.135071266610265e-09
2.5360538071417162e-09
4.191485412387546e-09
3.73902316481425e-09
4.143328241238515e-09
3.3108154852672794e-09
3.4692109721794814e-09
4.786200204800984e-09
3.761613752472151e-09
3.533657354844611e-09
4.761428916210753e-09
3.874488691603959e-09
3.1174037244847963e-09
4.059254268330183e-09
3.6095845546205412e-09
4.63536682646158e-09
3.80475590641108e-09
3.2071873290267193e-09
3.865701722296404e-09
3.4605375097320878e-09
3.455110784500795e-09
3.3178165840240005e-09
2.828758073131687e-09
3.833580339160586e-09
3.572983557322473e-09
3.4793152549057564e-09
3.4323710458334256e-09
3.5362988330537356e-09
4.02996226238914e-09
3.2540038070755922e-09
3.6756759165231315e-09
3.2855660109622816e-09
4.140379188750844e-09
3.814013620066e-09
3.3440333233340693e-09
3.9912171081687466e-09
3.5140078547999613e-09
3.851024309148689e-09
3.6219070486656537e-09
3.5841487167499048e-09
3.0669594180379907e-09
3.6057521144502048e-09
4.01070667345807e-09
3.941261485820554e-09
4.704167410262642e-09
4.155880150809917e-09
3.918778876079625e-09
3.6964839985329564e-09
3.7300519951412314e-09
3.6670147531838674e-09
4.772396389776364e-09
3.7527369921969665e-09
2.7326009269755796e-09
3.83210851343397e-09
2.6166143729825994e-09
3.769730763604397e-09
3.6243769429634195e-09
4.017694278559813e-09
3.452585341619718e-09
3.4432665453967577e-09
4.155718395679143e-09
2.1651188824927618e-09
4.2649281024680595e-09
4.634196858232294e-09
4.175439925779324e-09
3.241460964361698e-09
3.302239240328452e-09
4.438205994259032e-09
4.1422589613742105e-09
3.6606732512075527e-09
3.585031170961605e-09
2.8617324112083405e-09
3.987535555818444e-09
3.6418918789439363e-09
3.5407698002428746e-09
4.162368674747894e-09
3.1344148298184053e-09
3.499649821510093e-09
3.750389524165374e-09
2.4984400327960916e-09
2.4626316831024772e-09
4.175530466662492e-09
2.825919742514057e-09
3.248968322676349e-09
3.626808069091738e-09
3.269561101975618e-09
4.055310467911567e-09
4.366383430032738e-09
3.4905110643220286e-09
3.619950897089212e-09
3.8144858270020964e-09
3.9010095889257385e-09
3.918417667918804e-09
4.0105486756299245e-09
4.137941259497839e-09
4.7351376603358905e-09
4.22646681086207e-09
3.87270968540813e-09
3.596500034363983e-09
4.083985779900845e-09
4.469361271944002e-09
4.039321961141944e-09
4.667684501879956e-09
3.9465186621608604e-09
3.5592200240677427e-09
3.891377113661269e-09
2.9608250786024304e-09
3.295012696041431e-09
3.522462168681958e-09
3.747157882052175e-09
4.0081554738636074e-09
3.601441303437581e-09
3.8017746777573806e-09
4.133741602247191e-09
3.6504733547787754e-09
3.403881946841209e-09
3.474274468459734e-09
3.758265420362528e-09
3.242600176838221e-09
3.7743120836824726e-09
4.56436050286506e-09
4.3566094787175595e-09
2.9030532946094575e-09
3.7317157592655324e-09
4.048514597323289e-09
3.195406139206358e-09
3.0392320187768405e-09
3.5686954675824122e-09
4.174219941460678e-09
2.9020105256295694e-09
4.335642935681316e-09
4.3582099085214335e-09
3.774186745493209e-09
5.0765607889830845e-09
4.070794607299996e-09
3.739255812862212e-09
3.466718143780266e-09
4.4731716322557805e-09
3.52410216324572e-09
3.6139291652835265e-09
3.375378965561745e-09
3.831072955618256e-09
3.100187387784347e-09
4.343954821366255e-09
2.7094273070515495e-09
4.2025261173860105e-09
4.095834252705946e-09
3.726951070377954e-09
3.971262317473481e-09
4.023442414359622e-09
3.7441231547975275e-09
4.111406507942544e-09
2.7633189181417057e-09
2.966129131047081e-09
3.6700620043830703e-09
3.890723568680549e-09
3.340860333658161e-09
4.479866306665884e-09
3.21527644724204e-09
4.536238982236424e-09
3.0648220568135678e-09
3.5676573630842156e-09
3.419706027791951e-09
6.128894669581901e-09
4.131807320844607e-09
4.606746500896786e-09
3.770296231280336e-09
3.881405739565927e-09
4.518302212626682e-09
3.8536743162884135e-09
3.825287392481827e-09
2.7438259003189844e-09
3.794367467956344e-09
4.001027111076409e-09
4.286802291614267e-09
4.074029321662681e-09
4.337122106877651e-09
3.5831728554310688e-09
5.107860029011186e-09
3.8221979587708e-09
3.279140006539694e-09
3.568651545712148e-09
3.6743405788938147e-09
3.7130352799287416e-09
3.2640317840053334e-09
3.874870550699084e-09
3.0675639131432213e-09
3.937898094630646e-09
2.8867153314547818e-09
5.857066857206791e-09
3.5909652197868396e-09
3.713470785537097e-09
5.326750464519246e-09
4.72401360409702e-09
3.3020672459381506e-09
3.822925767859838e-09
3.86723441822296e-09
4.062079018150085e-09
4.068820602844006e-09
3.94308590775461e-09
4.0385340018716295e-09
3.806680241370038e-09
3.666338257784455e-09
3.836401057727076e-09
3.1692644737681044e-09
2.8961515654484047e-09
3.5064683464485543e-09
1.4566655682504096e-09
3.938105087798911e-09
3.724649466619028e-09
3.5480376634204787e-09
3.6144725335581634e-09
3.213145324896388e-09
4.075271721156511e-09
2.7078550533311038e-09
4.039107881655384e-09
3.3734045366948153e-09
4.359334462693005e-09
3.8038064282576445e-09
4.118647207247868e-09
3.4984093333291673e-09
3.691285970544014e-09
4.045715903022891e-09
3.840753377690924e-09
2.9596089729899515e-09
4.621803821494401e-09
3.370365617616413e-09
3.657894478227607e-09
3.687213562334748e-09
3.585465905376955e-09
3.690058306170859e-09
3.3800797007513e-09
3.2337817117015014e-09
3.305479642253103e-09
4.232891822778884e-09
3.784134400822885e-09
5.058235289119844e-09
3.88229726833297e-09
3.4185202428147973e-09
3.519546934601346e-09
3.6288682761856372e-09
2.8176721086827384e-09
4.782940671776634e-09
3.3961524063905874e-09
3.6494014144178646e-09
2.242429540530921e-09
3.6096449811378467e-09
2.206911183774739e-09
4.43322534492965e-09
3.299602208567962e-09
3.876180734973525e-09
3.873966563120931e-09
4.938893207763733e-09
4.058352435278587e-09
3.928844118610128e-09
3.812412488485165e-09
3.926082549479204e-09
3.921727279889136e-09
3.818982614276238e-09
3.6299950336728636e-09
3.7247800840326147e-09
3.6793338779352036e-09
4.251743243339091e-09
3.5765574566369845e-09
3.5818298044080262e-09
2.951716594914002e-09
4.055463822996274e-09
4.294009653871191e-09
3.866890488206116e-09
4.666660313333484e-09
3.1496741783991217e-09
3.3920318318221825e-09
4.119873352328518e-09
4.205799932036373e-09
3.800509424393061e-09
4.020994974837525e-09
3.1427790637115777e-09
3.733077973372238e-09
3.7055352905838914e-09
4.537845769801837e-09
3.1165423867096035e-09
3.5590546222500664e-09
4.627066836317617e-09
4.006207754425617e-09
3.9994597127114475e-09
2.4608872474247544e-09
3.694066174968983e-09
4.498904172811624e-09
3.4940580336266687e-09
2.6814033694702415e-09
3.257435171805708e-09
4.227796984409334e-09
3.745458991322474e-09
3.5402101568739013e-09
3.302571189233664e-09
3.575326592485063e-09
3.909774452760459e-09
3.2914645012088652e-09
2.713969703485586e-09
3.96018522510512e-09
4.276469556024811e-09
3.7015235934678963e-09
4.325383153941853e-09
3.868713417952722e-09
4.214082582155521e-09
4.236275247151804e-09
3.812277990495163e-09
3.311043844346972e-09
3.838923127980455e-09
3.780690372502974e-09
3.949109582613219e-09
3.2811869104458317e-09
4.0646937730524826e-09
3.950923068416802e-09
4.556174584857166e-09
3.801290510661859e-09
3.7482909401092765e-09
4.364301502168041e-09
4.386032718305599e-09
3.446795623928984e-09
4.756451690547886e-09
4.138383048491465e-09
4.063623724732783e-09
4.7695859249435e-09
3.5124014273522994e-09
3.195344744848878e-09
3.6616472021621608e-09
3.847639900347302e-09
2.627129666940434e-09
3.719156568653126e-09
4.185370397914029e-09
2.9525608438740227e-09
3.184200907612421e-09
3.5511639353668755e-09
4.084875338157545e-09
3.7058530155968574e-09
3.797059154971765e-09
3.3156346482125006e-09
3.519864908655551e-09
3.9384495600523674e-09
4.062771920943604e-09
3.9630666991087495e-09
3.5204890036966054e-09
3.37316902984967e-09
2.5490797091946675e-09
3.8762279176089275e-09
4.3937944797269035e-09
4.054471262931103e-09
3.799026790688668e-09
3.875043216535791e-09
4.687452749872279e-09
4.102664858583955e-09
3.455589093245403e-09
3.2986911939231634e-09
5.020870990046474e-09
3.803643443397661e-09
2.7854170943494502e-09
3.5170322466534544e-09
3.778974329722009e-09
2.539880501392904e-09
3.0579832050901465e-09
2.7353701431199508e-09
4.550254748241899e-09
3.041371588602404e-09
4.9105597194846334e-09
3.921331904424997e-09
4.0670411454845484e-09
4.1369336626598426e-09
4.03548674232407e-09
3.819870452825662e-09
3.726945763614896e-09
3.773027230057069e-09
3.737592528985263e-09
3.4193098481479552e-09
3.892374313190167e-09
3.868835152796065e-09
3.773447947906733e-09
2.956707210229753e-09
3.7150049718621698e-09
3.798500159351388e-09
3.759250509705525e-09
3.748968634988657e-09
3.716447395625067e-09
3.857217262986153e-09
4.524675504874367e-09
3.80332963579688e-09
3.1938040613067615e-09
3.3017648162260178e-09
3.938429712864238e-09
4.155175509549212e-09
3.535506524018515e-09
4.042804705318547e-09
3.635597468936618e-09
4.6372663551729875e-09
3.40382600019307e-09
3.9148907202233175e-09
3.331874017762108e-09
3.8974680983657264e-09
3.473102386361473e-09
3.606854680486722e-09
4.593032227961187e-09
3.382887943809967e-09
3.5530005273076877e-09
2.644537642365087e-09
4.001854110000395e-09
4.583512373248708e-09
3.6942508769947924e-09
3.785430522344627e-09
3.521938092212887e-09
2.6847442655250544e-09
2.90411688403866e-09
3.5699487634164966e-09
3.793521652432604e-09
5.112682433720903e-09
3.523080529513247e-09
4.604942899140993e-09
4.227178276660455e-09
2.5330653987386004e-09
3.66727836344379e-09
3.3041368776220645e-09
4.2486919515894415e-09
4.698745283295393e-09
4.332649706888236e-09
3.785796203598351e-09
3.360994554473277e-09
3.97352152236804e-09
3.828131770155759e-09
3.4476269532106568e-09
3.780180878580229e-09
3.6705590909129945e-09
3.367277506794667e-09
3.5318661332139553e-09
3.780588143107236e-09
3.187218058133814e-09
4.099717484387037e-09
3.5203680589927008e-09
3.892965903253779e-09
3.6709748309194344e-09
3.770942916541016e-09
3.914807044616726e-09
3.3628026796018486e-09
3.422287222842402e-09
3.9397950048040715e-09
3.942752444002122e-09
4.640818733914632e-09
1.8132636280606025e-09
4.500911955776033e-09
4.045291441992331e-09
3.9892015187047505e-09
3.6986795698672886e-09
3.77503953818319e-09
4.425519275016608e-09
3.6438075405565654e-09
3.5844689697970764e-09
3.550007449815021e-09
8.088681986711957e-09
3.111943019435846e-09
3.8214122992017135e-09
3.761502992004513e-09
4.4863883884500334e-09
4.735346760108977e-09
3.5399500085528304e-09
2.1325284305085106e-09
4.011679166621542e-09
3.582402504362977e-09
4.28373142548886e-09
2.719620677748766e-09
3.4953999139282054e-09
4.383137630436075e-09
4.50410676141569e-09
4.897324508353366e-09
3.260029911170484e-09
3.580387923505157e-09
3.289977664567645e-09
3.3224384082960415e-09
3.469391125353761e-09
4.087124489706145e-09
2.8559462398344924e-09
3.6679685876616318e-09
2.8535636512690317e-09
4.944471022124298e-09
3.1159409990904295e-09
3.664895609022502e-09
2.7369300600833465e-09
4.909970825560774e-09
3.8285825485677525e-09
4.002167852549046e-09
3.2960666158238228e-09
3.055832749305565e-09
3.58691171420877e-09
4.1407332823227994e-09
3.41631360717019e-09
4.601223686242183e-09
4.282536313879358e-09
3.4892917075396e-09
4.558804645007951e-09
4.298784260823403e-09
3.454894677800118e-09
3.6730262310661916e-09
2.947025410786645e-09
3.8465425066056685e-09
3.4421368678549252e-09
3.6729349988686138e-09
3.349350788172745e-09
2.667267817257988e-09
3.031136800596152e-09
3.764983517334265e-09
4.291172046335095e-09
3.526313947305659e-09
3.8056216448544705e-09
4.709644652674434e-09
3.885594685576737e-09
4.773439268450407e-09
3.89280607691867e-09
2.8382303490412895e-09
3.6577678587282163e-09
4.868479280660401e-09
3.810598016735231e-09
4.079849259103728e-09
3.774113768739446e-09
3.437755225426482e-09
3.578069025501852e-09
3.681008131959469e-09
4.5987129096891535e-09
3.2044286596758214e-09
3.916199277001877e-09
5.080360797359625e-09
4.553815590292807e-09
4.402006171253317e-09
3.632024428906538e-09
4.096532478986342e-09
3.741027872113936e-09
3.6436887507315836e-09
4.9073643994723606e-09
3.2828821306632883e-09
4.421228813692715e-09
4.5627121957503465e-09
2.6693815967870037e-09
3.796515416550506e-09
4.0124419019012085e-09
4.101565836885654e-09
4.387411016931004e-09
3.762893644490258e-09
3.636429594347946e-09
4.239561246364336e-09
4.1139123491259685e-09
3.894016253842619e-09
2.3742919423065667e-09
3.742287264037365e-09
3.5779268037639932e-09
4.897881098663232e-09
4.096633372130008e-09
4.848261232070919e-09
3.655830030710591e-09
2.5603268958348125e-09
4.560222312776068e-09
3.848959768823967e-09
4.852478173564181e-09
3.5934012055261356e-09
3.934447658188005e-09
4.557540606952952e-09
4.123291393216821e-09
4.394598490393541e-09
3.729750205460746e-09
3.776638362581802e-09
4.37529111072389e-09
4.641989692698127e-09
2.883184990450441e-09
3.2075920334813466e-09
3.952297728541032e-09
4.854471778823356e-09
4.963832702541875e-09
3.2843037446291575e-09
3.3238712155922445e-09
4.6308382598123e-09
3.690264971639018e-09
4.006395415862571e-09
3.3881065126595885e-09
4.114026754545785e-09
4.591737780339179e-09
3.2579830474611417e-09
3.896529894966208e-09
4.522180148874627e-09
4.4318440864594185e-09
4.826827200356699e-09
3.277358720185381e-09
3.1907004285859283e-09
3.0546145072184953e-09
5.574540596058747e-09
3.6679229286013318e-09
4.124786417048117e-09
3.69008388599666e-09
3.5907306182505084e-09
3.470350777768803e-09
4.191874931940226e-09
3.958070500558386e-09
3.1149195056808226e-09
3.406382103417118e-09
4.176466547817573e-09
4.3990929450067086e-09
3.958070126888107e-09
3.904848535854098e-09
3.0859101513003567e-09
3.2467743638759077e-09
3.723701110940102e-09
3.7213991148897247e-09
4.460604681900005e-09
3.7021759815777933e-09
4.152796941991454e-09
2.9446813998420997e-09
3.9472002528768025e-09
4.254214119598764e-09
4.371214870917042e-09
4.375013460100044e-09
4.857508550476725e-09
1.3504687049355462e-09
3.4803061009557133e-09
3.560616679021975e-09
4.225558424621493e-09
3.991735843885021e-09
4.0225262336812066e-09
3.1633760475197666e-09
3.6141550086347084e-09
3.798266920006666e-09
3.515724015731858e-09
3.4314349457048067e-09
4.958779473629091e-09
3.814890877425637e-09
3.63767554384495e-09
3.88170234526925e-09
2.9952037585996138e-09
4.654109664255527e-09
3.864521138291282e-09
3.727580463942131e-09
4.4687907241032585e-09
3.2030728569444524e-09
3.6388665674430554e-09
3.915143630844366e-09
4.7727420873138e-09
3.850266145515903e-09
3.786886610795395e-09
3.7510136172548645e-09
3.64821150654511e-09
5.0796109012834e-09
3.791035550288141e-09
4.5590756096822605e-09
3.499819719622599e-09
2.7524314504564877e-09
4.464748845699022e-09
3.4953955966893647e-09
4.007630048132038e-09
3.93858864465124e-09
3.870103440191744e-09
3.4463634257877757e-09
3.702421122562128e-09
4.202427999312015e-09
3.95768626340132e-09
3.194258203401785e-09
3.736711814592789e-09
4.6095599993815385e-09
4.6497219110196945e-09
3.2824971414222807e-09
3.3402812112419064e-09
4.202585354858793e-09
3.4186378965043226e-09
3.425598520150801e-09
3.6219403544348206e-09
3.608636382090467e-09
3.932140996707259e-09
4.3424806700801885e-09
3.713687081810524e-09
3.960540445949179e-09
3.675546475929688e-09
4.616249959030075e-09
3.788464685597305e-09
3.6018131836443312e-09
3.882618487783748e-09
3.917465875617147e-09
3.4648042766577576e-09
4.451348642063504e-09
4.133216921118569e-09
3.671558201781902e-09
3.263302011724317e-09
1.958010260248418e-09
3.734214851073593e-09
2.7483596583451064e-09
4.54727640673727e-09
3.846025205858075e-09
3.9616014647892404e-09
3.5676492930963952e-09
2.815428892517617e-09
3.791586650984252e-09
5.3562122187631594e-09
3.3602566071723548e-09
2.9820689653519902e-09
3.6996053742223423e-09
3.129010055994818e-09
3.4886732940702953e-09
4.18182330715164e-09
2.7915957068484678e-09
4.150524291417863e-09
3.3581251842045457e-09
4.892279055148828e-09
3.250427542357201e-09
4.001480545024784e-09
3.948724180372499e-09
4.834999330348725e-09
3.884574398477572e-09
2.432447744366451e-09
3.73376218406273e-09
3.7813531527178e-09
4.255941649637272e-09
4.946910278820233e-09
4.918360685493865e-09
3.786226801077682e-09
3.749995433833175e-09
3.484636583434399e-09
3.776416756265605e-09
4.126063940680788e-09
3.4227199839555883e-09
3.1108660771082125e-09
2.9254757901375165e-09
3.2828793398997913e-09
3.000595040855312e-09
4.16674063178149e-09
3.920102386960594e-09
4.693940628222072e-09
4.482366304135125e-09
3.2795534392283856e-09
4.455006953212092e-09
4.323811882888046e-09
3.597376213836925e-09
3.51915589505143e-09
3.678189096210276e-09
3.523856823987913e-09
3.409298192092987e-09
4.184172985546202e-09
3.853915853276307e-09
3.830716053989779e-09
3.954668329625172e-09
3.6210936155231955e-09
3.188396107355572e-09
4.035633739891183e-09
3.950879482974472e-09
3.7870444390814256e-09
4.925828731830364e-09
3.811695710773761e-09
3.939542407381926e-09
3.8413153860843065e-09
3.260445954130116e-09
2.740883355348278e-09
3.452507892504888e-09
4.400351489924296e-09
4.375804400465547e-09
4.079812149438344e-09
3.775872648944557e-09
3.2491014649799546e-09
3.930661267255225e-09
3.4777978743919837e-09
3.588854615479411e-09
3.716122020644202e-09
3.5931942739947636e-09
2.594673879127273e-09
3.5106930600721942e-09
3.2688157984984804e-09
3.371762870291303e-09
4.46315031308632e-09
4.040604865561577e-09
3.095240475384231e-09
3.699624262054179e-09
3.976336601375615e-09
3.6718346924720542e-09
3.6706879867490563e-09
4.876753272042844e-09
4.2530066214402275e-09
3.552509110314869e-09
4.8950313310679346e-09
3.3134825622215328e-09
4.491978314378857e-09
3.818422061342957e-09
4.898910013626445e-09
3.0755221649579265e-09
3.9983837387931945e-09
2.171191604163989e-09
3.6154155662923137e-09
3.5440970650032436e-09
3.756489117624816e-09
3.94017716246137e-09
4.162368474929434e-09
3.953064950737179e-09
3.465517596767118e-09
3.6939670019391687e-09
4.295494163353763e-09
4.23590508719443e-09
4.290354272236873e-09
3.1767686537982967e-09
3.6097449513273084e-09
4.318955368175096e-09
3.910580786791037e-09
3.912561516092317e-09
4.7154613316813775e-09
3.4672192439724227e-09
3.2086471361825186e-09
4.188273020256815e-09
4.411997795046845e-09
3.7158022326926575e-09
3.112933238789842e-09
3.754219300613603e-09
3.591531840159423e-09
3.7044159554092126e-09
4.614390495681804e-09
4.347313004807868e-09
3.890094307876929e-09
3.922167348470755e-09
4.113357753775205e-09
3.372488962681726e-09
4.07818007426672e-09
4.356504639728507e-09
3.983368259265034e-09
3.5165131797405217e-09
3.138571567191332e-09
2.715398944488478e-09
3.0778260122564082e-09
4.19806810264523e-09
3.7133902758008496e-09
3.6351076756449725e-09
4.174015373733988e-09
3.720378395139683e-09
3.5769481698149416e-09
4.561404008088417e-09
3.6097234463127424e-09
3.368914527256345e-09
2.605830782002796e-09
3.912453976355652e-09
4.005401541175161e-09
3.917140085305535e-09
2.6573512561689928e-09
4.245114306004058e-09
2.973373718680866e-09
3.504534270448072e-09
3.119663012185296e-09
3.712491817518251e-09
4.6092260838691106e-09
3.884356977425707e-09
3.278444605473319e-09
3.8331936205357985e-09
5.043601661856335e-09
3.806175873636479e-09
3.1161706693500196e-09
3.6211788232158766e-09
3.779033811980538e-09
2.802101385125655e-09
2.876045303117341e-09
2.9566471843522554e-09
3.932061206962569e-09
3.4347279653974567e-09
4.464168258769578e-09
4.183623969472713e-09
3.1601269870210405e-09
3.838290479451622e-09
3.971076240408267e-09
3.669269923084516e-09
4.481860531709231e-09
4.125066530382988e-09
5.095076209435346e-09
3.736042363905413e-09
4.72386914098801e-09
3.75213829838651e-09
4.418616456476317e-09
3.916645508161539e-09
3.521221704434795e-09
4.2116701708474775e-09
3.3295976494321627e-09
3.010545173071956e-09
3.78016471946842e-09
4.607782843403822e-09
3.096095354296032e-09
3.1483387866139065e-09
3.523480338469805e-09
3.1507104978397565e-09
2.992231861077702e-09
4.307754294875961e-09
3.5782691234966663e-09
4.179384575724553e-09
3.2845627900726735e-09
4.386435540639465e-09
3.3119161786426994e-09
4.245889906535124e-09
4.036091224744135e-09
3.5841491414047907e-09
3.5602213333462904e-09
3.4244353306516536e-09
3.2830576484395996e-09
4.255873434916291e-09
3.610667387526998e-09
4.2616586668831665e-09
4.048256123498264e-09
3.9198153485825015e-09
3.4642858432441543e-09
3.812122628660654e-09
3.637905189086575e-09
3.0576680563583827e-09
4.167524391855476e-09
4.850796688074055e-09
2.8839658251301244e-09
4.008579622860782e-09
3.697201002896824e-09
3.9703727498384325e-09
4.114543671296074e-09
3.750363870396985e-09
3.4081009182590927e-09
3.805714991056549e-09
4.266029965236838e-09
4.367238120212046e-09
2.590276197337151e-09
3.713897769397692e-09
3.865972531929803e-09
4.488764696123889e-09
3.719903042309668e-09
3.6400005580766552e-09
3.6759631763224124e-09
3.741888069091603e-09
3.4631809846621432e-09
4.298614777906119e-09
3.078976331598142e-09
3.927192523625221e-09
3.7646662293903e-09
2.860169470567716e-09
4.0570106788742535e-09
3.5313170835573043e-09
3.7009132782569835e-09
4.267784079560249e-09
3.3305895754287985e-09
3.6758754106173356e-09
4.175824746914785e-09
3.919650597367444e-09
2.6588573898741596e-09
2.6115382766739043e-09
3.757434524165413e-09
3.6071233830274087e-09
4.5844533736187805e-09
3.4860241584664872e-09
3.7102181584740095e-09
3.1509674396871124e-09
3.726120023341212e-09
3.6584073064243987e-09
2.284813608818305e-09
3.9632020768475e-09
4.840571354012592e-09
4.2106015780420895e-09
4.385714833047552e-09
3.689605911701317e-09
3.8662559683172275e-09
4.39932111375471e-09
4.289805206046139e-09
3.8671446302639915e-09
3.649669187634659e-09
3.056570237121607e-09
3.1612319368115593e-09
4.235806127264553e-09
3.733095345381018e-09
3.057295406801771e-09
3.6576130426539764e-09
3.5831817565682746e-09
4.958848638382226e-09
3.761382354319559e-09
3.7077605430368976e-09
3.689568864350453e-09
3.583508364639375e-09
3.6659873274265484e-09
3.975399656951659e-09
2.9549573429430917e-09
5.328311486908072e-09
3.923456446259773e-09
3.593706550088704e-09
4.503410553811319e-09
3.9545786399762355e-09
4.365363718888873e-09
2.843544087693939e-09
5.138102685995575e-09
3.923898209828858e-09
3.7289052339883975e-09
3.355121427293375e-09
3.955489872572776e-09
3.5354757662328738e-09
3.4638505063105517e-09
3.926079148065939e-09
4.783020746774915e-09
4.300446462016062e-09
3.802843571347556e-09
2.7363913363952913e-09
3.776813679536766e-09
4.90335559403198e-09
4.453006522168405e-09
3.867502113295883e-09
3.6691862931228364e-09
3.4988654595412717e-09
3.6245034878425956e-09
4.690723196529908e-09
3.813559223590042e-09
3.748547808339305e-09
3.9924318793451916e-09
4.494619865175317e-09
3.9888843736044215e-09
3.6515225925425054e-09
3.3124158278741937e-09
3.768735376427851e-09
4.228866587691147e-09
3.732032392541121e-09
3.68594171696701e-09
3.6647973321670985e-09
3.4438217898051515e-09
4.65591476828185e-09
3.4400760511954596e-09
3.861263723445611e-09
4.254805214100668e-09
3.4847802488958707e-09
3.980898970006291e-09
3.5797930682582822e-09
4.051754793222423e-09
3.0497361185098746e-09
3.7020603898781698e-09
2.72703855609918e-09
3.875594526916602e-09
2.9665948357788033e-09
5.0505753247415564e-09
3.1659111911913618e-09
3.316468459016106e-09
3.7106398347854994e-09
4.106323901270853e-09
4.083235779822527e-09
4.064385744845592e-09
3.047409669228174e-09
4.328895340631337e-09
4.127405393074832e-09
3.731035247845748e-09
3.088800080291998e-09
3.741576174186084e-09
3.318159627136363e-09
3.6430736647600614e-09
3.295231680865195e-09
4.665387811047649e-09
3.5338771198060483e-09
3.149958098638871e-09
3.880019401364572e-09
3.5276096704644176e-09
2.6482310732072866e-09
4.210018551468022e-09
2.442832105272342e-09
5.212174115215833e-09
3.70484385620669e-09
2.79316767439375e-09
3.71757878523055e-09
3.282516201289897e-09
4.211155591257601e-09
3.704707935960278e-09
3.759242516208168e-09
3.895871286517397e-09
4.1557836114156e-09
4.3004142518874005e-09
4.326409956011872e-09
3.885451336268619e-09
4.170060887012184e-09
2.8710301694368206e-09
4.685211789010307e-09
2.4475948200446043e-09
3.4105000806979036e-09
3.83047554946051e-09
3.721734295720298e-09
3.314001869962873e-09
2.909581735103823e-09
3.72722239766368e-09
3.434484539783589e-09
2.4204898416266187e-09
3.679958376760252e-09
4.47606508108267e-09
4.884555296911022e-09
3.9245000475003535e-09
4.655886925617695e-09
3.4476502261794953e-09
2.611052369569421e-09
3.869772817374209e-09
2.2073358435666622e-09
4.275017332863208e-09
3.886326589263699e-09
3.1732675011698474e-09
3.741478956677518e-09
4.1382505715898375e-09
4.977499661057297e-09
4.162172131147272e-09
4.6959979547805345e-09
3.553431814149865e-09
3.267201490012332e-09
2.8387907826581214e-09
4.100770598607214e-09
3.646413673259871e-09
4.2516601366133795e-09
3.905543308923469e-09
4.116035684568987e-09
4.0354794059887546e-09
4.399890253271041e-09
3.7104909346604136e-09
4.228099268350485e-09
3.7166696595098813e-09
3.522112669660654e-09
3.751571002637288e-09
3.4858130829788867e-09
3.774998857833476e-09
4.123264456566212e-09
4.523419865672812e-09
3.563540187164361e-09
3.486076518275684e-09
4.712078892550077e-09
4.2947370419916305e-09
3.653870450453199e-09
3.3449320228516512e-09
3.73922341053161e-09
3.974736770701861e-09
4.003062306032765e-09
3.1789729239577093e-09
3.750816547518033e-09
3.5301729284741273e-09
4.201356093293208e-09
3.699424081388949e-09
3.529988939717822e-09
4.6458757349565095e-09
3.946652914958541e-09
4.505751966031677e-09
4.435333986912461e-09
3.2728617006209243e-09
3.1756111767435556e-09
4.572716921151347e-09
3.871258645842934e-09
4.1603529715781955e-09
2.750234918275085e-09
5.089970296753756e-09
2.6260309510142514e-09
4.423854856820241e-09
2.9254104127736207e-09
2.759879807112328e-09
3.532787705656879e-09
4.013279844030087e-09
4.084206400108061e-09
4.182840595916802e-09
3.8359954337876916e-09
3.595473204538388e-09
3.4165718664587105e-09
3.5924556122317146e-09
3.84348848537705e-09
4.144151185571637e-09
4.606232399684013e-09
3.972810617373229e-09
3.7543688488476425e-09
3.6680492158198616e-09
3.502989800302763e-09
4.810747474969131e-09
4.14101162621262e-09
3.467976499396154e-09
4.199646543013007e-09
4.176560300405731e-09
3.758103882560079e-09
3.4828825617831682e-09
3.3939731152463418e-09
2.7605982167648417e-09
3.6396013231238325e-09
4.883511743863228e-09
4.19271092800752e-09
3.6607677212393934e-09
4.581495676922714e-09
3.733276636832053e-09
3.420190918348477e-09
6.31027609804052e-09
3.5523980575192203e-09
3.776076232568041e-09
4.19510014617111e-09
4.402710038502091e-09
3.0578964684826668e-09
4.003730592178588e-09
4.005605478329868e-09
3.985593081587933e-09
2.976824655970701e-09
3.944020942410649e-09
3.6926584742443327e-09
4.392110153979452e-09
3.657825303987703e-09
4.073531000090957e-09
4.19936813816392e-09
3.730683173302184e-09
3.843982935073081e-09
3.49821531486251e-09
3.753128580542917e-09
4.1372308278385915e-09
4.823658131562422e-09
3.6054820744648233e-09
3.560217491313262e-09
3.2902947779550606e-09
2.5665533863222963e-09
4.0430525320885036e-09
3.387003735474698e-09
2.895341172381733e-09
3.8468783135629965e-09
4.439679226737967e-09
3.3339686727508477e-09
3.265104365644724e-09
3.9545893772640305e-09
3.86158846945369e-09
3.9330243943374796e-09
3.0472959836914948e-09
3.4566704693907158e-09
4.447335161218095e-09
3.003750444555142e-09
3.934144842581214e-09
3.398899394140703e-09
3.357343681710534e-09
4.232341221141033e-09
3.5384126230724074e-09
4.0458783995040055e-09
3.1005044795690342e-09
3.6365557262003044e-09
3.7399860138638726e-09
2.9647891819535588e-09
3.3102447444927595e-09
3.6357359839769843e-09
3.7230211159529174e-09
4.0902592156918764e-09
3.676525426384459e-09
3.582394113288683e-09
4.339832691889305e-09
3.716924340090976e-09
4.282276223129423e-09
2.967670666826315e-09
4.080592813464606e-09
3.8864424877654326e-09
3.794866698604484e-09
3.9825548908494456e-09
5.003033832487111e-09
3.994437191765215e-09
5.045255482925143e-09
3.696937295194231e-09
3.5682367080600713e-09
3.643928281132306e-09
3.1511044354891847e-09
4.127010835072026e-09
4.022154355778386e-09
3.2131857689442385e-09
4.1763132352335905e-09
3.6158690141997914e-09
4.6634077888359216e-09
4.595197613534944e-09
3.723779987922088e-09
3.45915618816129e-09
4.2287277822201236e-09
3.4178149987918946e-09
4.469572960602141e-09
3.768375640776211e-09
3.4879705667787905e-09
4.9185426652777545e-09
4.5232210491778606e-09
3.3461136939049764e-09
2.4398924362021082e-09
4.3366144134894535e-09
4.087815126923699e-09
3.941071207119555e-09
3.788338796795968e-09
4.77781158321651e-09
4.615057374343472e-09
3.6141089584484747e-09
3.3153451650669297e-09
3.4631797215666123e-09
3.5287044529322235e-09
3.297134590417132e-09
4.018381123509218e-09
3.1786165567595885e-09
4.818794412813927e-09
3.0518953815939637e-09
3.925746345459936e-09
3.5336456741382957e-09
3.2646369051560035e-09
4.698312286259814e-09
3.727943604530694e-09
4.147785768115423e-09
3.5005071975292325e-09
3.6470894156266642e-09
3.5750648158549593e-09
4.047217981920353e-09
3.66730052917116e-09
4.06992848705481e-09
2.511982325923909e-09
3.856290014690646e-09
2.7316981059989642e-09
4.018804628923983e-09
3.5095067399057434e-09
3.752393301897222e-09
3.5474820530667465e-09
3.9403482614904124e-09
4.0803084591103066e-09
4.056077417241132e-09
3.0538910065591555e-09
3.7779280789352644e-09
3.573216000429119e-09
4.368690520505179e-09
3.0262624691889013e-09
4.240744710742265e-09
3.77043320789203e-09
4.462795793829487e-09
2.592789436818045e-09
3.739064720874059e-09
2.1606507468060164e-09
2.497181122854738e-09
2.9433741805624455e-09
3.4249489927083362e-09
3.78418308396699e-09
3.2096807748519668e-09
4.006816243812966e-09
2.9743157983742018e-09
4.724156054574432e-09
4.4454248740227395e-09
3.4993526878274173e-09
3.9129528799542075e-09
4.0092358235947236e-09
3.70488276559347e-09
2.9844667225834703e-09
3.810909408083051e-09
3.7711692866789284e-09
4.844785568113973e-09
3.604744659181907e-09
4.799310264198657e-09
4.104195112507748e-09
3.2720798511009022e-09
5.1236631878957654e-09
3.6040766212370665e-09
3.77962990853048e-09
3.2587030057338283e-09
3.878409189021336e-09
3.3241387928937063e-09
3.862808167678488e-09
3.567441876953757e-09
3.964319153168267e-09
4.301051790547503e-09
3.552957885744664e-09
3.886089183845025e-09
3.853876356333264e-09
3.5782965010109843e-09
4.000521006803336e-09
3.7235249547855516e-09
4.102200949806026e-09
3.2441042931413006e-09
3.91943104865013e-09
3.735047425209095e-09
3.4110201504165306e-09
4.2365594286842764e-09
3.984098879527675e-09
3.0352130774013997e-09
3.717362681511429e-09
3.43322539755192e-09
4.136603853183672e-09
2.9016690035444347e-09
3.7285260641212355e-09
4.6106556667209475e-09
3.931993627069065e-09
2.5833834152292658e-09
2.983622216423589e-09
3.964086512059199e-09
4.387038869549734e-09
3.9402031067146265e-09
4.056921610229216e-09
3.3098314569787388e-09
3.7501405499300484e-09
4.168896863788671e-09
3.2938811615323277e-09
5.056118144715176e-09
3.60577938313773e-09
3.7645138210038245e-09
3.1438540883566186e-09
4.032778626176289e-09
3.5011185749059086e-09
4.71078648648076e-09
3.5993830994614055e-09
2.904160448637203e-09
3.824130060520441e-09
3.60066865223458e-09
3.95908078879275e-09
3.710185027586653e-09
4.989410230891306e-09
3.739945584235911e-09
3.5029156016802565e-09
3.0022149471856975e-09
3.4039752256059125e-09
3.943720386931707e-09
3.8919839132111125e-09
3.802648062536593e-09
4.055083633626704e-09
3.45746753639296e-09
4.496476871829885e-09
3.5278622586166347e-09
3.7957117562438004e-09
3.864945130539928e-09
3.892334952395812e-09
3.847530465072874e-09
2.875770147080063e-09
3.426112846064474e-09
3.796890564271554e-09
4.0223636426305574e-09
2.954130391913737e-09
2.8751618727442148e-09
4.957089713968771e-09
4.123815823054485e-09
4.2989809634764835e-09
3.6425146537249e-09
3.554701455714057e-09
3.811245662761666e-09
4.2344167290380916e-09
3.7007886098065074e-09
3.1989595856703017e-09
3.5632025149456154e-09
3.375277091296428e-09
3.7155722644672054e-09
3.129064653759929e-09
4.3419830336971325e-09
4.016754910564531e-09
3.601693921405358e-09
3.884172376257804e-09
3.4053547521986985e-09
3.4968892458878305e-09
3.4250519984741455e-09
3.5854423833126675e-09
3.4963072818318917e-09
2.853582102709494e-09
3.635140323357631e-09
3.276377173906664e-09
4.477529465577411e-09
3.710750894059256e-09
3.547797631305201e-09
3.6566675363667797e-09
4.567212154749523e-09
4.553043802548416e-09
4.152913636568632e-09
3.591743873024647e-09
3.3724125244227916e-09
3.2748886806045242e-09
3.807224277919789e-09
3.841591096934941e-09
3.5965691986021217e-09
4.8895479632933385e-09
3.5161318189176095e-09
4.669229194042765e-09
3.994809437673358e-09
3.9638443893852925e-09
3.944115855583023e-09
3.834734850190549e-09
3.862754029940359e-09
4.307093696075907e-09
3.312094011326174e-09
4.232987397395898e-09
5.083861324538946e-09
3.0187373253778675e-09
3.5162402981154563e-09
3.148398447494743e-09
4.133365179314653e-09
3.6746046019366096e-09
3.5616184244479515e-09
3.3446820998038994e-09
4.437403683919556e-09
2.8362342249094175e-09
3.708298860637029e-09
3.1437314861244327e-09
3.6773138877487996e-09
4.333359783200222e-09
3.260601317753558e-09
3.635642715864567e-09
3.564968259939412e-09
2.8489579948637322e-09
4.5952383222365445e-09
3.802275497764591e-09
3.3533791177361126e-09
2.588387172782966e-09
4.124881996896406e-09
3.6190547688655025e-09
4.414752496678578e-09
3.907932196161451e-09
3.506276224874913e-09
4.075082263928394e-09
4.091057119643988e-09
3.750003647396468e-09
3.5567955145813374e-09
3.4103326336954592e-09
4.359975164702681e-09
3.65900318561891e-09
3.4760234969804897e-09
3.881713071308447e-09
3.6695787963727904e-09
4.069249034141607e-09
3.588634436325639e-09
3.2496820931903966e-09
1.1922343229309705e-09
3.180366202977427e-09
3.446806615895869e-09
4.151496960384717e-09
3.412052988782145e-09
3.76439329572353e-09
5.031107018569746e-09
3.8513688074772075e-09
3.799969759698835e-09
3.437028284539439e-09
3.7549947259104925e-09
3.616567096199983e-09
4.476394607365233e-09
3.3484552734719397e-09
3.5635121543040396e-09
3.481829420213991e-09
4.609363246448582e-09
3.4838137398778696e-09
3.2772335458461713e-09
3.168165600253136e-09
3.6502404801596645e-09
4.247557715221419e-09
3.5498120906510625e-09
3.730791785748477e-09
3.63063188817429e-09
3.884755196453989e-09
2.985537205153245e-09
4.734236006638439e-09
5.05228779602504e-09
4.152586087708202e-09
4.335483247636194e-09
3.502915392266607e-09
3.83414220099694e-09
4.283075912057781e-09
3.729880089953664e-09
3.1280269934593624e-09
2.5338544731379545e-09
4.011668454514342e-09
3.3494277925207386e-09
4.164799370881631e-09
3.6782996384551216e-09
3.935688531423332e-09
4.05756351423963e-09
3.948244015365351e-09
3.669606050884372e-09
3.722025788651436e-09
3.7049310851774812e-09
5.132368187887003e-09
4.3144946216514164e-09
3.4862231296228785e-09
3.046352211666988e-09
4.378945716774184e-09
3.063587956724737e-09
4.384426309479109e-09
4.20963081808421e-09
3.3330781360830022e-09
4.303487385730071e-09
4.040260906488114e-09
3.643668474578865e-09
3.656673443317056e-09
4.017333326948331e-09
3.741573187236204e-09
4.112879330132272e-09
4.154054161959776e-09
3.774218218174658e-09
4.771250403611243e-09
3.693885900174325e-09
3.741406376443594e-09
4.240172946047213e-09
4.899982350913771e-09
3.474842116574662e-09
1.1090422318569063e-09
4.251136432893016e-09
4.507434343467825e-09
2.3983130031631286e-09
3.5794949575468187e-09
2.6223014567617643e-09
3.6663677645634198e-09
5.095065018164997e-09
3.617220455890552e-09
3.859442197795028e-09
3.6920366878762795e-09
3.614434189989392e-09
3.6541274094038442e-09
3.9787655422944546e-09
3.730444927952086e-09
2.731505606607971e-09
3.05159664193682e-09
4.699112044577111e-09
3.6994288695781086e-09
3.838879742139745e-09
3.805320402587662e-09
4.012160963271644e-09
3.823966991689e-09
3.535745111407293e-09
3.705542544736682e-09
4.126011355980955e-09
4.413996477679004e-09
3.439179599039246e-09
3.3292102968201544e-09
3.3391419075297704e-09
4.38602762605194e-09
3.183258900723261e-09
3.979957768083034e-09
3.8277652081504e-09
3.6567953970337123e-09
3.858348961020049e-09
3.088156110768025e-09
4.7111842835104514e-09
3.361172344683132e-09
2.7939815768602237e-09
3.5313241836991763e-09
3.584379257921995e-09
3.4512654200442514e-09
4.572957381851744e-09
4.086436890585708e-09
4.855833759609754e-09
4.208203689486621e-09
4.1444280409873996e-09
4.076016397883478e-09
2.470614768107157e-09
4.10847763844752e-09
3.7043598864901738e-09
3.75636949719255e-09
4.613845193759698e-09
4.118445467418599e-09
2.594528867032493e-09
3.841089870379021e-09
3.5964149946413233e-09
3.8766770353213485e-09
4.410725094785694e-09
3.2740914906537535e-09
3.755304958706976e-09
4.563498892467231e-09
3.0558306330784497e-09
3.421841532130418e-09
4.212697550065418e-09
3.663797534022434e-09
3.7086831225410094e-09
3.7055101384758475e-09
3.958102212631674e-09
3.8380825271439045e-09
4.206305621683431e-09
3.83376594408286e-09
4.110159264748402e-09
3.915795869903569e-09
3.742324836196291e-09
3.757240730616496e-09
4.554857803808817e-09
4.726895089864243e-09
3.8673749173261975e-09
3.6126323526100047e-09
3.768603479899647e-09
3.5696633251852856e-09
4.023185545180916e-09
3.932646990283291e-09
4.199264235003972e-09
3.6284720684879104e-09
3.91789353737515e-09
3.761739404456628e-09
3.862662131500546e-09
3.936618603902868e-09
4.337558841727325e-09
4.023988093096193e-09
3.700933222426997e-09
4.2696915372318796e-09
3.6325374356172176e-09
4.935438468718981e-09
3.970459592345359e-09
3.567184097533118e-09
4.269270620132961e-09
3.5304784102153756e-09
4.7103824546380554e-09
3.7380443172773704e-09
4.303698327562649e-09
3.4244185332429206e-09
3.582555571863058e-09
2.8442071061079814e-09
2.571765872255629e-09
4.272186591037369e-09
3.2745710738780152e-09
3.871185515159567e-09
3.708701683431681e-09
3.7104856159711312e-09
4.0797412421012674e-09
3.824821073142998e-09
4.624653392334109e-09
3.7939981310168396e-09
3.934129700342622e-09
2.012301311476658e-09
3.738014691290377e-09
3.2762515017018164e-09
3.3576269811903293e-09
4.091717131131725e-09
3.7179893193047334e-09
3.921775852634354e-09
3.809761351660987e-09
2.8989958282782217e-09
3.859997811509787e-09
4.261586052307139e-09
3.5527520404754487e-09
3.863776225289557e-09
3.9702144847544515e-09
3.6576648942705098e-09
2.9832959346702374e-09
3.1509366800312223e-09
4.103346514297817e-09
5.072865924527457e-09
3.6615604466624582e-09
3.644426543858957e-09
4.195554771440832e-09
3.541165342023627e-09
3.906150868851401e-09
2.5027552172634387e-09
3.934296207179153e-09
4.419166965794353e-09
3.321170993872847e-09
3.6945707194546012e-09
3.5124907782693726e-09
3.743590097746337e-09
4.41529551071726e-09
3.981290553039651e-09
4.009433530029281e-09
3.293833373695272e-09
3.5670308252272465e-09
3.3940196661171387e-09
3.046547523424207e-09
3.954352758542452e-09
3.3398932300907937e-09
3.0132636180614687e-09
3.8675555309340345e-09
3.604568301067597e-09
3.6231741835815283e-09
3.615805317376368e-09
4.416285511170837e-09
3.0341707110128832e-09
3.8041657510179926e-09
3.778907552111008e-09
4.030691638963468e-09
3.6178320797063818e-09
4.1539795415284145e-09
2.977561773802751e-09
3.5750430333659523e-09
3.6998599196305312e-09
3.600097728771994e-09
4.072113835961854e-09
3.78563155779485e-09
4.7338829178779525e-09
4.19402724545102e-09
3.4554466030590862e-09
3.302877522534404e-09
3.703838141137089e-09
3.855769336951441e-09
4.494308157077832e-09
4.444588716599057e-09
3.6664118573310513e-09
4.519350925284195e-09
3.810507460835864e-09
4.075379226523967e-09
3.6909358308405416e-09
3.1705105206264635e-09
3.890993036071658e-09
3.873035952280807e-09
3.6700844561229733e-09
2.417703018364227e-09
2.52750081915264e-09
3.821870814886986e-09
3.659595933366497e-09
3.5043381687140454e-09
3.4848000589229704e-09
2.8611896142811434e-09
4.04164818355434e-09
4.529041358635778e-09
3.794644019524448e-09
3.6548663567728505e-09
3.0135457877483902e-09
3.569772041335517e-09
3.474672603570768e-09
4.526119925520825e-09
3.973145619581495e-09
3.6724477678719628e-09
3.440889845187506e-09
3.915097203193146e-09
4.264837784252913e-09
3.7706286417846235e-09
3.7979079548161945e-09
3.6687507070937847e-09
3.7453814710568765e-09
3.4041424339212485e-09
3.992549538211782e-09
3.8308139498023294e-09
3.752702170658952e-09
3.4467742808129073e-09
3.736404421321796e-09
4.225114788906307e-09
3.442063286306085e-09
4.387941131159343e-09
4.017372671777809e-09
3.797995865018316e-09
3.177508375233444e-09
4.380381836335129e-09
3.831278172321262e-09
4.107281083222825e-09
4.460719257566668e-09
5.499051710842161e-09
2.9480300353114906e-09
3.5750358220120425e-09
3.90356312871638e-09
4.148804096928624e-09
3.948534475187344e-09
3.848618393106126e-09
3.729459563004897e-09
4.331668853143657e-09
4.192924468889546e-09
4.46909473029956e-09
3.739941814573378e-09
3.758498693317517e-09
4.6147803436664275e-09
2.4862993377441564e-09
3.4786463203257192e-09
4.446814599325891e-09
4.127712369117725e-09
4.252719681561903e-09
3.674842326164933e-09
3.7096184278681207e-09
3.827820608225119e-09
3.00441352547344e-09
3.3760246548743093e-09
3.367511111651046e-09
3.7724631146251845e-09
3.783970416301394e-09
3.531393598333807e-09
3.72761643844784e-09
4.801779290755214e-09
4.364830267567562e-09
3.913039688390081e-09
3.885777675538896e-09
4.071695384718146e-09
2.9729824757617276e-09
4.392645566243022e-09
3.6723283510257596e-09
3.070409396893105e-09
4.570365810525716e-09
3.64820664579572e-09
3.907885296394395e-09
3.902932274027146e-09
5.749562772335449e-09
3.447374095715515e-09
4.129124100743422e-09
4.8194225395420745e-09
3.052983014127913e-09
3.5512245627326335e-09
3.76012896128675e-09
4.299478816699974e-09
3.845635242487235e-09
3.5799989134732875e-09
3.1977040661646666e-09
2.4293534587964925e-09
2.709213837157661e-09
3.169560853686325e-09
3.377654070010113e-09
3.5478789310182564e-09
3.6047006787376205e-09
4.672358663165843e-09
4.274898951159029e-09
4.232291643990922e-09
3.933830850205277e-09
3.849780286549996e-09
2.551217522883762e-09
4.190245690574926e-09
4.111904251932665e-09
3.760436968378803e-09
3.906989762476106e-09
4.181563960218605e-09
4.1780380924155876e-09
3.5546134280928406e-09
3.7081989168749954e-09
3.935486986316773e-09
4.648653314934595e-09
4.930136311026047e-09
3.553430231160483e-09
2.928558139156552e-09
3.766129529222083e-09
3.928219402592279e-09
3.383150153199368e-09
2.75548653160115e-09
3.6962821750303847e-09
3.0028031306047684e-09
3.791429718411846e-09
3.5277688559005177e-09
3.7220757638121646e-09
3.637718652184114e-09
3.765888273801494e-09
3.937307048321528e-09
3.5860703868212385e-09
3.603925383653412e-09
3.7240987796273613e-09
4.2993335848374135e-09
3.154495958933648e-09
4.740023381612224e-09
3.8541972525833745e-09
3.5285501493332455e-09
3.5494158203948703e-09
3.675112777740564e-09
2.819800529630257e-09
3.960604794540738e-09
3.8314893950706225e-09
4.008767419850113e-09
3.636291003765793e-09
3.716350524952776e-09
2.879075048788267e-09
3.7918932578292e-09
4.736233192150028e-09
3.5350042231537676e-09
3.708571140014893e-09
4.182392056653345e-09
3.977171089751368e-09
3.8921393780990375e-09
3.792557655348406e-09
4.1914492138043526e-09
3.4745207488050267e-09
4.1602124325763185e-09
3.991286670959604e-09
3.951746776272198e-09
3.465943776610487e-09
3.641185993940709e-09
3.8015587463993e-09
3.654144566577963e-09
3.714159616040151e-09
3.3747215111919367e-09
5.43720850586021e-09
4.3830549376045434e-09
4.611245110579254e-09
2.7534238000509123e-09
4.162582995361017e-09
3.935580532743888e-09
3.5215759415009075e-09
3.693030400312835e-09
3.859170243623606e-09
3.698614198114139e-09
4.469345586872488e-09
3.870867621498953e-09
3.6003452262697508e-09
3.91704735005138e-09
3.5734809254468064e-09
3.54812609761751e-09
3.417665587221539e-09
4.005540124682894e-09
3.419866868262667e-09
4.8773861849814824e-09
3.3914032154954386e-09
3.44272756841197e-09
3.816427481277609e-09
3.7125055308596944e-09
3.4550542188003207e-09
3.361073767286886e-09
3.955403221698583e-09
3.611665343205596e-09
3.965759809139522e-09
4.054293596482926e-09
3.688218464903241e-09
3.7027554141300795e-09
3.95487665153741e-09
6.104608281495751e-09
3.5899943340886135e-09
3.75126142605417e-09
3.7578541402217246e-09
3.779648275294752e-09
9.990739999079894e-10
3.5741990480025847e-09
3.844390874109364e-09
3.732979901268415e-09
3.6665823002551487e-09
3.78661872024082e-09
3.6796754015653264e-09
3.4719473171571265e-09
4.062706946740286e-09
4.153009450550381e-09
4.015322272702022e-09
3.4232667483580052e-09
4.1354668233687525e-09
4.752575172327963e-09
2.281704400669115e-09
3.346268516403114e-09
4.275426570665274e-09
4.125823437560981e-09
3.7180969677868755e-09
4.672569333568407e-09
1.6445957862687086e-09
4.1455783129766034e-09
3.5618533183665035e-09
4.06442075790792e-09
3.3909737662675236e-09
3.799805386084289e-09
4.8268632792981825e-09
3.6460945278607437e-09
4.264786830979195e-09
3.5189341706927217e-09
3.0285994268020033e-09
3.660565696210743e-09
3.90499581216959e-09
4.001745375933723e-09
3.3967308142634003e-09
3.681562407741642e-09
3.50947803722532e-09
4.1607905305299404e-09
3.682252759597184e-09
3.871107393351499e-09
3.962853708052751e-09
3.4602498504314114e-09
3.345450938681011e-09
3.379674257683943e-09
3.5530273531257303e-09
3.739875321917812e-09
3.819080717686399e-09
2.8481683851666606e-09
5.052492656730263e-09
3.8825036879582865e-09
2.6378904224269757e-09
4.16266215756949e-09
3.495428582862836e-09
3.608395885259033e-09
4.087291242548148e-09
3.2729730920400164e-09
3.847994944818772e-09
3.82414695813656e-09
3.0167331564116655e-09
4.08262675771244e-09
3.7983641572206066e-09
3.8670564202528644e-09
3.0618496205244913e-09
3.793715639267663e-09
3.201923533388204e-09
4.527864608206908e-09
2.7017980110664343e-09
3.827604042961133e-09
3.627751010888431e-09
4.3615298929997395e-09
2.9893107202907596e-09
4.615019487874336e-09
4.80419888484844e-09
3.800488235315008e-09
3.1037271848747758e-09
4.46240627836967e-09
3.8542293665975134e-09
3.7576601238692615e-09
3.7722118135835765e-09
4.388808169046143e-09
3.6418605546626598e-09
3.732363472431187e-09
3.5446272212444167e-09
3.6512480117829003e-09
2.9431596222651013e-09
3.988588509712225e-09
3.997472021856439e-09
5.826706163999246e-10
3.780397912084028e-09
4.332127150226666e-09
2.6537585508528035e-09
2.647031757739386e-09
4.274674536433945e-09
4.161262364744435e-09
4.910835684228312e-09
3.1500858695067586e-09
3.831690741280293e-09
3.117216781142046e-09
3.20072858045169e-09
4.515191262327231e-09
3.948716739438779e-09
4.388212521220375e-09
3.9414354967726856e-09
4.396205251504422e-09
3.683315770333477e-09
3.2031192397910177e-09
3.4004988111913277e-09
2.596060856628439e-09
4.170971559997773e-09
3.911146861945453e-09
3.794558310957468e-09
4.242519835331686e-09
3.843557487255914e-09
3.406347497418496e-09
3.86485215153002e-09
3.4273258977504835e-09
3.7198254501072565e-09
3.373079584037802e-09
4.02427441782531e-09
3.2594688155669106e-09
4.3594038624198556e-09
4.558290570520762e-09
3.750349423755402e-09
3.7012606141323227e-09
3.6033354433389307e-09
3.6466672683919607e-09
3.188093003893104e-09
4.399139565537495e-09
1.6824322310749623e-09
4.161126756422988e-09
3.6190967706950343e-09
3.3194014512441007e-09
3.3284298199000827e-09
4.211000236118041e-09
4.479465133620363e-09
3.803538026474641e-09
3.6632325493314577e-09
3.858194865913149e-09
2.907470784637746e-09
4.2050202411899815e-09
3.745695371384049e-09
4.82512261406904e-09
3.984347584664021e-09
3.2131060347107e-09
3.318878549047298e-09
3.550079541534551e-09
2.375284563818896e-09
3.211262416624814e-09
4.871721747312565e-09
4.552139173203892e-09
3.20642918119618e-09
3.860245744423136e-09
3.848608003901438e-09
3.4478779556900915e-09
3.632541481697095e-09
3.276831840701329e-09
2.897555719829064e-09
4.815203917833601e-09
4.075271170381808e-09
3.0791432617614106e-09
4.448320521015323e-09
3.535443379352153e-09
4.039260989379366e-09
2.6378810684727326e-09
5.00651620773682e-09
3.2819024489683622e-09
4.370956825216349e-09
4.3352710847209194e-09
2.7455536606691387e-09
3.858651747949693e-09
4.62374499240548e-09
3.775394191338991e-09
4.231085864265724e-09
4.3456920015088295e-09
3.614135139383065e-09
3.5162409619182364e-09
3.428971430473153e-09
3.993241241796383e-09
3.737359802495274e-09
3.529440622033163e-09
4.191182189066528e-09
4.089470108793562e-09
3.650271098787957e-09
3.446067280870376e-09
3.386817066706148e-09
4.572679889738255e-09
3.584577184449593e-09
3.8524263485761705e-09
3.83917452451317e-09
2.4654459653840853e-09
3.449782340271979e-09
3.5720155229404353e-09
4.401260889975219e-09
3.6945215057290585e-09
4.757122764556965e-09
3.079128117950726e-09
4.4323240096623764e-09
3.273140649468452e-09
4.276394881979652e-09
5.146787683703562e-09
3.3375301535594655e-09
3.657786160060888e-09
3.6691389722516565e-09
3.369716809731825e-09
4.21504443891621e-09
3.039256081614067e-09
3.735759086678867e-09
3.5590731288764194e-09
4.359276325712532e-09
3.9503820194403474e-09
3.813698584579153e-09
2.315982696853708e-09
3.551359869320616e-09
4.128726503911662e-09
3.8771547677040816e-09
3.013814100138925e-09
3.950665849420266e-09
4.444542946679085e-09
3.815790288721945e-09
4.28802083462165e-09
3.639842563365591e-09
3.7724756096215416e-09
3.8399601028213035e-09
3.619157959867253e-09
4.287931967394271e-09
3.7102516549543385e-09
3.917566603582612e-09
2.7448021399159583e-09
2.420055561708819e-09
3.646143078217187e-09
3.747865445508786e-09
3.6881740736547514e-09
3.3597129012229512e-09
4.2904629292709814e-09
5.209231808932235e-09
4.5498496279144235e-09
4.072394186953841e-09
4.1946186615814986e-09
3.6398454592695938e-09
4.0127017043888914e-09
4.592016888862582e-09
3.622363018210544e-09
3.752822207560378e-09
3.957201645846901e-09
3.717803185969426e-09
3.6914007327747654e-09
3.3474487786712415e-09
3.732231136231896e-09
3.4983055296989793e-09
4.052579423300187e-09
3.7760658553979976e-09
4.839008312161695e-09
3.0651623401435103e-09
4.293927705805237e-09
3.987475912013792e-09
4.5716641882179686e-09
3.0861447153775028e-09
4.30945261783609e-09
1.6060596312616505e-09
3.7999987971266795e-09
4.051035796040752e-09
3.738564951052178e-09
3.775786863345013e-09
3.0165656982419388e-09
3.1228598821458897e-09
3.898537203402431e-09
3.2537294220686894e-09
3.808458847007375e-09
3.863370647862446e-09
3.6580674494298554e-09
4.378902109024394e-09
3.6268303343217623e-09
3.456154545552776e-09
3.857033249699774e-09
3.813703010238211e-09
3.5226657364218796e-09
4.157996611950376e-09
3.36990027690557e-09
4.2464796767924945e-09
3.937520088735831e-09
3.9959552899124055e-09
4.329688443709123e-09
3.6005007727438892e-09
4.351755576931845e-09
3.7166497604697833e-09
4.5212334884542175e-09
4.154958712049121e-09
3.825779768830938e-09
4.41485921209633e-09
3.770227386637893e-09
4.797672792139669e-09
3.383750673646539e-09
3.666590682059514e-09
4.103403966387777e-09
3.841472049367998e-09
3.698975958703072e-09
3.234730219250047e-09
4.4495795749116204e-09
3.6582937640024064e-09
3.7013213996560726e-09
3.6139668533165595e-09
4.200170538410861e-09
3.759859985201855e-09
4.143191224348711e-09
3.837204337099349e-09
4.262014797725214e-09
4.04750857374396e-09
3.950555081092162e-09
3.731610216032959e-09
2.6271460329993328e-09
3.917901237216349e-09
4.42786394572528e-09
3.199862876350403e-09
3.542367943518577e-09
3.9742713373188375e-09
2.9828971393613957e-09
4.033029555553392e-09
3.896896555498439e-09
3.5198960117053743e-09
4.540783482781616e-09
3.277812955250741e-09
4.2417099958315385e-09
4.726456880499615e-09
3.6977944655944284e-09
2.3047710036587683e-09
3.82579751163686e-09
4.268266463576878e-09
3.404023264869452e-09
5.287768716053139e-09
2.8332584796082055e-09
3.9465791952823445e-09
4.262654298438882e-09
3.950089309031485e-09
3.5969659408657297e-09
3.5515633446323025e-09
3.323041999556131e-09
3.781098714835361e-09
3.57966469384215e-09
2.841917755703853e-09
3.571116304794744e-09
3.6741632371099786e-09
2.814207757779151e-09
3.9445980366099e-09
3.955875750615619e-09
4.114168179476362e-09
4.091943389705234e-09
3.77810232361428e-09
4.060704829193015e-09
3.758549941060545e-09
3.550578800426158e-09
5.7321515553902455e-09
3.799312818834281e-09
3.2070931988651546e-09
2.358709677823933e-09
3.4566584459680937e-09
2.6349931217008182e-09
3.4995591806905903e-09
4.082013833992416e-09
4.106164772511422e-09
4.023336142163717e-09
4.4032336731858815e-09
3.856315809269793e-09
3.238268041249378e-09
3.966579298960576e-09
4.408523138449243e-09
4.42761656136402e-09
3.4934821423497284e-09
3.800154758253939e-09
4.4588907748346895e-09
4.30188325944731e-09
4.226470842684689e-09
4.481011929406437e-09
3.310647745204988e-09
3.805085195822573e-09
2.646306364306999e-09
4.827791214273135e-09
4.0861872336282745e-09
3.6791527873326207e-09
3.8901769725463095e-09
3.746106125984954e-09
3.77788284667115e-09
3.2925384265271133e-09
3.6487329314080323e-09
3.6415435422415716e-09
3.856687780332685e-09
3.906679266381125e-09
3.3561695488709686e-09
3.576794436316571e-09
4.8848498840738455e-09
3.7189118296367465e-09
3.727734030744417e-09
3.290408023414078e-09
3.7058893077738034e-09
3.8645918493877655e-09
4.016832378761319e-09
3.545680242033472e-09
3.6289543099590586e-09
4.434107603117597e-09
3.5450778246119696e-09
4.690671444361819e-09
3.85849990229125e-09
4.4934843426453625e-09
3.431246796024509e-09
3.807739280782194e-09
4.2760176592582765e-09
5.2021817394738885e-09
3.353188954909221e-09
2.3583176872931863e-09
5.076616247767351e-09
3.482274167317719e-09
3.730568437932541e-09
3.4091874592453997e-09
3.843780800594221e-09
3.846854850831673e-09
3.862333324423494e-09
4.20350772706345e-09
3.963288497897937e-09
3.88524364785571e-09
3.870421812907088e-09
3.9033911625966505e-09
2.805251825320834e-09
4.587372176188213e-09
2.8200389697030648e-09
3.3046604986449075e-09
3.1678209745579673e-09
2.0466079989588104e-09
4.050779740013676e-09
3.4416635732743145e-09
3.466574184771056e-09
3.020585885419886e-09
3.8817649663201725e-09
2.2353636608841293e-09
3.4508520865600585e-09
3.864895950207812e-09
3.949244875296309e-09
3.9800790935587416e-09
3.7065815144824224e-09
4.40454271378966e-09
3.923879948503246e-09
3.809305899958159e-09
3.2006289126733194e-09
4.507830714066928e-09
3.614743118002771e-09
4.131060825341391e-09
4.978335016632158e-09
4.038646284748853e-09
3.352879912458303e-09
3.459388262395252e-09
3.808795268111023e-09
3.792858997253394e-09
5.171608760700698e-09
3.802120604847522e-09
3.575206306948974e-09
3.5872000148963468e-09
4.2856538175575255e-09
4.095390601730614e-09
2.7249389326997747e-09
3.0201874450246254e-09
3.8794528878401124e-09
3.9815951127482666e-09
4.537685009589187e-09
4.066630368711709e-09
3.5235045131695904e-09
4.035940664136317e-09
3.4849086676829767e-09
4.5059329131943125e-09
3.7165976111584384e-09
3.0380683034938495e-09
3.140096272032881e-09
3.5952749214166954e-09
3.937646048742145e-09
2.946259000332664e-09
4.48145550589708e-09
5.16343350319198e-09
3.990576726269762e-09
3.158055078241514e-09
3.6625051751159113e-09
3.786478422690767e-09
5.222416948327466e-09
2.654853871681198e-09
3.826442471796358e-09
3.5622422023327653e-09
4.289527368180578e-09
4.308102130893762e-09
4.401473286265011e-09
3.3547836994821632e-09
3.3341602668872372e-09
2.813456236104399e-09
3.2010196367475083e-09
3.1031696311428596e-09
2.7478583602860533e-09
4.1399944354322295e-09
3.3535009472574102e-09
3.361572236662471e-09
3.7074834111495807e-09
2.8301682046647132e-09
4.642460675326025e-09
3.513142319752898e-09
2.000682981263824e-09
5.0737487510541836e-09
4.458070789804293e-09
2.757555395290455e-09
3.7201469077030418e-09
2.8708259747298875e-09
3.4551331036698774e-09
3.456979314137368e-09
3.754617279463999e-09
4.671082769116142e-09
3.6869378430273367e-09
4.687620252141929e-09
3.522823313064586e-09
3.736792492678529e-09
3.840075917568419e-09
3.598016969812764e-09
3.81174387182031e-09
2.772141467224064e-09
3.5750823271295078e-09
3.983420117684936e-09
2.987014175392065e-09
4.347576458834258e-09
3.902512739123367e-09
3.1517646139982668e-09
2.8548401186448413e-09
3.6519314471333136e-09
3.7749461852319526e-09
3.976904157008097e-09
3.1385956193491667e-09
2.6633548275882893e-09
3.9143678593075125e-09
3.336405493623972e-09
3.796835387813533e-09
4.067516822003122e-09
3.5092975046615953e-09
3.0669267015869146e-09
4.284648176403408e-09
3.2012208081295783e-09
3.463730255306302e-09
3.7791152006794865e-09
3.728906758186917e-09
3.6395334183491473e-09
4.7927752319719234e-09
3.7005037748795953e-09
3.7741281223835875e-09
3.9296169319826685e-09
5.0496575051831374e-09
3.785800758006417e-09
2.5332878766178187e-09
3.201102031016867e-09
3.707538341927389e-09
4.170107855165292e-09
4.319012449278178e-09
4.304364962333038e-09
4.0968539727131645e-09
4.818935124962891e-09
3.656777068379146e-09
3.4688140139699057e-09
3.932201734038222e-09
2.9055028503044596e-09
3.787039145274583e-09
4.012095267125204e-09
1.0033567691969392e-09
4.221172517266964e-09
3.916455846371576e-09
4.683747236518439e-09
3.791246802012805e-09
3.540839932023032e-09
4.142840458111908e-09
4.407671933166768e-09
1.991747506345249e-09
3.5276566965410268e-09
3.734234813946094e-09
4.494635219185698e-09
3.753644921636063e-09
3.451020249840668e-09
3.113222712936535e-09
3.7684529256886215e-09
3.751520266908736e-09
3.9671122454773555e-09
3.911766983846331e-09
3.5304811673415003e-09
2.4660292725496753e-09
4.133705191079057e-09
3.6211350165691984e-09
4.493834974874777e-09
3.278327406958971e-09
3.7035194679893232e-09
3.3745151194306162e-09
4.108403412882589e-09
3.824295941718108e-09
3.985253430212332e-09
4.1081577293634874e-09
4.279545091185558e-09
3.0498735823078146e-09
3.579653377969866e-09
2.99687299244256e-09
3.874786508306898e-09
3.93407783671855e-09
3.6739343438709805e-09
3.065601749936784e-09
3.6524527534929387e-09
3.571283317303168e-09
4.481995433157967e-09
2.495707909213815e-09
4.650313871826239e-09
4.055958936549295e-09
3.797288855372175e-09
4.152880528666362e-09
3.2342509506070455e-09
3.7015719554171073e-09
3.4158093270672714e-09
3.949454705659029e-09
3.3703790905631296e-09
3.740946261153542e-09
4.082865073156208e-09
4.6788051388975405e-09
3.490611395740549e-09
4.7143751983821924e-09
3.7125968575997016e-09
3.1386494085162975e-09
3.884535891248483e-09
3.479680864629242e-09
3.802204021248479e-09
3.193023415224046e-09
4.615415674755381e-09
4.298569180835078e-09
3.6082883828189236e-09
