-0.0000000000200 0.0000000000000
0.0000000000000 0.0000000000000
0.0000000000200 0.0000000000000
0.0000000038969 0.0000000000000
0.0000000039169 0.0003474487101
0.0000000040169 0.0010074690324
0.0000000041169 0.0014761012796
0.0000000042169 0.0020318010393
0.0000000043169 0.0026274035982
0.0000000044169 0.0031919274460
0.0000000045169 0.0036430057397
0.0000000046169 0.0039061357844
0.0000000047169 0.0039347347667
0.0000000048169 0.0037236104671
0.0000000049169 0.0033105006682
0.0000000050169 0.0027650550159
0.0000000051169 0.0021696742385
0.0000000052169 0.0015994325986
0.0000000053169 0.0011076894086
0.0000000054169 0.0000000000000
0.0000000055169 0.0000000000000
0.0000000055369 0.0000000000000
