-0.0000000000200 0.0000000000000
0.0000000000000 0.0000000000000
0.0000000000200 0.0000000000000
0.0000000003075 0.0000000000000
0.0000000003275 0.0006338985250
0.0000000004275 0.0018058038224
0.0000000005275 0.0032114551353
0.0000000006275 0.0043681453859
0.0000000007275 0.0055878778863
0.0000000008275 0.0067229073413
0.0000000009275 0.0076073418464
0.0000000010275 0.0080961561126
0.0000000011275 0.0081039885839
0.0000000012275 0.0076294975546
0.0000000013275 0.0067557358789
0.0000000014275 0.0056264009471
0.0000000015275 0.0044072826398
0.0000000016275 0.0032470836634
0.0000000017275 0.0017791465824
0.0000000018275 0.0005413531510
0.0000000019275 0.0000000000000
0.0000000019475 0.0000000000000
